     25
object000 0 238 362 330 322 370 293 424 475 515 602 512 492 416 505 487 520 513 535 630 603 270 650 510 671
object001 238 0 326 401 254 343 243 371 418 497 564 455 459 380 481 443 507 472 485 568 573 227 626 463 641
object002 362 326 0 537 425 180 222 531 561 655 417 622 607 514 627 592 627 619 613 723 714 237 484 324 761
object003 330 401 537 0 503 552 460 597 661 724 787 703 679 592 673 664 708 714 708 816 779 432 854 693 834
object004 322 254 425 503 0 431 346 341 369 337 651 426 401 342 420 390 303 318 437 523 506 325 709 576 570
object005 370 343 180 552 431 0 255 536 572 632 244 626 602 536 603 598 631 632 642 711 699 240 298 139 780
object006 293 243 222 460 346 255 0 435 488 556 466 545 512 435 531 497 558 550 529 646 601 132 518 373 683
object007 424 371 531 597 341 536 435 0 156 545 762 271 354 255 352 310 550 551 207 465 417 432 840 660 505
object008 475 418 561 661 369 572 488 156 0 593 777 327 370 276 390 352 605 579 61 507 482 492 837 709 540
object009 515 497 655 724 337 632 556 545 593 0 871 645 610 543 617 610 180 154 646 739 722 523 915 775 794
object010 602 564 417 787 651 244 466 762 777 871 0 868 810 759 834 815 865 856 842 949 940 462 239 165 1001
object011 512 455 622 703 426 626 545 271 327 645 868 0 428 339 430 408 642 655 379 565 544 532 920 764 604
object012 492 459 607 679 401 602 512 354 370 610 810 428 0 182 209 182 597 619 404 167 163 508 900 741 195
object013 416 380 514 592 342 536 435 255 276 543 759 339 182 0 203 187 518 516 342 314 306 412 803 623 365
object014 505 481 627 673 420 603 531 352 390 617 834 430 209 203 0 92 610 624 434 340 299 512 885 755 368
object015 487 443 592 664 390 598 497 310 352 610 815 408 182 187 92 0 606 596 409 311 284 464 881 711 355
object016 520 507 627 708 303 631 558 550 605 180 865 642 597 518 610 606 0 121 643 746 702 533 918 780 786
object017 513 472 619 714 318 632 550 551 579 154 856 655 619 516 624 596 121 0 628 742 723 546 931 756 809
object018 535 485 613 708 437 642 529 207 61 646 842 379 404 342 434 409 643 628 0 568 521 526 919 760 591
object019 630 568 723 816 523 711 646 465 507 739 949 565 167 314 340 311 746 742 568 0 124 612 999 867 185
object020 603 573 714 779 506 699 601 417 482 722 940 544 163 306 299 284 702 723 521 124 0 592 984 845 80
object021 270 227 237 432 325 240 132 432 492 523 462 532 508 412 512 464 533 546 526 612 592 0 529 374 674
object022 650 626 484 854 709 298 518 840 837 915 239 920 900 803 885 881 918 931 919 999 984 529 0 226 1065
object023 510 463 324 693 576 139 373 660 709 775 165 764 741 623 755 711 780 756 760 867 845 374 226 0 907
object024 671 641 761 834 570 780 683 505 540 794 1001 604 195 365 368 355 786 809 591 185 80 674 1065 907 0
