0 168 238 356 249 232 324 400 389 424 327 371 388 350 388 385 386 228 500 317 363 528 410 340 232
168 0 112 230 277 260 198 274 263 298 355 399 262 378 416 259 414 256 374 191 391 402 284 368 260
238 112 0 296 347 330 264 260 249 284 425 469 328 448 486 325 484 326 360 257 461 388 350 438 330
356 230 296 0 465 448 246 458 447 482 543 587 310 566 604 307 602 444 558 239 579 586 180 556 448
249 277 347 465 0 175 433 509 498 533 270 314 497 143 181 494 179 141 609 426 156 637 519 133 145
232 260 330 448 175 0 416 492 481 516 231 229 480 276 314 477 312 154 592 409 289 620 502 266 158
324 198 264 246 433 416 0 426 415 450 511 555 116 534 572 113 570 412 526 69 547 554 300 524 416
400 274 260 458 509 492 426 0 81 278 587 631 490 610 648 487 646 488 354 419 623 382 512 600 492
389 263 249 447 498 481 415 81 0 267 576 620 479 599 637 476 635 477 343 408 612 371 501 589 481
424 298 284 482 533 516 450 278 267 0 611 655 514 634 672 511 670 512 180 443 647 208 536 624 516
327 355 425 543 270 231 511 587 576 611 0 370 575 371 409 572 407 249 687 504 384 715 597 361 253
371 399 469 587 314 229 555 631 620 655 370 0 619 415 453 616 451 293 731 548 428 759 641 405 297
388 262 328 310 497 480 116 490 479 514 575 619 0 598 636 65 634 476 590 133 611 618 364 588 480
350 378 448 566 143 276 534 610 599 634 371 415 598 0 62 595 194 242 710 527 171 738 620 148 246
388 416 486 604 181 314 572 648 637 672 409 453 636 62 0 633 232 280 748 565 209 776 658 186 284
385 259 325 307 494 477 113 487 476 511 572 616 65 595 633 0 631 473 587 130 608 615 361 585 477
386 414 484 602 179 312 570 646 635 670 407 451 634 194 232 631 0 278 746 563 159 774 656 136 282
228 256 326 444 141 154 412 488 477 512 249 293 476 242 280 473 278 0 588 405 255 616 498 232 44
500 374 360 558 609 592 526 354 343 180 687 731 590 710 748 587 746 588 0 519 723 98 612 700 592
317 191 257 239 426 409 69 419 408 443 504 548 133 527 565 130 563 405 519 0 540 547 293 517 409
363 391 461 579 156 289 547 623 612 647 384 428 611 171 209 608 159 255 723 540 0 751 633 75 259
528 402 388 586 637 620 554 382 371 208 715 759 618 738 776 615 774 616 98 547 751 0 640 728 620
410 284 350 180 519 502 300 512 501 536 597 641 364 620 658 361 656 498 612 293 633 640 0 610 502
340 368 438 556 133 266 524 600 589 624 361 405 588 148 186 585 136 232 700 517 75 728 610 0 236
232 260 330 448 145 158 416 492 481 516 253 297 480 246 284 477 282 44 592 409 259 620 502 236 0
