0 251 397 179 336 393 381 523 472 419 563 483 462 469 546 585 517 449 495 476 584 377 595 463 574
251 0 272 364 167 268 256 354 303 250 438 314 293 300 377 416 348 280 326 307 415 252 470 338 405
397 272 0 510 357 102 220 544 493 440 272 504 483 490 567 606 538 470 516 497 605 216 304 172 595
179 364 510 0 449 506 494 636 585 532 676 596 575 582 659 698 630 562 608 589 697 490 708 576 687
336 167 357 449 0 353 341 287 236 171 523 247 226 233 310 349 269 201 259 240 348 337 555 423 338
393 268 102 506 353 0 216 540 489 436 180 500 479 486 563 602 534 466 512 493 601 212 212 80 591
381 256 220 494 341 216 0 528 477 424 386 488 467 474 551 590 522 454 500 481 589 190 418 286 579
523 354 544 636 287 540 528 0 143 370 710 242 271 278 355 394 468 400 166 285 393 524 742 610 383
472 303 493 585 236 489 477 143 0 319 659 191 220 227 304 343 417 349 71 234 342 473 691 559 332
419 250 440 532 171 436 424 370 319 0 606 330 309 316 393 432 136 68 342 323 431 420 638 506 421
563 438 272 676 523 180 386 710 659 606 0 670 649 656 733 772 704 636 682 663 771 382 220 192 761
483 314 504 596 247 500 488 242 191 330 670 0 231 238 315 354 428 360 214 245 353 484 702 570 343
462 293 483 575 226 479 467 271 220 309 649 231 0 73 110 149 407 339 243 20 128 463 681 549 118
469 300 490 582 233 486 474 278 227 316 656 238 73 0 157 196 414 346 250 87 195 470 688 556 185
546 377 567 659 310 563 551 355 304 393 733 315 110 157 0 125 491 423 327 124 232 547 765 633 222
585 416 606 698 349 602 590 394 343 432 772 354 149 196 125 0 530 462 366 163 271 586 804 672 261
517 348 538 630 269 534 522 468 417 136 704 428 407 414 491 530 0 80 440 421 529 518 736 604 519
449 280 470 562 201 466 454 400 349 68 636 360 339 346 423 462 80 0 372 353 461 450 668 536 451
495 326 516 608 259 512 500 166 71 342 682 214 243 250 327 366 440 372 0 257 365 496 714 582 355
476 307 497 589 240 493 481 285 234 323 663 245 20 87 124 163 421 353 257 0 140 477 695 563 130
584 415 605 697 348 601 589 393 342 431 771 353 128 195 232 271 529 461 365 140 0 585 803 671 172
377 252 216 490 337 212 190 524 473 420 382 484 463 470 547 586 518 450 496 477 585 0 414 282 575
595 470 304 708 555 212 418 742 691 638 220 702 681 688 765 804 736 668 714 695 803 414 0 224 793
463 338 172 576 423 80 286 610 559 506 192 570 549 556 633 672 604 536 582 563 671 282 224 0 661
574 405 595 687 338 591 579 383 332 421 761 343 118 185 222 261 519 451 355 130 172 575 793 661 0
