     25
object000 0 264 248 144 396 212 250 323 409 556 478 395 494 365 559 542 557 482 342 541 612 273 494 342 589
object001 264 0 279 268 297 241 278 185 274 444 474 282 405 269 456 433 451 375 197 437 477 286 517 346 469
object002 248 279 0 285 447 139 233 359 441 589 361 446 551 410 597 582 598 514 368 599 637 251 411 244 623
object003 144 268 285 0 454 277 288 358 455 577 505 449 543 402 581 580 587 523 362 608 636 317 536 365 629
object004 396 297 447 454 0 404 430 281 350 326 628 357 466 327 513 491 336 267 275 500 563 441 689 518 552
object005 212 241 139 277 404 0 205 327 403 548 271 407 503 371 566 558 536 494 323 563 596 195 291 119 594
object006 250 278 233 288 430 205 0 350 404 586 422 440 533 401 589 577 581 511 363 582 641 95 487 332 614
object007 323 185 359 358 281 327 350 0 159 398 565 212 346 231 438 401 433 352 84 433 449 352 605 424 457
object008 409 274 441 455 350 403 404 159 0 486 615 287 446 310 482 478 483 413 91 473 510 436 648 506 518
object009 556 444 589 577 326 548 586 398 486 0 785 489 573 449 670 631 210 133 422 636 690 574 805 651 667
object010 478 474 361 505 628 271 422 565 615 785 0 647 739 600 801 783 793 721 559 783 819 459 136 169 812
object011 395 282 446 449 357 407 440 212 287 489 647 0 440 315 511 482 507 446 216 490 551 448 676 514 523
object012 494 405 551 543 466 503 533 346 446 573 739 440 0 250 282 268 590 505 351 142 195 536 790 604 190
object013 365 269 410 402 327 371 401 231 310 449 600 315 250 0 317 292 460 383 235 299 334 392 638 472 329
object014 559 456 597 581 513 566 589 438 482 670 801 511 282 317 0 133 655 593 429 337 384 586 842 672 372
object015 542 433 582 580 491 558 577 401 478 631 783 482 268 292 133 0 652 595 399 302 355 603 800 655 345
object016 557 451 598 587 336 536 581 433 483 210 793 507 590 460 655 652 0 103 429 643 708 607 806 663 684
object017 482 375 514 523 267 494 511 352 413 133 721 446 505 383 593 595 103 0 352 579 630 511 751 595 610
object018 342 197 368 362 275 323 363 84 91 422 559 216 351 235 429 399 429 352 0 395 463 374 599 414 457
object019 541 437 599 608 500 563 582 433 473 636 783 490 142 299 337 302 643 579 395 0 63 592 817 649 39
object020 612 477 637 636 563 596 641 449 510 690 819 551 195 334 384 355 708 630 463 63 0 629 872 701 86
object021 273 286 251 317 441 195 95 352 436 574 459 448 536 392 586 603 607 511 374 592 629 0 491 303 639
object022 494 517 411 536 689 291 487 605 648 805 136 676 790 638 842 800 806 751 599 817 872 491 0 205 851
object023 342 346 244 365 518 119 332 424 506 651 169 514 604 472 672 655 663 595 414 649 701 303 205 0 698
object024 589 469 623 629 552 594 614 457 518 667 812 523 190 329 372 345 684 610 457 39 86 639 851 698 0
