     25
object000 0 221 240 332 395 346 469 410 505 393 461 377 388 200 558 438 356 371 418 595 608 363 544 388 446
object001 221 0 120 210 261 251 298 292 400 276 331 249 248 261 400 299 219 220 276 460 465 261 369 271 290
object002 240 120 0 91 318 145 333 329 294 175 386 288 292 274 440 212 118 254 320 500 535 145 435 171 321
object003 332 210 91 0 390 214 417 405 264 141 465 342 356 350 531 188 196 343 389 575 604 224 520 251 407
object004 395 261 318 390 0 435 307 289 563 465 136 178 171 435 420 492 429 174 208 444 480 425 201 470 310
object005 346 251 145 214 435 0 466 462 412 289 503 395 408 382 567 316 135 382 451 597 648 153 569 192 453
object006 469 298 333 417 307 466 0 218 611 494 382 266 274 486 218 539 464 265 320 224 267 476 437 492 216
object007 410 292 329 405 289 462 218 0 608 479 351 257 280 453 318 513 456 263 303 349 379 468 414 470 165
object008 505 400 294 264 563 412 611 608 0 187 643 533 552 533 724 217 401 539 574 736 761 394 692 414 594
object009 393 276 175 141 465 289 494 479 187 0 500 411 439 420 603 71 279 425 486 640 667 301 588 312 474
object010 461 331 386 465 136 503 382 351 643 500 0 216 239 501 453 554 488 224 273 519 552 505 95 526 355
object011 377 249 288 342 178 395 266 257 533 411 216 0 130 404 384 460 372 85 169 394 444 413 299 406 261
object012 388 248 292 356 171 408 274 280 552 439 239 130 0 420 389 468 407 129 174 421 456 401 298 427 276
object013 200 261 274 350 435 382 486 453 533 420 501 404 420 0 583 450 374 405 464 607 664 415 567 406 455
object014 558 400 440 531 420 567 218 318 724 603 453 384 389 583 0 637 557 375 428 182 232 587 555 606 317
object015 438 299 212 188 492 316 539 513 217 71 554 460 468 450 637 0 323 454 502 664 710 329 603 338 495
object016 356 219 118 196 429 135 464 456 401 279 488 372 407 374 557 323 0 395 421 578 652 20 550 127 460
object017 371 220 254 343 174 382 265 263 539 425 224 85 129 405 375 454 395 0 92 400 442 391 300 399 248
object018 418 276 320 389 208 451 320 303 574 486 273 169 174 464 428 502 421 92 0 458 479 449 328 450 319
object019 595 460 500 575 444 597 224 349 736 640 519 394 421 607 182 664 578 400 458 0 116 621 594 628 343
object020 608 465 535 604 480 648 267 379 761 667 552 444 456 664 232 710 652 442 479 116 0 633 605 669 377
object021 363 261 145 224 425 153 476 468 394 301 505 413 401 415 587 329 20 391 449 621 633 0 566 144 479
object022 544 369 435 520 201 569 437 414 692 588 95 299 298 567 555 603 550 300 328 594 605 566 0 581 432
object023 388 271 171 251 470 192 492 470 414 312 526 406 427 406 606 338 127 399 450 628 669 144 581 0 473
object024 446 290 321 407 310 453 216 165 594 474 355 261 276 455 317 495 460 248 319 343 377 479 432 473 0
