     25
object000 0 309 150 532 383 186 627 137 237 689 523 626 556 769 361 542 764 703 799 615 525 281 564 740 492
object001 309 0 282 241 325 314 328 242 202 371 242 330 247 492 319 253 469 413 491 298 249 234 251 438 172
object002 150 282 0 482 348 116 583 86 213 647 490 574 522 720 339 509 731 654 748 570 501 245 525 702 461
object003 532 241 482 0 572 505 385 480 415 458 244 403 219 530 533 200 535 473 555 362 189 448 243 500 208
object004 383 325 348 572 0 373 653 320 258 741 569 650 598 819 147 563 798 741 818 662 568 119 587 757 530
object005 186 314 116 505 373 0 626 66 213 674 507 627 542 766 358 536 751 699 765 600 522 280 550 733 498
object006 627 328 583 385 653 626 0 597 508 386 373 328 410 270 659 396 239 181 300 324 405 553 429 181 363
object007 137 242 86 480 320 66 597 0 211 630 466 575 499 728 317 493 711 643 749 570 491 247 522 697 450
object008 237 202 213 415 258 213 508 211 0 578 419 521 436 697 225 433 660 606 689 510 435 149 473 618 380
object009 689 371 647 458 741 674 386 630 578 0 457 85 463 537 693 453 528 470 553 179 440 607 486 516 421
object010 523 242 490 244 569 507 373 466 419 457 0 388 253 538 534 250 522 484 547 364 245 458 280 515 122
object011 626 330 574 403 650 627 328 575 521 85 388 0 428 470 637 409 478 401 484 119 396 539 440 446 369
object012 556 247 522 219 598 542 410 499 436 463 253 428 0 560 556 171 528 486 563 398 154 486 208 527 236
object013 769 492 720 530 819 766 270 728 697 537 538 470 560 0 797 551 422 358 110 460 558 712 572 386 498
object014 361 319 339 533 147 358 659 317 225 693 534 637 556 797 0 538 777 714 811 616 553 79 569 772 527
object015 542 253 509 200 563 536 396 493 433 453 250 409 171 551 538 0 544 481 569 376 165 444 142 502 218
object016 764 469 731 535 798 751 239 711 660 528 522 478 528 422 777 544 0 293 439 446 524 690 568 168 499
object017 703 413 654 473 741 699 181 643 606 470 484 401 486 358 714 481 293 0 390 391 492 620 497 274 450
object018 799 491 748 555 818 765 300 749 689 553 547 484 563 110 811 569 439 390 0 475 567 702 584 412 511
object019 615 298 570 362 662 600 324 570 510 179 364 119 398 460 616 376 446 391 475 0 380 535 417 431 354
object020 525 249 501 189 568 522 405 491 435 440 245 396 154 558 553 165 524 492 567 380 0 466 205 521 219
object021 281 234 245 448 119 280 553 247 149 607 458 539 486 712 79 444 690 620 702 535 466 0 485 668 439
object022 564 251 525 243 587 550 429 522 473 486 280 440 208 572 569 142 568 497 584 417 205 485 0 545 262
object023 740 438 702 500 757 733 181 697 618 516 515 446 527 386 772 502 168 274 412 431 521 668 545 0 481
object024 492 172 461 208 530 498 363 450 380 421 122 369 236 498 527 218 499 450 511 354 219 439 262 481 0
