0 310 153 530 386 183 630 141 246 691 528 624 553 776 365 537 765 710 791 613 538 278 564 742 501
310 0 271 232 342 301 332 259 202 393 230 326 255 478 321 239 467 412 493 315 240 234 266 444 203
153 271 0 491 347 120 591 78 207 652 489 585 514 737 326 498 726 671 752 574 499 239 525 703 462
530 232 491 0 562 521 392 479 422 453 240 386 217 538 541 201 527 472 553 375 202 454 228 504 213
386 342 347 562 0 377 662 335 244 723 560 656 585 808 161 569 797 742 823 645 570 116 596 774 533
183 301 120 521 377 0 621 52 237 682 519 615 544 767 356 528 756 701 782 604 529 269 555 733 492
630 332 591 392 662 621 0 579 522 393 390 326 415 280 641 399 215 160 295 315 400 554 426 192 363
141 259 78 479 335 52 579 0 195 640 477 573 502 725 314 486 714 659 740 562 487 227 513 691 450
246 202 207 422 244 237 522 195 0 583 420 516 445 668 223 429 657 602 683 505 430 136 456 634 393
691 393 652 453 723 682 393 640 583 0 451 97 476 539 702 460 528 473 554 186 461 615 487 505 424
528 230 489 240 560 519 390 477 420 451 0 384 263 536 539 247 525 470 551 373 248 452 274 502 123
624 326 585 386 656 615 326 573 516 97 384 0 409 472 635 393 461 406 487 119 394 548 420 438 357
553 255 514 217 585 544 415 502 445 476 263 409 0 561 564 194 550 495 576 398 149 477 221 527 236
776 478 737 538 808 767 280 725 668 539 536 472 561 0 787 545 415 360 117 461 546 700 572 392 509
365 321 326 541 161 356 641 314 223 702 539 635 564 787 0 548 776 721 802 624 549 95 575 753 512
537 239 498 201 569 528 399 486 429 460 247 393 194 545 548 0 534 479 560 382 179 461 137 511 220
765 467 726 527 797 756 215 714 657 528 525 461 550 415 776 534 0 293 430 450 535 689 561 163 498
710 412 671 472 742 701 160 659 602 473 470 406 495 360 721 479 293 0 375 395 480 634 506 270 443
791 493 752 553 823 782 295 740 683 554 551 487 576 117 802 560 430 375 0 476 561 715 587 407 524
613 315 574 375 645 604 315 562 505 186 373 119 398 461 624 382 450 395 476 0 383 537 409 427 346
538 240 499 202 570 529 400 487 430 461 248 394 149 546 549 179 535 480 561 383 0 462 206 512 221
278 234 239 454 116 269 554 227 136 615 452 548 477 700 95 461 689 634 715 537 462 0 488 666 425
564 266 525 228 596 555 426 513 456 487 274 420 221 572 575 137 561 506 587 409 206 488 0 538 247
742 444 703 504 774 733 192 691 634 505 502 438 527 392 753 511 163 270 407 427 512 666 538 0 475
501 203 462 213 533 492 363 450 393 424 123 357 236 509 512 220 498 443 524 346 221 425 247 475 0
