0 305 380 243 305 405 421 359 442 467 327 307 409 304 321
305 0 279 390 452 304 218 506 239 366 474 454 206 451 468
380 279 0 465 527 203 395 581 416 265 549 529 383 526 543
243 390 465 0 214 490 506 268 527 552 198 178 494 175 192
305 452 527 214 0 552 568 220 589 614 298 278 556 275 292
405 304 203 490 552 0 420 606 441 154 574 554 408 551 568
421 218 395 506 568 420 0 622 173 482 590 570 140 567 584
359 506 581 268 220 606 622 0 643 668 352 332 610 329 346
442 239 416 527 589 441 173 643 0 503 611 591 113 588 605
467 366 265 552 614 154 482 668 503 0 636 616 470 613 630
327 474 549 198 298 574 590 352 611 636 0 236 578 143 160
307 454 529 178 278 554 570 332 591 616 236 0 558 213 230
409 206 383 494 556 408 140 610 113 470 578 558 0 555 572
304 451 526 175 275 551 567 329 588 613 143 213 555 0 109
321 468 543 192 292 568 584 346 605 630 160 230 572 109 0
