     15
object000 0 356 454 218 351 438 341 331 439 508 352 298 492 334 376
object001 356 0 316 352 402 265 249 525 299 424 521 388 257 514 487
object002 454 316 0 537 393 146 336 595 482 238 547 511 397 510 572
object003 218 352 537 0 321 417 509 367 595 522 202 204 508 147 162
object004 351 402 393 321 0 543 552 269 547 637 288 316 550 333 314
object005 438 265 146 417 543 0 456 562 492 157 569 548 331 606 627
object006 341 249 336 509 552 456 0 614 242 495 529 431 187 465 518
object007 331 525 595 367 269 562 614 0 740 603 367 358 670 286 419
object008 439 299 482 595 547 492 242 740 0 541 699 528 234 630 494
object009 508 424 238 522 637 157 495 603 541 0 555 645 510 523 644
object010 352 521 547 202 288 569 529 367 699 555 0 206 604 171 121
object011 298 388 511 204 316 548 431 358 528 645 206 0 523 259 291
object012 492 257 397 508 550 331 187 670 234 510 604 523 0 569 633
object013 334 514 510 147 333 606 465 286 630 523 171 259 569 0 101
object014 376 487 572 162 314 627 518 419 494 644 121 291 633 101 0
