     15
object000 0 309 188 340 314 464 430 447 302 249 398 275 319 250 528
object001 309 0 158 414 525 121 156 540 297 215 415 511 484 560 159
object002 188 158 0 387 387 242 239 432 206 181 333 498 388 441 274
object003 340 414 387 0 158 491 521 310 503 529 173 166 360 250 506
object004 314 525 387 158 0 539 462 168 458 454 315 207 291 381 573
object005 464 121 242 491 539 0 139 523 354 269 493 439 476 648 249
object006 430 156 239 521 462 139 0 579 418 317 616 493 574 605 162
object007 447 540 432 310 168 523 579 0 578 434 313 320 393 301 662
object008 302 297 206 503 458 354 418 578 0 256 523 571 505 524 431
object009 249 215 181 529 454 269 317 434 256 0 372 459 521 625 415
object010 398 415 333 173 315 493 616 313 523 372 0 195 235 109 546
object011 275 511 498 166 207 439 493 320 571 459 195 0 102 261 585
object012 319 484 388 360 291 476 574 393 505 521 235 102 0 270 595
object013 250 560 441 250 381 648 605 301 524 625 109 261 270 0 595
object014 528 159 274 506 573 249 162 662 431 415 546 585 595 595 0
