     15
object000 0 64 173 335 307 401 336 181 144 393 129 392 253 156 491
object001 64 0 238 322 514 500 495 276 230 483 119 402 304 125 578
object002 173 238 0 194 194 285 256 248 69 318 136 323 283 183 310
object003 335 322 194 0 291 386 333 310 151 472 107 400 452 336 500
object004 307 514 194 291 0 105 219 450 275 239 347 292 515 420 311
object005 401 500 285 386 105 0 258 485 381 295 359 252 468 429 384
object006 336 495 256 333 219 258 0 468 370 307 325 246 530 485 138
object007 181 276 248 310 450 485 468 0 271 508 283 526 150 276 562
object008 144 230 69 151 275 381 370 271 0 331 197 248 426 339 301
object009 393 483 318 472 239 295 307 508 331 0 287 366 577 537 396
object010 129 119 136 107 347 359 325 283 197 287 0 455 285 337 434
object011 392 402 323 400 292 252 246 526 248 366 455 0 551 522 351
object012 253 304 283 452 515 468 530 150 426 577 285 551 0 383 575
object013 156 125 183 336 420 429 485 276 339 537 337 522 383 0 582
object014 491 578 310 500 311 384 138 562 301 396 434 351 575 582 0
