0 173 292 273 242 325 345 317 282 389 525 442 423 364 502
173 0 213 296 265 246 178 340 115 310 548 465 446 197 525
292 213 0 415 384 229 385 459 322 293 667 584 565 404 644
273 296 415 0 195 448 468 270 405 512 312 229 210 487 289
242 265 384 195 0 417 437 93 374 481 447 364 345 456 424
325 246 229 448 417 0 418 492 355 228 700 617 598 437 677
345 178 385 468 437 418 0 512 185 482 720 637 618 267 697
317 340 459 270 93 492 512 0 449 556 522 439 420 531 499
282 115 322 405 374 355 185 449 0 419 657 574 555 96 634
389 310 293 512 481 228 482 556 419 0 764 681 662 501 741
525 548 667 312 447 700 720 522 657 764 0 283 264 739 165
442 465 584 229 364 617 637 439 574 681 283 0 111 656 260
423 446 565 210 345 598 618 420 555 662 264 111 0 637 241
364 197 404 487 456 437 267 531 96 501 739 656 637 0 716
502 525 644 289 424 677 697 499 634 741 165 260 241 716 0
