     15
object000 0 428 510 375 183 551 550 134 215 557 350 344 388 526 457
object001 428 0 284 179 313 375 455 374 281 455 288 5 213 391 312
object002 510 284 0 165 385 271 275 359 395 212 289 186 208 296 199
object003 375 179 165 0 374 328 473 416 366 402 34 231 242 259 201
object004 183 313 385 374 0 556 533 155 218 505 453 292 529 560 389
object005 551 375 271 328 556 0 99 552 562 448 314 349 361 448 344
object006 550 455 275 473 533 99 0 507 566 371 397 444 349 553 323
object007 134 374 359 416 155 552 507 0 36 477 282 298 374 533 415
object008 215 281 395 366 218 562 566 36 0 522 378 258 421 435 461
object009 557 455 212 402 505 448 371 477 522 0 314 316 406 468 433
object010 350 288 289 34 453 314 397 282 378 314 0 326 108 276 261
object011 344 5 186 231 292 349 444 298 258 316 326 0 326 348 333
object012 388 213 208 242 529 361 349 374 421 406 108 326 0 218 204
object013 526 391 296 259 560 448 553 533 435 468 276 348 218 0 291
object014 457 312 199 201 389 344 323 415 461 433 261 333 204 291 0
