0 357 128 488 505 534 191 200 484 159 417 613 368 189 242
357 0 153 461 516 457 248 287 514 158 328 643 349 207 282
128 153 0 331 420 453 228 217 584 57 293 555 393 76 222
488 461 331 0 161 422 534 433 240 292 648 481 364 366 484
505 516 420 161 0 449 520 500 44 343 595 588 408 383 518
534 457 453 422 449 0 446 482 455 374 568 321 209 420 409
191 248 228 534 520 446 0 97 573 195 406 635 460 279 72
200 287 217 433 500 482 97 0 520 208 382 653 453 268 134
484 514 584 240 44 455 573 520 0 486 696 575 405 464 481
159 158 57 292 343 374 195 208 486 0 307 375 278 72 95
417 328 293 648 595 568 406 382 696 307 0 679 556 320 371
613 643 555 481 588 321 635 653 575 375 679 0 375 475 532
368 349 393 364 408 209 460 453 405 278 556 375 0 224 422
189 207 76 366 383 420 279 268 464 72 320 475 224 0 198
242 282 222 484 518 409 72 134 481 95 371 532 422 198 0
