0 239 324 225 426 396 284 87 329 335 224 383 252 175 577
239 0 485 313 439 492 359 351 475 462 294 388 422 153 687
324 485 0 139 437 378 411 270 193 346 113 507 340 341 641
225 313 139 0 449 391 335 287 244 388 142 420 343 342 585
426 439 437 449 0 205 278 354 548 107 453 290 461 360 435
396 492 378 391 205 0 285 246 468 109 435 450 600 433 450
284 359 411 335 278 285 0 497 510 165 344 231 521 353 271
87 351 270 287 354 246 497 0 404 413 352 541 124 252 605
329 475 193 244 548 468 510 404 0 354 222 673 517 337 611
335 462 346 388 107 109 165 413 354 0 458 266 511 329 354
224 294 113 142 453 435 344 352 222 458 0 424 435 271 681
383 388 507 420 290 450 231 541 673 266 424 0 644 437 392
252 422 340 343 461 600 521 124 517 511 435 644 0 288 719
175 153 341 342 360 433 353 252 337 329 271 437 288 0 647
577 687 641 585 435 450 271 605 611 354 681 392 719 647 0
