0 227 289 279 362 363 344 113 369 323 299 418 246 154 558
227 0 384 374 457 458 439 268 464 418 394 513 401 117 653
289 384 0 156 413 414 395 330 202 374 176 469 463 311 609
279 374 156 0 403 404 385 320 236 364 114 459 453 301 599
362 457 413 403 0 179 258 403 493 137 423 332 536 384 472
363 458 414 404 179 0 259 404 494 140 424 333 537 385 473
344 439 395 385 258 259 0 385 475 219 405 172 518 366 250
113 268 330 320 403 404 385 0 410 364 340 459 179 195 599
369 464 202 236 493 494 475 410 0 454 256 549 543 391 689
323 418 374 364 137 140 219 364 454 0 384 293 497 345 433
299 394 176 114 423 424 405 340 256 384 0 479 473 321 619
418 513 469 459 332 333 172 459 549 293 479 0 592 440 386
246 401 463 453 536 537 518 179 543 497 473 592 0 328 732
154 117 311 301 384 385 366 195 391 345 321 440 328 0 580
558 653 609 599 472 473 250 599 689 433 619 386 732 580 0
