0 233 224 154 156 288 502 241 487 409 330 348 387 521 380
233 0 78 352 332 156 423 443 301 269 576 592 605 255 610
224 78 0 174 342 31 249 444 268 196 488 584 463 265 506
154 352 174 0 113 455 532 250 446 509 251 295 302 648 182
156 332 342 113 0 471 525 146 448 461 190 133 219 628 194
288 156 31 455 471 0 428 480 332 207 517 631 586 430 471
502 423 249 532 525 428 0 646 300 310 588 863 767 316 709
241 443 444 250 146 480 646 0 586 559 347 286 356 604 357
487 301 268 446 448 332 300 586 0 351 670 582 693 108 669
409 269 196 509 461 207 310 559 351 0 561 659 627 514 667
330 576 488 251 190 517 588 347 670 561 0 162 216 632 188
348 592 584 295 133 631 863 286 582 659 162 0 164 789 293
387 605 463 302 219 586 767 356 693 627 216 164 0 820 329
521 255 265 648 628 430 316 604 108 514 632 789 820 0 732
380 610 506 182 194 471 709 357 669 667 188 293 329 732 0
