0 311 243 309 319 370 390 368 344 342 313 331 328 373 437
311 0 176 452 462 129 149 511 277 275 456 474 471 516 196
243 176 0 384 394 235 255 443 193 191 388 406 403 448 302
309 452 384 0 262 511 531 311 485 483 176 194 191 236 578
319 462 394 262 0 521 541 191 495 493 266 284 281 326 588
370 129 235 511 521 0 146 570 336 334 515 533 530 575 191
390 149 255 531 541 146 0 590 356 354 535 553 550 595 213
368 511 443 311 191 570 590 0 544 542 315 333 330 375 637
344 277 193 485 495 336 356 544 0 244 489 507 504 549 403
342 275 191 483 493 334 354 542 244 0 487 505 502 547 401
313 456 388 176 266 515 535 315 489 487 0 164 161 66 582
331 474 406 194 284 533 553 333 507 505 164 0 175 224 600
328 471 403 191 281 530 550 330 504 502 161 175 0 221 597
373 516 448 236 326 575 595 375 549 547 66 224 221 0 642
437 196 302 578 588 191 213 637 403 401 582 600 597 642 0
