0 326 126 239 233 216 287 119 208 385 217 87 223 32 134 55 177 124 269
326 0 345 375 238 388 409 280 425 198 346 288 424 292 373 229 -24 234 150
126 345 0 256 218 341 360 60 297 466 42 139 255 184 166 198 269 138 286
239 375 256 0 116 230 339 254 285 370 289 107 332 27 289 217 210 49 173
233 238 218 116 0 347 283 272 302 320 215 32 282 123 188 122 317 56 206
216 388 341 230 347 0 92 214 289 394 240 255 112 184 90 209 346 194 349
287 409 360 339 283 92 0 267 190 430 306 274 81 151 187 211 387 170 326
119 280 60 254 272 214 267 0 266 296 60 170 228 129 265 135 212 101 161
208 425 297 285 302 289 190 266 0 490 226 311 174 172 160 187 350 249 283
385 198 466 370 320 394 430 296 490 0 389 294 473 299 292 354 70 210 159
217 346 42 289 215 240 306 60 226 389 0 169 193 116 273 134 245 116 280
87 288 139 107 32 255 274 170 311 294 169 0 175 59 188 149 247 -22 165
223 424 255 332 282 112 81 228 174 473 193 175 0 97 39 104 232 142 261
32 292 184 27 123 184 151 129 172 299 116 59 97 0 39 -32 68 -10 213
134 373 166 289 188 90 187 265 160 292 273 188 39 39 0 48 221 117 303
55 229 198 217 122 209 211 135 187 354 134 149 104 -32 48 0 177 11 199
177 -24 269 210 317 346 387 212 350 70 245 247 232 68 221 177 0 21 74
124 234 138 49 56 194 170 101 249 210 116 -22 142 -10 117 11 21 0 160
269 150 286 173 206 349 326 161 283 159 280 165 261 213 303 199 74 160 0
