0 152 309 246 204 196 339 351 253 356 252 98 245 262 156 223 157 116 131
152 0 265 202 160 152 295 307 209 312 208 54 201 218 112 179 113 72 87
309 265 0 65 281 191 202 428 330 219 329 211 64 125 233 86 152 193 178
246 202 65 0 218 128 139 365 267 156 266 148 1 62 170 23 89 130 115
204 160 281 218 0 168 311 243 145 328 144 106 217 234 48 195 129 88 103
196 152 191 128 168 0 221 315 217 238 216 98 127 144 120 105 39 80 65
339 295 202 139 311 221 0 458 360 171 359 241 138 77 263 116 182 223 208
351 307 428 365 243 315 458 0 100 475 99 253 364 381 195 342 276 235 250
253 209 330 267 145 217 360 100 0 377 1 155 266 283 97 244 178 137 152
356 312 219 156 328 238 171 475 377 0 376 258 155 94 280 133 199 240 225
252 208 329 266 144 216 359 99 1 376 0 154 265 282 96 243 177 136 151
98 54 211 148 106 98 241 253 155 258 154 0 147 164 58 125 59 18 33
245 201 64 1 217 127 138 364 266 155 265 147 0 61 169 22 88 129 114
262 218 125 62 234 144 77 381 283 94 282 164 61 0 186 39 105 146 131
156 112 233 170 48 120 263 195 97 280 96 58 169 186 0 147 81 40 55
223 179 86 23 195 105 116 342 244 133 243 125 22 39 147 0 66 107 92
157 113 152 89 129 39 182 276 178 199 177 59 88 105 81 66 0 41 26
116 72 193 130 88 80 223 235 137 240 136 18 129 146 40 107 41 0 15
131 87 178 115 103 65 208 250 152 225 151 33 114 131 55 92 26 15 0
