0 132 105 195 261 327 177 183 285 322 100 97 77 70 304 122 264 178 124
132 0 83 173 253 319 155 175 277 314 78 75 55 62 296 114 256 170 116
105 83 0 100 226 292 88 148 250 287 5 8 28 35 269 87 229 143 89
195 173 100 0 316 382 178 238 340 377 95 98 118 125 359 177 319 233 179
261 253 226 316 0 232 298 200 190 227 221 218 198 191 209 139 169 83 137
327 319 292 382 232 0 364 266 84 41 287 284 264 257 23 205 63 149 203
177 155 88 178 298 364 0 220 322 359 83 80 100 107 341 159 301 215 161
183 175 148 238 200 266 220 0 224 261 143 140 120 113 243 61 203 117 63
285 277 250 340 190 84 322 224 0 79 245 242 222 215 61 163 21 107 161
322 314 287 377 227 41 359 261 79 0 282 279 259 252 18 200 58 144 198
100 78 5 95 221 287 83 143 245 282 0 3 23 30 264 82 224 138 84
97 75 8 98 218 284 80 140 242 279 3 0 20 27 261 79 221 135 81
77 55 28 118 198 264 100 120 222 259 23 20 0 7 241 59 201 115 61
70 62 35 125 191 257 107 113 215 252 30 27 7 0 234 52 194 108 54
304 296 269 359 209 23 341 243 61 18 264 261 241 234 0 182 40 126 180
122 114 87 177 139 205 159 61 163 200 82 79 59 52 182 0 142 56 2
264 256 229 319 169 63 301 203 21 58 224 221 201 194 40 142 0 86 140
178 170 143 233 83 149 215 117 107 144 138 135 115 108 126 56 86 0 54
124 116 89 179 137 203 161 63 161 198 84 81 61 54 180 2 140 54 0
