0 253 128 298 241 243 268 372 267 341 240 293 229 91 200 114 216 178 190
253 0 199 323 266 268 293 225 292 194 265 146 254 162 53 139 241 203 215
128 199 0 244 187 189 214 318 213 287 186 239 175 37 146 60 162 124 136
298 323 244 0 59 185 134 442 209 411 58 363 171 207 270 184 82 120 132
241 266 187 59 0 128 77 385 152 354 1 306 114 150 213 127 25 63 75
243 268 189 185 128 0 155 387 52 356 127 308 14 152 215 129 103 65 53
268 293 214 134 77 155 0 412 179 381 76 333 141 177 240 154 52 90 102
372 225 318 442 385 387 412 0 411 127 384 79 373 281 172 258 360 322 334
267 292 213 209 152 52 179 411 0 380 151 332 38 176 239 153 127 89 77
341 194 287 411 354 356 381 127 380 0 353 48 342 250 141 227 329 291 303
240 265 186 58 1 127 76 384 151 353 0 305 113 149 212 126 24 62 74
293 146 239 363 306 308 333 79 332 48 305 0 294 202 93 179 281 243 255
229 254 175 171 114 14 141 373 38 342 113 294 0 138 201 115 89 51 39
91 162 37 207 150 152 177 281 176 250 149 202 138 0 109 23 125 87 99
200 53 146 270 213 215 240 172 239 141 212 93 201 109 0 86 188 150 162
114 139 60 184 127 129 154 258 153 227 126 179 115 23 86 0 102 64 76
216 241 162 82 25 103 52 360 127 329 24 281 89 125 188 102 0 38 50
178 203 124 120 63 65 90 322 89 291 62 243 51 87 150 64 38 0 12
190 215 136 132 75 53 102 334 77 303 74 255 39 99 162 76 50 12 0
