0 304 299 178 268 284 235 374 325 130 287 256 214 198 148 88 188 46 109
304 0 91 390 480 212 447 586 537 342 499 48 426 410 360 300 116 258 195
299 91 0 385 475 207 442 581 532 337 494 43 421 405 355 295 111 253 190
178 390 385 0 150 370 117 256 207 132 169 342 96 80 30 90 274 132 195
268 480 475 150 0 460 75 246 197 222 159 432 54 70 120 180 364 222 285
284 212 207 370 460 0 427 566 517 322 479 164 406 390 340 280 96 238 175
235 447 442 117 75 427 0 213 164 189 126 399 21 37 87 147 331 189 252
374 586 581 256 246 566 213 0 125 328 87 538 192 176 226 286 470 328 391
325 537 532 207 197 517 164 125 0 279 38 489 143 127 177 237 421 279 342
130 342 337 132 222 322 189 328 279 0 241 294 168 152 102 42 226 84 147
287 499 494 169 159 479 126 87 38 241 0 451 105 89 139 199 383 241 304
256 48 43 342 432 164 399 538 489 294 451 0 378 362 312 252 68 210 147
214 426 421 96 54 406 21 192 143 168 105 378 0 16 66 126 310 168 231
198 410 405 80 70 390 37 176 127 152 89 362 16 0 50 110 294 152 215
148 360 355 30 120 340 87 226 177 102 139 312 66 50 0 60 244 102 165
88 300 295 90 180 280 147 286 237 42 199 252 126 110 60 0 184 42 105
188 116 111 274 364 96 331 470 421 226 383 68 310 294 244 184 0 142 79
46 258 253 132 222 238 189 328 279 84 241 210 168 152 102 42 142 0 63
109 195 190 195 285 175 252 391 342 147 304 147 231 215 165 105 79 63 0
