0 112 239 296 299 37 341 227 240 352 256 228 19 240 99 207 188 160 115
112 0 153 210 213 111 255 141 154 266 170 142 93 154 13 121 102 74 29
239 153 0 215 218 238 260 146 23 271 175 11 220 159 140 126 107 79 124
296 210 215 0 115 295 261 147 216 272 176 204 277 56 197 127 108 136 181
299 213 218 115 0 298 264 150 219 275 179 207 280 59 200 130 111 139 184
37 111 238 295 298 0 340 226 239 351 255 227 18 239 98 206 187 159 114
341 255 260 261 264 340 0 154 261 181 85 249 322 205 242 134 153 181 226
227 141 146 147 150 226 154 0 147 165 69 135 208 91 128 20 39 67 112
240 154 23 216 219 239 261 147 0 272 176 12 221 160 141 127 108 80 125
352 266 271 272 275 351 181 165 272 0 96 260 333 216 253 145 164 192 237
256 170 175 176 179 255 85 69 176 96 0 164 237 120 157 49 68 96 141
228 142 11 204 207 227 249 135 12 260 164 0 209 148 129 115 96 68 113
19 93 220 277 280 18 322 208 221 333 237 209 0 221 80 188 169 141 96
240 154 159 56 59 239 205 91 160 216 120 148 221 0 141 71 52 80 125
99 13 140 197 200 98 242 128 141 253 157 129 80 141 0 108 89 61 16
207 121 126 127 130 206 134 20 127 145 49 115 188 71 108 0 19 47 92
188 102 107 108 111 187 153 39 108 164 68 96 169 52 89 19 0 28 73
160 74 79 136 139 159 181 67 80 192 96 68 141 80 61 47 28 0 45
115 29 124 181 184 114 226 112 125 237 141 113 96 125 16 92 73 45 0
