0 273 361 210 336 278 350 405 204 404 359 276 320 177 265 238 129 118 5
273 0 170 168 200 236 168 262 392 83 86 190 96 -1 186 138 176 297 272
361 170 0 60 382 362 412 242 429 330 78 238 200 145 305 209 199 204 318
210 168 60 0 355 279 110 185 257 191 27 211 131 199 236 103 167 277 285
336 200 382 355 0 131 318 329 264 326 278 306 351 301 -12 250 136 193 117
278 236 362 279 131 0 409 311 269 377 255 298 175 325 39 219 228 149 225
350 168 412 110 318 409 0 137 386 142 116 99 31 109 282 118 188 336 318
405 262 242 185 329 311 137 0 430 134 189 46 6 106 365 235 174 333 200
204 392 429 257 264 269 386 430 0 377 297 383 416 332 248 331 119 138 199
404 83 330 191 326 377 142 134 377 0 228 113 125 182 325 130 317 399 291
359 86 78 27 278 255 116 189 297 228 0 205 99 156 227 128 100 325 301
276 190 238 211 306 298 99 46 383 113 205 0 41 69 213 2 157 327 188
320 96 200 131 351 175 31 6 416 125 99 41 0 52 197 -12 86 308 151
177 -1 145 199 301 325 109 106 332 182 156 69 52 0 196 6 139 184 203
265 186 305 236 -12 39 282 365 248 325 227 213 197 196 0 184 80 116 177
238 138 209 103 250 219 118 235 331 130 128 2 -12 6 184 0 42 222 167
129 176 199 167 136 228 188 174 119 317 100 157 86 139 80 42 0 47 -33
118 297 204 277 193 149 336 333 138 399 325 327 308 184 116 222 47 0 -1
5 272 318 285 117 225 318 200 199 291 301 188 151 203 177 167 -33 -1 0
