0 229 299 211 149 165 246 370 296 330 216 294 66 278 170 91 136 142 216
229 0 188 258 196 262 135 417 343 377 105 341 163 325 59 138 183 189 263
299 188 0 328 266 332 113 487 413 447 83 411 233 395 129 208 253 259 333
211 258 328 0 88 244 275 297 223 257 245 221 145 205 199 120 75 69 143
149 196 266 88 0 182 213 247 173 207 183 171 83 155 137 58 13 19 93
165 262 332 244 182 0 279 403 329 363 249 327 99 311 203 124 169 175 249
246 135 113 275 213 279 0 434 360 394 30 358 180 342 76 155 200 206 280
370 417 487 297 247 403 434 0 110 112 404 76 304 92 358 279 234 228 154
296 343 413 223 173 329 360 110 0 70 330 34 230 18 284 205 160 154 80
330 377 447 257 207 363 394 112 70 0 364 36 264 52 318 239 194 188 114
216 105 83 245 183 249 30 404 330 364 0 328 150 312 46 125 170 176 250
294 341 411 221 171 327 358 76 34 36 328 0 228 16 282 203 158 152 78
66 163 233 145 83 99 180 304 230 264 150 228 0 212 104 25 70 76 150
278 325 395 205 155 311 342 92 18 52 312 16 212 0 266 187 142 136 62
170 59 129 199 137 203 76 358 284 318 46 282 104 266 0 79 124 130 204
91 138 208 120 58 124 155 279 205 239 125 203 25 187 79 0 45 51 125
136 183 253 75 13 169 200 234 160 194 170 158 70 142 124 45 0 6 80
142 189 259 69 19 175 206 228 154 188 176 152 76 136 130 51 6 0 74
216 263 333 143 93 249 280 154 80 114 250 78 150 62 204 125 80 74 0
