0 327 342 156 20 183 375 159 347 347 103 386 33 60 329 270 21 169 184
327 0 161 501 399 318 193 503 294 63 384 63 303 325 -24 72 244 145 212
342 161 0 530 282 236 152 517 43 207 348 47 270 286 214 164 198 145 252
156 501 530 0 255 360 382 141 501 519 24 440 231 238 374 361 169 214 219
20 399 282 255 0 239 270 250 312 431 168 264 188 88 355 285 136 213 77
183 318 236 360 239 0 249 302 402 389 215 332 166 68 347 202 113 215 182
375 193 152 382 270 249 0 448 261 165 358 150 331 273 50 53 192 24 46
159 503 517 141 250 302 448 0 538 509 96 405 223 244 489 400 265 335 241
347 294 43 501 312 402 261 538 0 302 514 121 283 300 279 232 275 174 244
347 63 207 519 431 389 165 509 302 0 471 303 297 418 120 106 332 200 207
103 384 348 24 168 215 358 96 514 471 0 349 93 129 326 388 69 211 166
386 63 47 440 264 332 150 405 121 303 349 0 325 174 185 167 337 25 255
33 303 270 231 188 166 331 223 283 297 93 325 0 -11 230 232 41 168 83
60 325 286 238 88 68 273 244 300 418 129 174 -11 0 271 249 5 188 52
329 -24 214 374 355 347 50 489 279 120 326 185 230 271 0 80 157 -13 150
270 72 164 361 285 202 53 400 232 106 388 167 232 249 80 0 136 8 81
21 244 198 169 136 113 192 265 275 332 69 337 41 5 157 136 0 177 -68
169 145 145 214 213 215 24 335 174 200 211 25 168 188 -13 8 177 0 71
184 212 252 219 77 182 46 241 244 207 166 255 83 52 150 81 -68 71 0
