0 173 175 249 310 239 385 163 154 385 -22 100 389 197 324 125 125 105 288
173 0 242 225 332 446 485 230 125 380 31 54 327 196 307 224 95 177 273
175 242 0 142 115 213 388 39 156 360 63 -18 358 34 251 97 20 75 245
249 225 142 0 166 423 400 189 146 391 301 -15 324 133 297 136 196 223 247
310 332 115 166 0 367 400 218 195 383 197 73 372 201 277 49 209 207 210
239 446 213 423 367 0 164 312 177 182 298 219 134 304 5 277 258 151 163
385 485 388 400 400 164 0 408 302 154 288 375 45 385 162 274 280 291 174
163 230 39 189 218 312 408 0 169 395 184 44 380 33 251 58 154 95 185
154 125 156 146 195 177 302 169 0 229 124 133 316 30 151 90 67 -3 -59
385 380 360 391 383 182 154 395 229 0 291 369 82 282 141 388 390 184 267
-22 31 63 301 197 298 288 184 124 291 0 153 405 57 275 53 -21 87 189
100 54 -18 -15 73 219 375 44 133 369 153 0 327 67 260 46 61 101 213
389 327 358 324 372 134 45 380 316 82 405 327 0 328 33 333 316 197 102
197 196 34 133 201 304 385 33 30 282 57 67 328 0 276 60 56 61 205
324 307 251 297 277 5 162 251 151 141 275 260 33 276 0 149 264 175 75
125 224 97 136 49 277 274 58 90 388 53 46 333 60 149 0 76 28 87
125 95 20 196 209 258 280 154 67 390 -21 61 316 56 264 76 0 5 103
105 177 75 223 207 151 291 95 -3 184 87 101 197 61 175 28 5 0 98
288 273 245 247 210 163 174 185 -59 267 189 213 102 205 75 87 103 98 0
