0 118 191 133 106 250 270 237 192 281 98 186 172 177 170 116 23 92 144
118 0 125 205 178 136 156 171 126 215 170 120 106 63 104 2 95 26 78
191 125 0 278 251 257 277 88 39 128 243 33 19 184 21 123 168 99 47
133 205 278 0 43 337 357 324 279 368 35 273 259 264 257 203 110 179 231
106 178 251 43 0 310 330 297 252 341 8 246 232 237 230 176 83 152 204
250 136 257 337 310 0 166 303 258 347 302 252 238 73 236 134 227 158 210
270 156 277 357 330 166 0 323 278 367 322 272 258 93 256 154 247 178 230
237 171 88 324 297 303 323 0 89 178 289 83 69 230 67 169 214 145 93
192 126 39 279 252 258 278 89 0 101 244 6 20 185 22 124 169 100 48
281 215 128 368 341 347 367 178 101 0 333 95 109 274 111 213 258 189 137
98 170 243 35 8 302 322 289 244 333 0 238 224 229 222 168 75 144 196
186 120 33 273 246 252 272 83 6 95 238 0 14 179 16 118 163 94 42
172 106 19 259 232 238 258 69 20 109 224 14 0 165 2 104 149 80 28
177 63 184 264 237 73 93 230 185 274 229 179 165 0 163 61 154 85 137
170 104 21 257 230 236 256 67 22 111 222 16 2 163 0 102 147 78 26
116 2 123 203 176 134 154 169 124 213 168 118 104 61 102 0 93 24 76
23 95 168 110 83 227 247 214 169 258 75 163 149 154 147 93 0 69 121
92 26 99 179 152 158 178 145 100 189 144 94 80 85 78 24 69 0 52
144 78 47 231 204 210 230 93 48 137 196 42 28 137 26 76 121 52 0
