0 257 371 251 119 134 185 303 249 423 213 278 125 286 87 150 187 64 187
257 0 183 247 198 317 146 470 234 338 218 390 228 320 70 224 221 131 203
371 183 0 302 293 313 110 561 412 359 48 359 263 273 59 161 263 340 301
251 247 302 0 79 244 287 273 196 252 230 253 207 264 244 177 148 31 134
119 198 293 79 0 178 185 305 129 214 133 141 -3 174 148 85 -45 -52 108
134 317 313 244 178 0 364 388 363 294 212 264 135 300 231 87 130 195 277
185 146 110 287 185 364 0 453 465 365 33 347 148 390 30 113 162 251 321
303 470 561 273 305 388 453 0 104 79 439 103 322 145 382 312 248 260 179
249 234 412 196 129 363 465 104 0 88 281 52 267 -29 248 221 145 100 125
423 338 359 252 214 294 365 79 88 0 262 9 361 83 323 265 193 217 94
213 218 48 230 133 212 33 439 281 262 0 349 208 241 25 142 155 271 250
278 390 359 253 141 264 347 103 52 9 349 0 282 13 256 92 219 151 140
125 228 263 207 -3 135 148 322 267 361 208 282 0 260 163 25 17 142 203
286 320 273 264 174 300 390 145 -29 83 241 13 260 0 169 146 188 111 70
87 70 59 244 148 231 30 382 248 323 25 256 163 169 0 74 98 183 274
150 224 161 177 85 87 113 312 221 265 142 92 25 146 74 0 81 115 142
187 221 263 148 -45 130 162 248 145 193 155 219 17 188 98 81 0 29 33
64 131 340 31 -52 195 251 260 100 217 271 151 142 111 183 115 29 0 145
187 203 301 134 108 277 321 179 125 94 250 140 203 70 274 142 33 145 0
