0 392 110 388 338 355 217 378 311 277 80 293 198 178 298 226 251 324 314
392 0 342 184 374 245 253 268 347 217 312 329 234 214 94 166 141 214 204
110 342 0 338 288 305 167 328 261 227 30 243 148 128 248 176 201 274 264
388 184 338 0 370 241 249 264 343 213 308 325 230 210 90 162 137 210 200
338 374 288 370 0 337 159 360 63 259 258 45 140 160 280 208 233 306 296
355 245 305 241 337 0 216 85 310 180 275 292 197 177 151 129 104 31 41
217 253 167 249 159 216 0 239 132 138 137 114 19 39 159 87 112 185 175
378 268 328 264 360 85 239 0 333 203 298 315 220 200 174 152 127 54 64
311 347 261 343 63 310 132 333 0 232 231 18 113 133 253 181 206 279 269
277 217 227 213 259 180 138 203 232 0 197 214 119 99 123 51 76 149 139
80 312 30 308 258 275 137 298 231 197 0 213 118 98 218 146 171 244 234
293 329 243 325 45 292 114 315 18 214 213 0 95 115 235 163 188 261 251
198 234 148 230 140 197 19 220 113 119 118 95 0 20 140 68 93 166 156
178 214 128 210 160 177 39 200 133 99 98 115 20 0 120 48 73 146 136
298 94 248 90 280 151 159 174 253 123 218 235 140 120 0 72 47 120 110
226 166 176 162 208 129 87 152 181 51 146 163 68 48 72 0 25 98 88
251 141 201 137 233 104 112 127 206 76 171 188 93 73 47 25 0 73 63
324 214 274 210 306 31 185 54 279 149 244 261 166 146 120 98 73 0 10
314 204 264 200 296 41 175 64 269 139 234 251 156 136 110 88 63 10 0
