0 325 142 329 159 191 142 365 57 121 320 131 268 36 95 116 98 110 202
325 0 277 14 264 320 277 154 310 250 5 266 57 289 230 245 227 215 123
142 277 0 281 111 143 22 317 127 73 272 11 220 106 47 68 50 62 154
329 14 281 0 268 324 281 158 314 254 9 270 61 293 234 249 231 219 127
159 264 111 268 0 154 111 304 144 84 259 100 207 123 64 79 61 49 141
191 320 143 324 154 0 143 360 176 80 315 132 263 155 96 75 93 105 197
142 277 22 281 111 143 0 317 127 73 272 11 220 106 47 68 50 62 154
365 154 317 158 304 360 317 0 350 290 149 306 97 329 270 285 267 255 163
57 310 127 314 144 176 127 350 0 106 305 116 253 21 80 101 83 95 187
121 250 73 254 84 80 73 290 106 0 245 62 193 85 26 5 23 35 127
320 5 272 9 259 315 272 149 305 245 0 261 52 284 225 240 222 210 118
131 266 11 270 100 132 11 306 116 62 261 0 209 95 36 57 39 51 143
268 57 220 61 207 263 220 97 253 193 52 209 0 232 173 188 170 158 66
36 289 106 293 123 155 106 329 21 85 284 95 232 0 59 80 62 74 166
95 230 47 234 64 96 47 270 80 26 225 36 173 59 0 21 3 15 107
116 245 68 249 79 75 68 285 101 5 240 57 188 80 21 0 18 30 122
98 227 50 231 61 93 50 267 83 23 222 39 170 62 3 18 0 12 104
110 215 62 219 49 105 62 255 95 35 210 51 158 74 15 30 12 0 92
202 123 154 127 141 197 154 163 187 127 118 143 66 166 107 122 104 92 0
