     19
object000 0 60 343 258 204 269 257 240 107 148 142 135 53 282 109 108 -31 78 35
object001 60 0 319 317 228 215 281 251 239 301 249 282 85 359 180 185 192 69 72
object002 343 319 0 220 127 147 138 132 354 277 139 138 222 189 348 180 194 370 228
object003 258 317 220 0 228 155 149 159 250 356 111 131 141 118 346 142 238 329 266
object004 204 228 127 228 0 43 133 119 282 221 28 130 141 65 139 29 156 116 154
object005 269 215 147 155 43 0 32 69 175 175 135 -14 5 48 233 70 172 140 132
object006 257 281 138 149 133 32 0 96 322 197 198 56 -14 -35 165 70 143 262 232
object007 240 251 132 159 119 69 96 0 246 254 69 -32 118 0 106 66 206 169 178
object008 107 239 354 250 282 175 322 246 0 62 276 188 218 206 38 131 40 307 224
object009 148 301 277 356 221 175 197 254 62 0 377 298 216 109 40 207 179 195 217
object010 142 249 139 111 28 135 198 69 276 377 0 69 80 8 243 93 96 282 223
object011 135 282 138 131 130 -14 56 -32 188 298 69 0 53 34 180 70 71 221 183
object012 53 85 222 141 141 5 -14 118 218 216 80 53 0 56 160 103 126 185 120
object013 282 359 189 118 65 48 -35 0 206 109 8 34 56 0 147 80 111 121 115
object014 109 180 348 346 139 233 165 106 38 40 243 180 160 147 0 134 26 128 175
object015 108 185 180 142 29 70 70 66 131 207 93 70 103 80 134 0 31 123 80
object016 -31 192 194 238 156 172 143 206 40 179 96 71 126 111 26 31 0 103 33
object017 78 69 370 329 116 140 262 169 307 195 282 221 185 121 128 123 103 0 101
object018 35 72 228 266 154 132 232 178 224 217 223 183 120 115 175 80 33 101 0
