0 99 274 301 222 163 352 338 266 331 221 96 216 265 78 339 140 103 44
99 0 389 220 164 221 345 238 133 292 195 -102 207 139 96 212 63 178 228
274 389 0 105 294 151 229 429 332 190 380 211 51 204 334 82 11 230 167
301 220 105 0 257 138 156 350 354 217 197 184 -61 137 139 47 187 180 151
222 164 294 257 0 154 307 184 52 309 56 34 291 205 78 271 103 79 150
163 221 151 138 154 0 238 292 259 203 254 32 20 81 147 168 11 42 80
352 345 229 156 307 238 0 414 200 200 331 219 204 35 196 93 228 205 234
338 238 429 350 184 292 414 0 -49 473 109 300 314 374 234 430 319 201 217
266 133 332 354 52 259 200 -49 0 380 2 126 266 287 126 156 222 89 141
331 292 190 217 309 203 200 473 380 0 380 223 108 110 305 134 219 163 153
221 195 380 197 56 254 331 109 2 380 0 201 250 321 62 322 194 175 85
96 -102 211 184 34 32 219 300 126 223 201 0 138 121 92 142 58 51 -14
216 207 51 -61 291 20 204 314 266 108 250 138 0 63 152 4 69 171 90
265 139 204 137 205 81 35 374 287 110 321 121 63 0 136 38 124 125 174
78 96 334 139 78 147 196 234 126 305 62 92 152 136 0 177 93 -63 11
339 212 82 47 271 168 93 430 156 134 322 142 4 38 177 0 86 150 124
140 63 11 187 103 11 228 319 222 219 194 58 69 124 93 86 0 19 41
103 178 230 180 79 42 205 201 89 163 175 51 171 125 -63 150 19 0 72
44 228 167 151 150 80 234 217 141 153 85 -14 90 174 11 124 41 72 0
