0 190 326 237 329 155 222 276 160 278 201 199 128 119 237 7 124 202 154
190 0 373 29 461 287 345 315 274 233 429 311 250 253 -21 81 86 235 145
326 373 0 545 197 282 270 542 303 456 38 212 172 221 424 217 328 484 374
237 29 545 0 424 394 355 297 414 410 371 285 334 277 92 184 111 275 368
329 461 197 424 0 218 222 452 284 529 48 257 111 211 399 317 316 471 454
155 287 282 394 218 0 28 416 62 400 227 92 68 32 245 127 221 317 311
222 345 270 355 222 28 0 315 117 344 155 0 48 87 250 95 202 318 252
276 315 542 297 452 416 315 0 342 172 374 213 311 243 169 127 111 -18 66
160 274 303 414 284 62 117 342 0 375 109 -13 128 20 315 102 163 281 282
278 233 456 410 529 400 344 172 375 0 346 398 304 335 273 159 238 21 66
201 429 38 371 48 227 155 374 109 346 0 279 193 54 312 153 253 406 458
199 311 212 285 257 92 0 213 -13 398 279 0 -1 -36 297 89 74 198 346
128 250 172 334 111 68 48 311 128 304 193 -1 0 -8 209 111 224 227 243
119 253 221 277 211 32 87 243 20 335 54 -36 -8 0 217 79 114 355 247
237 -21 424 92 399 245 250 169 315 273 312 297 209 217 0 132 179 276 238
7 81 217 184 317 127 95 127 102 159 153 89 111 79 132 0 88 214 187
124 86 328 111 316 221 202 111 163 238 253 74 224 114 179 88 0 145 169
202 235 484 275 471 317 318 -18 281 21 406 198 227 355 276 214 145 0 -20
154 145 374 368 454 311 252 66 282 66 458 346 243 247 238 187 169 -20 0
