0 308 140 403 242 411 280 266 486 259 203 392 51 183 345 141 250 196 199
308 0 346 211 268 219 306 292 294 175 229 200 257 209 153 167 58 112 109
140 346 0 441 280 449 318 304 524 297 241 430 89 221 383 179 288 234 237
403 211 441 0 363 124 401 387 105 270 324 11 352 304 58 262 153 207 204
242 268 280 363 0 371 156 102 446 219 39 352 191 59 305 101 210 156 159
411 219 449 124 371 0 409 395 207 278 332 113 360 312 66 270 161 215 212
280 306 318 401 156 409 0 180 484 257 117 390 229 97 343 139 248 194 197
266 292 304 387 102 395 180 0 470 243 63 376 215 83 329 125 234 180 183
486 294 524 105 446 207 484 470 0 353 407 94 435 387 141 345 236 290 287
259 175 297 270 219 278 257 243 353 0 180 259 208 160 212 118 117 63 66
203 229 241 324 39 332 117 63 407 180 0 313 152 20 266 62 171 117 120
392 200 430 11 352 113 390 376 94 259 313 0 341 293 47 251 142 196 193
51 257 89 352 191 360 229 215 435 208 152 341 0 132 294 90 199 145 148
183 209 221 304 59 312 97 83 387 160 20 293 132 0 246 42 151 97 100
345 153 383 58 305 66 343 329 141 212 266 47 294 246 0 204 95 149 146
141 167 179 262 101 270 139 125 345 118 62 251 90 42 204 0 109 55 58
250 58 288 153 210 161 248 234 236 117 171 142 199 151 95 109 0 54 51
196 112 234 207 156 215 194 180 290 63 117 196 145 97 149 55 54 0 3
199 109 237 204 159 212 197 183 287 66 120 193 148 100 146 58 51 3 0
