0 50 117 140 241 88 187 96 210 99 178 34 103 42 46 36 -58 -26 0
50 0 161 221 234 143 295 94 307 102 206 134 -14 135 92 139 20 114 51
117 161 0 227 292 101 256 224 190 43 225 47 66 211 135 247 90 143 125
140 221 227 0 140 164 194 209 250 155 174 216 178 71 228 211 188 175 95
241 234 292 140 0 152 221 320 265 55 195 198 253 73 117 91 189 171 178
88 143 101 164 152 0 219 58 185 142 194 55 -44 89 34 192 88 83 -76
187 295 256 194 221 219 0 264 77 163 46 233 154 212 46 234 246 180 139
96 94 224 209 320 58 264 0 196 193 221 22 51 224 108 104 12 66 75
210 307 190 250 265 185 77 196 0 115 72 90 171 226 97 103 188 248 171
99 102 43 155 55 142 163 193 115 0 240 125 78 109 -30 -16 37 50 5
178 206 225 174 195 194 46 221 72 240 0 253 173 79 88 11 99 98 147
34 134 47 216 198 55 233 22 90 125 253 0 -75 7 -21 -4 -6 -58 -8
103 -14 66 178 253 -44 154 51 171 78 173 -75 0 191 63 50 55 11 36
42 135 211 71 73 89 212 224 226 109 79 7 191 0 78 23 9 -22 133
46 92 135 228 117 34 46 108 97 -30 88 -21 63 78 0 -84 -48 31 58
36 139 247 211 91 192 234 104 103 -16 11 -4 50 23 -84 0 36 -3 68
-58 20 90 188 189 88 246 12 188 37 99 -6 55 9 -48 36 0 97 39
-26 114 143 175 171 83 180 66 248 50 98 -58 11 -22 31 -3 97 0 14
0 51 125 95 178 -76 139 75 171 5 147 -8 36 133 58 68 39 14 0
