0 181 371 275 379 315 228 284 254 260 285 276 255 193 192 158 162 72 140
181 0 236 140 244 180 265 149 291 297 150 141 120 58 229 23 199 109 177
371 236 0 260 198 134 455 269 481 487 104 95 240 178 419 213 389 299 367
275 140 260 0 268 204 359 49 385 391 174 165 20 82 323 117 293 203 271
379 244 198 268 0 124 463 277 489 495 94 103 248 186 427 221 397 307 375
315 180 134 204 124 0 399 213 425 431 30 39 184 122 363 157 333 243 311
228 265 455 359 463 399 0 368 158 164 369 360 339 277 96 242 66 156 88
284 149 269 49 277 213 368 0 394 400 183 174 29 91 332 126 302 212 280
254 291 481 385 489 425 158 394 0 130 395 386 365 303 62 268 92 182 114
260 297 487 391 495 431 164 400 130 0 401 392 371 309 68 274 98 188 120
285 150 104 174 94 30 369 183 395 401 0 9 154 92 333 127 303 213 281
276 141 95 165 103 39 360 174 386 392 9 0 145 83 324 118 294 204 272
255 120 240 20 248 184 339 29 365 371 154 145 0 62 303 97 273 183 251
193 58 178 82 186 122 277 91 303 309 92 83 62 0 241 35 211 121 189
192 229 419 323 427 363 96 332 62 68 333 324 303 241 0 206 30 120 52
158 23 213 117 221 157 242 126 268 274 127 118 97 35 206 0 176 86 154
162 199 389 293 397 333 66 302 92 98 303 294 273 211 30 176 0 90 22
72 109 299 203 307 243 156 212 182 188 213 204 183 121 120 86 90 0 68
140 177 367 271 375 311 88 280 114 120 281 272 251 189 52 154 22 68 0
