0 264 87 367 162 300 134 247 165 154 89 276 233 156 99 80 25 82 83
264 0 301 165 262 98 234 199 379 368 303 74 31 108 199 294 239 182 181
87 301 0 404 199 337 171 284 92 81 16 313 270 193 136 7 62 119 120
367 165 404 0 365 115 337 302 482 471 406 91 134 211 302 397 342 285 284
162 262 199 365 0 298 98 245 277 266 201 274 231 154 63 192 137 80 81
300 98 337 115 298 0 270 235 415 404 339 24 67 144 235 330 275 218 217
134 234 171 337 98 270 0 217 249 238 173 246 203 126 35 164 109 52 53
247 199 284 302 245 235 217 0 362 351 286 211 168 91 182 277 222 165 164
165 379 92 482 277 415 249 362 0 141 76 391 348 271 214 85 140 197 198
154 368 81 471 266 404 238 351 141 0 65 380 337 260 203 74 129 186 187
89 303 16 406 201 339 173 286 76 65 0 315 272 195 138 9 64 121 122
276 74 313 91 274 24 246 211 391 380 315 0 43 120 211 306 251 194 193
233 31 270 134 231 67 203 168 348 337 272 43 0 77 168 263 208 151 150
156 108 193 211 154 144 126 91 271 260 195 120 77 0 91 186 131 74 73
99 199 136 302 63 235 35 182 214 203 138 211 168 91 0 129 74 17 18
80 294 7 397 192 330 164 277 85 74 9 306 263 186 129 0 55 112 113
25 239 62 342 137 275 109 222 140 129 64 251 208 131 74 55 0 57 58
82 182 119 285 80 218 52 165 197 186 121 194 151 74 17 112 57 0 1
83 181 120 284 81 217 53 164 198 187 122 193 150 73 18 113 58 1 0
