0 -19 396 277 386 225 306 201 182 315 49 294 316 290 235 151 157 69 102
-19 0 277 213 306 187 300 198 239 239 51 310 237 205 161 203 116 105 143
396 277 0 0 228 317 313 194 304 373 251 78 295 25 261 132 140 236 237
277 213 0 0 70 328 326 154 237 355 200 19 302 23 182 63 182 157 207
386 306 228 70 0 412 384 237 316 466 281 0 431 189 377 197 238 203 266
225 187 317 328 412 0 116 349 223 258 194 333 153 326 87 158 179 167 77
306 300 313 326 384 116 0 279 229 50 156 153 38 348 74 267 110 169 96
201 198 194 154 237 349 279 0 116 426 232 75 257 252 134 168 180 88 199
182 239 304 237 316 223 229 116 0 271 165 306 279 238 184 121 36 88 87
315 239 373 355 466 258 50 426 271 0 276 389 118 442 38 318 281 237 151
49 51 251 200 281 194 156 232 165 276 0 205 182 285 159 137 69 119 179
294 310 78 19 0 333 153 75 306 389 205 0 438 -29 265 126 163 156 212
316 237 295 302 431 153 38 257 279 118 182 438 0 279 101 212 103 154 124
290 205 25 23 189 326 348 252 238 442 285 -29 279 0 228 148 153 146 254
235 161 261 182 377 87 74 134 184 38 159 265 101 228 0 161 77 112 104
151 203 132 63 197 158 267 168 121 318 137 126 212 148 161 0 -12 10 130
157 116 140 182 238 179 110 180 36 281 69 163 103 153 77 -12 0 79 -20
69 105 236 157 203 167 169 88 88 237 119 156 154 146 112 10 79 0 21
102 143 237 207 266 77 96 199 87 151 179 212 124 254 104 130 -20 21 0
