0 78 252 444 370 518 484 379 133 184 368 86 45 288 365 149 224 271 299
78 0 223 515 369 495 356 323 226 236 366 51 69 325 328 159 270 162 173
252 223 0 227 234 246 257 238 266 207 191 265 237 263 157 97 63 94 159
444 515 227 0 360 408 280 70 322 272 328 277 280 174 59 298 125 141 150
370 369 234 360 0 271 182 271 358 235 141 284 297 -83 217 256 97 203 210
518 495 246 408 271 0 95 346 456 331 81 427 264 148 348 230 261 149 205
484 356 257 280 182 95 0 343 403 357 -20 341 314 164 258 256 259 128 303
379 323 238 70 271 346 343 0 402 185 298 356 326 251 100 263 113 93 212
133 226 266 322 358 456 403 402 0 139 321 193 156 311 316 147 179 195 188
184 236 207 272 235 331 357 185 139 0 279 186 18 230 244 -54 108 31 92
368 366 191 328 141 81 -20 298 321 279 0 291 318 112 188 204 129 83 178
86 51 265 277 284 427 341 356 193 186 291 0 120 277 284 126 247 182 210
45 69 237 280 297 264 314 326 156 18 318 120 0 123 216 -19 81 80 117
288 325 263 174 -83 148 164 251 311 230 112 277 123 0 109 166 8 113 233
365 328 157 59 217 348 258 100 316 244 188 284 216 109 0 177 40 8 232
149 159 97 298 256 230 256 263 147 -54 204 126 -19 166 177 0 149 126 -19
224 270 63 125 97 261 259 113 179 108 129 247 81 8 40 149 0 89 11
271 162 94 141 203 149 128 93 195 31 83 182 80 113 8 126 89 0 -1
299 173 159 150 210 205 303 212 188 92 178 210 117 233 232 -19 11 -1 0
