0 152 212 376 320 226 306 182 419 396 275 343 170 94 282 247 166 131 106
152 0 176 340 284 190 270 146 383 360 239 307 134 58 246 211 130 95 70
212 176 0 326 270 98 256 132 369 346 225 293 42 118 232 197 116 81 106
376 340 326 0 202 340 188 226 231 208 157 155 284 282 94 129 210 245 270
320 284 270 202 0 284 76 170 245 222 45 169 228 226 108 73 154 189 214
226 190 98 340 284 0 270 146 383 360 239 307 56 132 246 211 130 95 120
306 270 256 188 76 270 0 156 231 208 31 155 214 212 94 59 140 175 200
182 146 132 226 170 146 156 0 269 246 125 193 90 88 132 97 16 51 76
419 383 369 231 245 383 231 269 0 129 200 76 327 325 137 172 253 288 313
396 360 346 208 222 360 208 246 129 0 177 53 304 302 114 149 230 265 290
275 239 225 157 45 239 31 125 200 177 0 124 183 181 63 28 109 144 169
343 307 293 155 169 307 155 193 76 53 124 0 251 249 61 96 177 212 237
170 134 42 284 228 56 214 90 327 304 183 251 0 76 190 155 74 39 64
94 58 118 282 226 132 212 88 325 302 181 249 76 0 188 153 72 37 12
282 246 232 94 108 246 94 132 137 114 63 61 190 188 0 35 116 151 176
247 211 197 129 73 211 59 97 172 149 28 96 155 153 35 0 81 116 141
166 130 116 210 154 130 140 16 253 230 109 177 74 72 116 81 0 35 60
131 95 81 245 189 95 175 51 288 265 144 212 39 37 151 116 35 0 25
106 70 106 270 214 120 200 76 313 290 169 237 64 12 176 141 60 25 0
