0 294 202 322 365 182 138 234 395 235 126 219 170 112 409 262 303 103 150
294 0 452 249 220 416 350 399 55 413 296 460 348 287 141 44 260 224 256
202 452 0 329 388 43 39 222 469 -1 -33 50 105 118 380 244 231 276 200
322 249 329 0 166 356 332 168 190 322 233 298 238 124 179 125 109 45 75
365 220 388 166 0 593 456 262 131 477 510 327 396 351 138 82 202 185 245
182 416 43 356 593 0 120 311 367 146 18 201 114 265 463 386 287 308 281
138 350 39 332 456 120 0 178 420 -91 48 38 7 78 355 288 267 271 197
234 399 222 168 262 311 178 0 269 319 221 290 221 179 203 152 10 93 62
395 55 469 190 131 367 420 269 0 385 318 389 350 297 43 143 356 149 157
235 413 -1 322 477 146 -91 319 385 0 26 69 109 145 406 285 183 270 320
126 296 -33 233 510 18 48 221 318 26 0 122 38 72 346 365 188 272 216
219 460 50 298 327 201 38 290 389 69 122 0 70 52 389 292 136 253 230
170 348 105 238 396 114 7 221 350 109 38 70 0 120 344 241 160 234 206
112 287 118 124 351 265 78 179 297 145 72 52 120 0 319 216 -38 111 151
409 141 380 179 138 463 355 203 43 406 346 389 344 319 0 4 156 170 230
262 44 244 125 82 386 288 152 143 285 365 292 241 216 4 0 77 53 142
303 260 231 109 202 287 267 10 356 183 188 136 160 -38 156 77 0 136 32
103 224 276 45 185 308 271 93 149 270 272 253 234 111 170 53 136 0 15
150 256 200 75 245 281 197 62 157 320 216 230 206 151 230 142 32 15 0
