0 345 30 181 199 311 155 371 327 394 28 313 236 58 253 160 152 171 154
345 0 319 222 240 336 384 396 166 419 317 338 261 287 92 185 193 212 195
30 319 0 155 173 285 129 345 301 368 2 287 210 32 227 134 126 145 128
181 222 155 0 38 188 220 248 204 271 153 190 113 123 130 37 29 10 27
199 240 173 38 0 206 238 266 222 289 171 208 131 141 148 55 47 28 45
311 336 285 188 206 0 350 210 318 233 283 152 75 253 244 151 159 178 161
155 384 129 220 238 350 0 410 366 433 127 352 275 97 292 199 191 210 193
371 396 345 248 266 210 410 0 378 139 343 58 135 313 304 211 219 238 221
327 166 301 204 222 318 366 378 0 401 299 320 243 269 74 167 175 194 177
394 419 368 271 289 233 433 139 401 0 366 81 158 336 327 234 242 261 244
28 317 2 153 171 283 127 343 299 366 0 285 208 30 225 132 124 143 126
313 338 287 190 208 152 352 58 320 81 285 0 77 255 246 153 161 180 163
236 261 210 113 131 75 275 135 243 158 208 77 0 178 169 76 84 103 86
58 287 32 123 141 253 97 313 269 336 30 255 178 0 195 102 94 113 96
253 92 227 130 148 244 292 304 74 327 225 246 169 195 0 93 101 120 103
160 185 134 37 55 151 199 211 167 234 132 153 76 102 93 0 8 27 10
152 193 126 29 47 159 191 219 175 242 124 161 84 94 101 8 0 19 2
171 212 145 10 28 178 210 238 194 261 143 180 103 113 120 27 19 0 17
154 195 128 27 45 161 193 221 177 244 126 163 86 96 103 10 2 17 0
