0 279 30 230 219 255 75 299 217 63 18 128 51 48 221 52 133 200 178
279 0 273 67 402 268 258 312 400 238 261 311 234 231 58 227 146 213 191
30 273 0 224 213 249 69 293 211 57 12 122 45 42 215 46 127 194 172
230 67 224 0 353 219 209 263 351 189 212 262 185 182 9 178 97 164 142
219 402 213 353 0 378 192 422 180 186 201 91 168 171 344 175 256 323 301
255 268 249 219 378 0 234 154 376 214 237 287 210 207 210 203 122 55 77
75 258 69 209 192 234 0 278 190 42 57 101 24 27 200 31 112 179 157
299 312 293 263 422 154 278 0 420 258 281 331 254 251 254 247 166 99 121
217 400 211 351 180 376 190 420 0 184 199 89 166 169 342 173 254 321 299
63 238 57 189 186 214 42 258 184 0 45 95 18 15 180 11 92 159 137
18 261 12 212 201 237 57 281 199 45 0 110 33 30 203 34 115 182 160
128 311 122 262 91 287 101 331 89 95 110 0 77 80 253 84 165 232 210
51 234 45 185 168 210 24 254 166 18 33 77 0 3 176 7 88 155 133
48 231 42 182 171 207 27 251 169 15 30 80 3 0 173 4 85 152 130
221 58 215 9 344 210 200 254 342 180 203 253 176 173 0 169 88 155 133
52 227 46 178 175 203 31 247 173 11 34 84 7 4 169 0 81 148 126
133 146 127 97 256 122 112 166 254 92 115 165 88 85 88 81 0 67 45
200 213 194 164 323 55 179 99 321 159 182 232 155 152 155 148 67 0 22
178 191 172 142 301 77 157 121 299 137 160 210 133 130 133 126 45 22 0
