0 193 200 51 72 201 241 202 310 290 41 270 199 143 141 130 25 64 113
193 0 265 194 215 134 174 267 375 355 184 335 264 76 206 63 168 129 178
200 265 0 201 222 273 313 120 112 92 191 72 1 215 59 202 175 136 87
51 194 201 0 41 202 242 203 311 291 10 271 200 144 142 131 26 65 114
72 215 222 41 0 223 263 224 332 312 31 292 221 165 163 152 47 86 135
201 134 273 202 223 0 156 275 383 363 192 343 272 58 214 71 176 137 186
241 174 313 242 263 156 0 315 423 403 232 383 312 98 254 111 216 177 226
202 267 120 203 224 275 315 0 230 210 193 190 119 217 61 204 177 138 89
310 375 112 311 332 383 423 230 0 60 301 40 111 325 169 312 285 246 197
290 355 92 291 312 363 403 210 60 0 281 20 91 305 149 292 265 226 177
41 184 191 10 31 192 232 193 301 281 0 261 190 134 132 121 16 55 104
270 335 72 271 292 343 383 190 40 20 261 0 71 285 129 272 245 206 157
199 264 1 200 221 272 312 119 111 91 190 71 0 214 58 201 174 135 86
143 76 215 144 165 58 98 217 325 305 134 285 214 0 156 13 118 79 128
141 206 59 142 163 214 254 61 169 149 132 129 58 156 0 143 116 77 28
130 63 202 131 152 71 111 204 312 292 121 272 201 13 143 0 105 66 115
25 168 175 26 47 176 216 177 285 265 16 245 174 118 116 105 0 39 88
64 129 136 65 86 137 177 138 246 226 55 206 135 79 77 66 39 0 49
113 178 87 114 135 186 226 89 197 177 104 157 86 128 28 115 88 49 0
