0 22 350 340 363 113 277 226 348 287 248 236 173 269 99 315 247 244 189
22 0 273 277 189 65 321 212 279 191 245 198 70 184 120 148 186 139 164
350 273 0 172 65 364 101 35 259 218 23 173 242 -32 273 20 73 62 -25
340 277 172 0 171 255 96 45 345 241 145 279 286 141 414 116 97 165 185
363 189 65 171 0 353 168 131 168 249 124 284 348 97 279 147 105 87 235
113 65 364 255 353 0 344 363 271 365 325 294 125 250 91 273 248 121 131
277 321 101 96 168 344 0 222 273 245 150 256 252 150 252 73 159 201 253
226 212 35 45 131 363 222 0 166 73 84 35 262 16 133 41 -17 76 87
348 279 259 345 168 271 273 166 0 91 162 166 158 175 277 176 205 168 93
287 191 218 241 249 365 245 73 91 0 226 69 216 203 386 122 181 94 151
248 245 23 145 124 325 150 84 162 226 0 215 108 -19 253 64 16 20 58
236 198 173 279 284 294 256 35 166 69 215 0 249 110 272 49 92 47 34
173 70 242 286 348 125 252 262 158 216 108 249 0 160 33 252 131 52 51
269 184 -32 141 97 250 150 16 175 203 -19 110 160 0 94 -48 -35 125 64
99 120 273 414 279 91 252 133 277 386 253 272 33 94 0 202 148 106 61
315 148 20 116 147 273 73 41 176 122 64 49 252 -48 202 0 48 32 57
247 186 73 97 105 248 159 -17 205 181 16 92 131 -35 148 48 0 102 135
244 139 62 165 87 121 201 76 168 94 20 47 52 125 106 32 102 0 -32
189 164 -25 185 235 131 253 87 93 151 58 34 51 64 61 57 135 -32 0
