0 315 365 320 271 249 370 385 185 379 307 342 293 257 222 232 139 86 92
315 0 216 171 308 286 171 186 328 180 158 143 94 58 259 83 176 229 235
365 216 0 71 358 336 271 286 378 280 58 243 194 158 309 133 226 279 285
320 171 71 0 313 291 226 241 333 235 13 198 149 113 264 88 181 234 240
271 308 358 313 0 76 363 378 284 372 300 335 286 250 49 225 132 185 191
249 286 336 291 76 0 341 356 262 350 278 313 264 228 27 203 110 163 169
370 171 271 226 363 341 0 169 383 163 213 126 77 113 314 138 231 284 290
385 186 286 241 378 356 169 0 398 80 228 43 92 128 329 153 246 299 305
185 328 378 333 284 262 383 398 0 392 320 355 306 270 235 245 152 99 93
379 180 280 235 372 350 163 80 392 0 222 37 86 122 323 147 240 293 299
307 158 58 13 300 278 213 228 320 222 0 185 136 100 251 75 168 221 227
342 143 243 198 335 313 126 43 355 37 185 0 49 85 286 110 203 256 262
293 94 194 149 286 264 77 92 306 86 136 49 0 36 237 61 154 207 213
257 58 158 113 250 228 113 128 270 122 100 85 36 0 201 25 118 171 177
222 259 309 264 49 27 314 329 235 323 251 286 237 201 0 176 83 136 142
232 83 133 88 225 203 138 153 245 147 75 110 61 25 176 0 93 146 152
139 176 226 181 132 110 231 246 152 240 168 203 154 118 83 93 0 53 59
86 229 279 234 185 163 284 299 99 293 221 256 207 171 136 146 53 0 6
92 235 285 240 191 169 290 305 93 299 227 262 213 177 142 152 59 6 0
