0 110 236 216 231 313 335 306 291 77 259 253 35 233 202 190 85 32 -7
110 0 200 276 241 375 458 302 492 128 292 332 25 335 272 211 137 110 90
236 200 0 -3 179 343 333 386 374 296 258 214 196 207 57 178 -3 217 196
216 276 -3 0 198 277 235 403 296 219 196 322 142 261 53 40 115 130 204
231 241 179 198 0 154 140 289 267 185 159 204 252 113 186 -44 189 190 177
313 375 343 277 154 0 104 130 191 371 99 117 341 25 302 142 207 263 271
335 458 333 235 140 104 0 184 267 399 17 215 252 147 297 143 209 322 266
306 302 386 403 289 130 184 0 91 375 71 35 263 72 323 174 134 300 324
291 492 374 296 267 191 267 91 0 418 120 51 358 86 200 100 278 299 345
77 128 296 219 185 371 399 375 418 0 286 287 81 245 163 137 212 21 145
259 292 258 196 159 99 17 71 120 286 0 118 178 109 288 82 148 241 153
253 332 214 322 204 117 215 35 51 287 118 0 299 77 286 175 149 290 238
35 25 196 142 252 341 252 263 358 81 178 299 0 292 223 219 79 -26 16
233 335 207 261 113 25 147 72 86 245 109 77 292 0 155 110 96 91 244
202 272 57 53 186 302 297 323 200 163 288 286 223 155 0 219 60 172 172
190 211 178 40 -44 142 143 174 100 137 82 175 219 110 219 0 59 151 109
85 137 -3 115 189 207 209 134 278 212 148 149 79 96 60 59 0 108 130
32 110 217 130 190 263 322 300 299 21 241 290 -26 91 172 151 108 0 -64
-7 90 196 204 177 271 266 324 345 145 153 238 16 244 172 109 130 -64 0
