0 131 434 503 423 475 469 504 214 272 464 40 121 396 406 214 365 352 274
131 0 485 554 474 526 520 555 265 323 515 91 172 447 457 265 416 403 325
434 485 0 233 153 205 199 234 406 278 194 394 313 126 136 220 95 82 160
503 554 233 0 196 166 242 277 475 347 237 463 382 169 97 289 138 151 229
423 474 153 196 0 168 100 135 395 267 95 383 302 27 99 209 58 71 149
475 526 205 166 168 0 214 249 447 319 209 435 354 141 69 261 110 123 201
469 520 199 242 100 214 0 45 441 313 5 429 348 73 145 255 104 117 195
504 555 234 277 135 249 45 0 476 348 40 464 383 108 180 290 139 152 230
214 265 406 475 395 447 441 476 0 244 436 174 93 368 378 186 337 324 246
272 323 278 347 267 319 313 348 244 0 308 232 151 240 250 58 209 196 118
464 515 194 237 95 209 5 40 436 308 0 424 343 68 140 250 99 112 190
40 91 394 463 383 435 429 464 174 232 424 0 81 356 366 174 325 312 234
121 172 313 382 302 354 348 383 93 151 343 81 0 275 285 93 244 231 153
396 447 126 169 27 141 73 108 368 240 68 356 275 0 72 182 31 44 122
406 457 136 97 99 69 145 180 378 250 140 366 285 72 0 192 41 54 132
214 265 220 289 209 261 255 290 186 58 250 174 93 182 192 0 151 138 60
365 416 95 138 58 110 104 139 337 209 99 325 244 31 41 151 0 13 91
352 403 82 151 71 123 117 152 324 196 112 312 231 44 54 138 13 0 78
274 325 160 229 149 201 195 230 246 118 190 234 153 122 132 60 91 78 0
