0 60 337 290 239 63 109 408 298 276 1 311 214 209 8 180 127 82 117
60 0 395 348 297 121 167 466 356 334 59 369 272 267 66 238 185 140 175
337 395 0 373 322 384 282 123 381 185 336 26 123 292 329 263 210 255 220
290 348 373 0 169 337 235 444 170 312 289 347 250 81 282 110 163 208 173
239 297 322 169 0 286 184 393 177 261 238 296 199 88 231 59 112 157 122
63 121 384 337 286 0 156 455 345 323 62 358 261 256 55 227 174 129 164
109 167 282 235 184 156 0 353 243 221 108 256 159 154 101 125 72 27 62
408 466 123 444 393 455 353 0 452 256 407 97 194 363 400 334 281 326 291
298 356 381 170 177 345 243 452 0 320 297 355 258 89 290 118 171 216 181
276 334 185 312 261 323 221 256 320 0 275 159 62 231 268 202 149 194 159
1 59 336 289 238 62 108 407 297 275 0 310 213 208 7 179 126 81 116
311 369 26 347 296 358 256 97 355 159 310 0 97 266 303 237 184 229 194
214 272 123 250 199 261 159 194 258 62 213 97 0 169 206 140 87 132 97
209 267 292 81 88 256 154 363 89 231 208 266 169 0 201 29 82 127 92
8 66 329 282 231 55 101 400 290 268 7 303 206 201 0 172 119 74 109
180 238 263 110 59 227 125 334 118 202 179 237 140 29 172 0 53 98 63
127 185 210 163 112 174 72 281 171 149 126 184 87 82 119 53 0 45 10
82 140 255 208 157 129 27 326 216 194 81 229 132 127 74 98 45 0 35
117 175 220 173 122 164 62 291 181 159 116 194 97 92 109 63 10 35 0
