0 232 345 209 211 204 389 263 283 257 174 248 229 292 170 137 204 133 36
232 0 169 175 177 170 213 229 249 31 140 214 3 116 136 103 28 99 196
345 169 0 288 290 283 150 342 362 194 253 327 166 53 249 216 141 212 309
209 175 288 0 146 139 332 132 152 200 109 117 172 235 39 72 147 76 173
211 177 290 146 0 67 334 200 220 202 37 185 174 237 107 74 149 78 175
204 170 283 139 67 0 327 193 213 195 30 178 167 230 100 67 142 71 168
389 213 150 332 334 327 0 386 406 238 297 371 210 97 293 260 185 256 353
263 229 342 132 200 193 386 0 50 254 163 15 226 289 93 126 201 130 227
283 249 362 152 220 213 406 50 0 274 183 35 246 309 113 146 221 150 247
257 31 194 200 202 195 238 254 274 0 165 239 28 141 161 128 53 124 221
174 140 253 109 37 30 297 163 183 165 0 148 137 200 70 37 112 41 138
248 214 327 117 185 178 371 15 35 239 148 0 211 274 78 111 186 115 212
229 3 166 172 174 167 210 226 246 28 137 211 0 113 133 100 25 96 193
292 116 53 235 237 230 97 289 309 141 200 274 113 0 196 163 88 159 256
170 136 249 39 107 100 293 93 113 161 70 78 133 196 0 33 108 37 134
137 103 216 72 74 67 260 126 146 128 37 111 100 163 33 0 75 4 101
204 28 141 147 149 142 185 201 221 53 112 186 25 88 108 75 0 71 168
133 99 212 76 78 71 256 130 150 124 41 115 96 159 37 4 71 0 97
36 196 309 173 175 168 353 227 247 221 138 212 193 256 134 101 168 97 0
