0 360 65 304 382 40 178 311 34 112 55 96 313 63 244 22 193 75 199
360 0 318 73 124 375 264 183 321 398 177 390 -27 396 105 307 123 184 190
65 318 0 350 258 57 156 314 123 109 15 51 319 159 278 -3 203 64 126
304 73 350 0 110 361 293 164 398 357 223 353 -61 304 116 238 -18 227 160
382 124 258 110 0 382 293 260 433 359 340 433 52 397 42 303 224 240 260
40 375 57 361 382 0 222 320 24 237 55 12 384 77 350 128 257 145 171
178 264 156 293 293 222 0 104 248 220 91 146 161 195 174 88 49 -42 128
311 183 314 164 260 320 104 0 307 307 217 228 186 326 150 235 122 51 80
34 321 123 398 433 24 248 307 0 173 109 -17 358 103 246 96 207 220 90
112 398 109 357 359 237 220 307 173 0 49 107 376 208 328 108 218 266 193
55 177 15 223 340 55 91 217 109 49 0 69 291 130 181 -16 139 145 121
96 390 51 353 433 12 146 228 -17 107 69 0 353 47 282 142 195 91 161
313 -27 319 -61 52 384 161 186 358 376 291 353 0 290 64 239 46 73 165
63 396 159 304 397 77 195 326 103 208 130 47 290 0 283 -63 197 45 218
244 105 278 116 42 350 174 150 246 328 181 282 64 283 0 184 81 160 63
22 307 -3 238 303 128 88 235 96 108 -16 142 239 -63 184 0 196 85 174
193 123 203 -18 224 257 49 122 207 218 139 195 46 197 81 196 0 35 75
75 184 64 227 240 145 -42 51 220 266 145 91 73 45 160 85 35 0 39
199 190 126 160 260 171 128 80 90 193 121 161 165 218 63 174 75 39 0
