0 71 114 195 170 45 190 92 175 54 128 32 25 100 54 45 17 4 13
71 0 177 258 233 108 253 113 238 117 191 95 46 163 117 108 80 67 76
114 177 0 275 250 95 270 198 255 134 208 82 131 180 134 125 97 110 101
195 258 275 0 165 206 277 279 262 159 215 193 212 95 141 150 178 191 182
170 233 250 165 0 181 252 254 237 134 190 168 187 70 116 125 153 166 157
45 108 95 206 181 0 201 129 186 65 139 13 62 111 65 56 28 41 32
190 253 270 277 252 201 0 274 109 154 62 188 207 182 136 145 173 186 177
92 113 198 279 254 129 274 0 259 138 212 116 67 184 138 129 101 88 97
175 238 255 262 237 186 109 259 0 139 47 173 192 167 121 130 158 171 162
54 117 134 159 134 65 154 138 139 0 92 52 71 64 18 9 37 50 41
128 191 208 215 190 139 62 212 47 92 0 126 145 120 74 83 111 124 115
32 95 82 193 168 13 188 116 173 52 126 0 49 98 52 43 15 28 19
25 46 131 212 187 62 207 67 192 71 145 49 0 117 71 62 34 21 30
100 163 180 95 70 111 182 184 167 64 120 98 117 0 46 55 83 96 87
54 117 134 141 116 65 136 138 121 18 74 52 71 46 0 9 37 50 41
45 108 125 150 125 56 145 129 130 9 83 43 62 55 9 0 28 41 32
17 80 97 178 153 28 173 101 158 37 111 15 34 83 37 28 0 13 4
4 67 110 191 166 41 186 88 171 50 124 28 21 96 50 41 13 0 9
13 76 101 182 157 32 177 97 162 41 115 19 30 87 41 32 4 9 0
