0 300 366 294 281 334 444 204 290 423 233 336 360 227 274 215 92 141 295
300 0 475 496 4 341 377 318 331 402 34 287 246 313 325 150 265 257 271
366 475 0 80 486 480 638 201 635 525 413 486 447 110 382 388 266 120 151
294 496 80 0 416 511 453 157 343 506 361 583 301 102 349 315 255 86 126
281 4 486 416 0 389 394 358 349 387 152 298 335 325 169 141 233 258 417
334 341 480 511 389 0 328 367 133 247 245 156 267 335 47 164 378 380 343
444 377 638 453 394 328 0 389 59 288 301 104 152 401 105 275 314 408 435
204 318 201 157 358 367 389 0 379 492 302 452 422 81 286 113 132 45 54
290 331 635 343 349 133 59 379 0 64 186 38 36 337 43 133 288 276 318
423 402 525 506 387 247 288 492 64 0 427 87 210 548 144 227 299 355 452
233 34 413 361 152 245 301 302 186 427 0 206 316 381 105 -3 130 261 260
336 287 486 583 298 156 104 452 38 87 206 0 19 454 61 200 249 350 397
360 246 447 301 335 267 152 422 36 210 316 19 0 466 91 147 249 384 361
227 313 110 102 325 335 401 81 337 548 381 454 466 0 330 225 149 117 128
274 325 382 349 169 47 105 286 43 144 105 61 91 330 0 162 150 304 291
215 150 388 315 141 164 275 113 133 227 -3 200 147 225 162 0 146 205 185
92 265 266 255 233 378 314 132 288 299 130 249 249 149 150 146 0 39 57
141 257 120 86 258 380 408 45 276 355 261 350 384 117 304 205 39 0 11
295 271 151 126 417 343 435 54 318 452 260 397 361 128 291 185 57 11 0
