0 308 95 304 166 123 182 236 212 34 12 169 231 158 81 137 101 116 146
308 0 241 150 272 199 288 342 318 318 296 275 77 264 227 243 207 192 162
95 241 0 237 99 56 115 169 145 105 83 102 164 91 14 70 34 49 79
304 150 237 0 268 195 284 338 314 314 292 271 73 260 223 239 203 188 158
166 272 99 268 0 87 74 86 62 176 154 19 195 8 85 29 65 80 110
123 199 56 195 87 0 103 157 133 133 111 90 122 79 42 58 22 7 37
182 288 115 284 74 103 0 144 120 192 170 77 211 66 101 45 81 96 126
236 342 169 338 86 157 144 0 110 246 224 67 265 78 155 99 135 150 180
212 318 145 314 62 133 120 110 0 222 200 43 241 54 131 75 111 126 156
34 318 105 314 176 133 192 246 222 0 22 179 241 168 91 147 111 126 156
12 296 83 292 154 111 170 224 200 22 0 157 219 146 69 125 89 104 134
169 275 102 271 19 90 77 67 43 179 157 0 198 11 88 32 68 83 113
231 77 164 73 195 122 211 265 241 241 219 198 0 187 150 166 130 115 85
158 264 91 260 8 79 66 78 54 168 146 11 187 0 77 21 57 72 102
81 227 14 223 85 42 101 155 131 91 69 88 150 77 0 56 20 35 65
137 243 70 239 29 58 45 99 75 147 125 32 166 21 56 0 36 51 81
101 207 34 203 65 22 81 135 111 111 89 68 130 57 20 36 0 15 45
116 192 49 188 80 7 96 150 126 126 104 83 115 72 35 51 15 0 30
146 162 79 158 110 37 126 180 156 156 134 113 85 102 65 81 45 30 0
