0 285 154 236 257 381 154 151 309 151 117 84 58 232 128 149 288 235 220
285 0 323 57 244 368 323 320 296 180 286 253 227 53 157 136 275 222 207
154 323 0 274 295 419 140 71 347 189 37 70 96 270 166 187 326 273 258
236 57 274 0 195 319 274 271 247 131 237 204 178 4 108 87 226 173 158
257 244 295 195 0 168 295 292 96 152 258 225 199 191 129 108 75 22 37
381 368 419 319 168 0 419 416 114 276 382 349 323 315 253 232 93 146 161
154 323 140 274 295 419 0 137 347 189 103 70 96 270 166 187 326 273 258
151 320 71 271 292 416 137 0 344 186 34 67 93 267 163 184 323 270 255
309 296 347 247 96 114 347 344 0 204 310 277 251 243 181 160 21 74 89
151 180 189 131 152 276 189 186 204 0 152 119 93 127 23 44 183 130 115
117 286 37 237 258 382 103 34 310 152 0 33 59 233 129 150 289 236 221
84 253 70 204 225 349 70 67 277 119 33 0 26 200 96 117 256 203 188
58 227 96 178 199 323 96 93 251 93 59 26 0 174 70 91 230 177 162
232 53 270 4 191 315 270 267 243 127 233 200 174 0 104 83 222 169 154
128 157 166 108 129 253 166 163 181 23 129 96 70 104 0 21 160 107 92
149 136 187 87 108 232 187 184 160 44 150 117 91 83 21 0 139 86 71
288 275 326 226 75 93 326 323 21 183 289 256 230 222 160 139 0 53 68
235 222 273 173 22 146 273 270 74 130 236 203 177 169 107 86 53 0 15
220 207 258 158 37 161 258 255 89 115 221 188 162 154 92 71 68 15 0
