0 98 247 233 327 171 285 475 409 160 394 231 18 150 295 92 122 229 134
98 0 309 295 389 233 347 537 471 222 456 293 80 212 357 154 184 291 196
247 309 0 296 116 174 70 264 198 223 183 16 229 213 84 155 125 18 113
233 295 296 0 376 220 334 524 458 93 443 280 215 83 344 141 171 278 183
327 389 116 376 0 254 154 212 146 303 131 100 309 293 32 235 205 98 193
171 233 174 220 254 0 212 402 336 147 321 158 153 137 222 79 49 156 61
285 347 70 334 154 212 0 302 236 261 221 54 267 251 122 193 163 56 151
475 537 264 524 212 402 302 0 96 451 81 248 457 441 180 383 353 246 341
409 471 198 458 146 336 236 96 0 385 15 182 391 375 114 317 287 180 275
160 222 223 93 303 147 261 451 385 0 370 207 142 10 271 68 98 205 110
394 456 183 443 131 321 221 81 15 370 0 167 376 360 99 302 272 165 260
231 293 16 280 100 158 54 248 182 207 167 0 213 197 68 139 109 2 97
18 80 229 215 309 153 267 457 391 142 376 213 0 132 277 74 104 211 116
150 212 213 83 293 137 251 441 375 10 360 197 132 0 261 58 88 195 100
295 357 84 344 32 222 122 180 114 271 99 68 277 261 0 203 173 66 161
92 154 155 141 235 79 193 383 317 68 302 139 74 58 203 0 30 137 42
122 184 125 171 205 49 163 353 287 98 272 109 104 88 173 30 0 107 12
229 291 18 278 98 156 56 246 180 205 165 2 211 195 66 137 107 0 95
134 196 113 183 193 61 151 341 275 110 260 97 116 100 161 42 12 95 0
