0 182 298 264 300 195 150 214 181 287 210 152 123 114 180 33 95 213 187
182 0 414 86 416 311 266 206 297 279 326 268 239 230 2 149 87 205 179
298 414 0 496 178 265 220 446 251 519 88 222 193 184 412 265 327 445 419
264 86 496 0 498 393 348 288 379 361 408 350 321 312 84 231 169 287 261
300 416 178 498 0 267 222 448 253 521 90 224 195 186 414 267 329 447 421
195 311 265 393 267 0 99 343 72 416 177 43 72 81 309 162 224 342 316
150 266 220 348 222 99 0 298 85 371 132 56 27 36 264 117 179 297 271
214 206 446 288 448 343 298 0 329 75 358 300 271 262 204 181 119 1 27
181 297 251 379 253 72 85 329 0 402 163 29 58 67 295 148 210 328 302
287 279 519 361 521 416 371 75 402 0 431 373 344 335 277 254 192 74 100
210 326 88 408 90 177 132 358 163 431 0 134 105 96 324 177 239 357 331
152 268 222 350 224 43 56 300 29 373 134 0 29 38 266 119 181 299 273
123 239 193 321 195 72 27 271 58 344 105 29 0 9 237 90 152 270 244
114 230 184 312 186 81 36 262 67 335 96 38 9 0 228 81 143 261 235
180 2 412 84 414 309 264 204 295 277 324 266 237 228 0 147 85 203 177
33 149 265 231 267 162 117 181 148 254 177 119 90 81 147 0 62 180 154
95 87 327 169 329 224 179 119 210 192 239 181 152 143 85 62 0 118 92
213 205 445 287 447 342 297 1 328 74 357 299 270 261 203 180 118 0 26
187 179 419 261 421 316 271 27 302 100 331 273 244 235 177 154 92 26 0
