0 127 85 173 230 382 139 133 301 275 86 7 90 169 229 156 244 236 148
127 0 55 160 175 429 162 121 218 308 4 36 46 128 303 153 174 47 127
85 55 0 122 253 260 107 121 365 269 12 18 76 -19 312 -10 234 164 196
173 160 122 0 326 390 159 165 410 372 98 157 112 69 383 238 291 258 249
230 175 253 326 0 261 219 204 282 181 219 205 166 145 256 69 141 91 173
382 429 260 390 261 0 344 313 71 50 323 347 271 357 65 139 4 85 174
139 162 107 159 219 344 0 272 368 325 42 76 83 94 363 78 220 198 215
133 121 121 165 204 313 272 0 259 231 160 130 124 141 227 -54 162 136 53
301 218 365 410 282 71 368 259 0 63 258 243 221 243 55 151 35 106 215
275 308 269 372 181 50 325 231 63 0 370 299 235 293 20 194 -12 253 162
86 4 12 98 219 323 42 160 258 370 0 -55 110 49 296 86 294 93 128
7 36 18 157 205 347 76 130 243 299 -55 0 -2 -10 254 30 260 87 71
90 46 76 112 166 271 83 124 221 235 110 -2 0 41 225 64 254 120 129
169 128 -19 69 145 357 94 141 243 293 49 -10 41 0 139 40 225 141 -35
229 303 312 383 256 65 363 227 55 20 296 254 225 139 0 214 -61 143 217
156 153 -10 238 69 139 78 -54 151 194 86 30 64 40 214 0 182 -54 -33
244 174 234 291 141 4 220 162 35 -12 294 260 254 225 -61 182 0 106 117
236 47 164 258 91 85 198 136 106 253 93 87 120 141 143 -54 106 0 88
148 127 196 249 173 174 215 53 215 162 128 71 129 -35 217 -33 117 88 0
