0 314 340 206 332 168 284 78 167 126 49 263 232 117 193 173 101 84 130
314 0 308 174 300 314 134 294 313 272 265 231 82 263 161 141 247 230 184
340 308 0 160 146 340 278 320 339 298 291 77 226 289 147 167 273 256 210
206 174 160 0 152 206 144 186 205 164 157 83 92 155 13 33 139 122 76
332 300 146 152 0 332 270 312 331 290 283 69 218 281 139 159 265 248 202
168 314 340 206 332 0 284 148 133 92 119 263 232 83 193 173 67 84 130
284 134 278 144 270 284 0 264 283 242 235 201 52 233 131 111 217 200 154
78 294 320 186 312 148 264 0 147 106 29 243 212 97 173 153 81 64 110
167 313 339 205 331 133 283 147 0 59 118 262 231 50 192 172 66 83 129
126 272 298 164 290 92 242 106 59 0 77 221 190 9 151 131 25 42 88
49 265 291 157 283 119 235 29 118 77 0 214 183 68 144 124 52 35 81
263 231 77 83 69 263 201 243 262 221 214 0 149 212 70 90 196 179 133
232 82 226 92 218 232 52 212 231 190 183 149 0 181 79 59 165 148 102
117 263 289 155 281 83 233 97 50 9 68 212 181 0 142 122 16 33 79
193 161 147 13 139 193 131 173 192 151 144 70 79 142 0 20 126 109 63
173 141 167 33 159 173 111 153 172 131 124 90 59 122 20 0 106 89 43
101 247 273 139 265 67 217 81 66 25 52 196 165 16 126 106 0 17 63
84 230 256 122 248 84 200 64 83 42 35 179 148 33 109 89 17 0 46
130 184 210 76 202 130 154 110 129 88 81 133 102 79 63 43 63 46 0
