0 202 172 247 140 332 122 356 321 206 221 94 125 294 53 71 56 143 10
202 0 283 244 369 246 257 82 330 368 287 364 276 135 53 213 268 154 121
172 283 0 364 131 499 342 504 279 230 365 194 144 362 284 112 166 249 163
247 244 364 0 427 155 284 87 429 509 277 351 370 14 186 411 329 173 233
140 369 131 427 0 511 312 500 151 184 449 31 66 314 315 118 191 254 244
332 246 499 155 511 0 400 124 530 585 95 454 432 131 176 389 345 328 332
122 257 342 284 312 400 0 291 333 224 315 217 146 189 29 79 156 31 28
356 82 504 87 500 124 291 0 544 495 99 455 366 135 185 369 309 216 293
321 330 279 429 151 530 333 544 0 231 441 151 214 493 375 222 275 301 147
206 368 230 509 184 585 224 495 231 0 424 100 29 384 298 144 166 177 218
221 287 365 277 449 95 315 99 441 424 0 491 320 89 190 353 261 222 249
94 364 194 351 31 454 217 455 151 100 491 0 38 267 183 128 136 127 169
125 276 144 370 66 432 146 366 214 29 320 38 0 322 240 3 143 114 230
294 135 362 14 314 131 189 135 493 384 89 267 322 0 18 235 276 256 149
53 53 284 186 315 176 29 185 375 298 190 183 240 18 0 132 100 132 122
71 213 112 411 118 389 79 369 222 144 353 128 3 235 132 0 67 144 86
56 268 166 329 191 345 156 309 275 166 261 136 143 276 100 67 0 4 -3
143 154 249 173 254 328 31 216 301 177 222 127 114 256 132 144 4 0 -59
10 121 163 233 244 332 28 293 147 218 249 169 230 149 122 86 -3 -59 0
