0 235 117 438 244 288 162 304 189 81 40 211 224 91 139 -18 97 132 94
235 0 345 200 181 99 196 239 363 275 308 45 32 80 247 257 263 166 80
117 345 0 302 184 404 196 317 174 28 37 344 355 267 120 -49 11 126 182
438 200 302 0 294 131 288 302 443 474 418 88 200 135 232 421 352 321 182
244 181 184 294 0 313 124 351 328 325 229 323 270 171 -22 200 146 71 104
288 99 404 131 313 0 271 177 396 418 332 46 97 175 325 357 234 266 174
162 196 196 288 124 271 0 231 131 166 189 337 207 113 13 125 60 -13 0
304 239 317 302 351 177 231 0 314 341 320 189 253 2 148 217 205 133 128
189 363 174 443 328 396 131 314 0 121 171 359 335 316 225 127 161 253 229
81 275 28 474 325 418 166 341 121 0 23 268 272 230 235 -8 133 147 177
40 308 37 418 229 332 189 320 171 23 0 300 239 122 140 119 119 200 138
211 45 344 88 323 46 337 189 359 268 300 0 35 171 225 278 296 75 149
224 32 355 200 270 97 207 253 335 272 239 35 0 51 172 231 195 82 197
91 80 267 135 171 175 113 2 316 230 122 171 51 0 81 50 280 38 -39
139 247 120 232 -22 325 13 148 225 235 140 225 172 81 0 153 9 122 40
-18 257 -49 421 200 357 125 217 127 -8 119 278 231 50 153 0 53 -17 119
97 263 11 352 146 234 60 205 161 133 119 296 195 280 9 53 0 105 103
132 166 126 321 71 266 -13 133 253 147 200 75 82 38 122 -17 105 0 15
94 80 182 182 104 174 0 128 229 177 138 149 197 -39 40 119 103 15 0
