0 186 225 352 352 192 294 280 354 301 289 165 274 142 275 244 204 77 171
186 0 127 384 384 94 326 312 386 333 321 67 306 44 307 276 236 109 203
225 127 0 423 423 87 365 351 425 372 360 60 345 83 346 315 275 148 242
352 384 423 0 216 390 158 82 298 245 233 363 138 340 77 108 148 275 181
352 384 423 216 0 390 98 144 298 245 233 363 78 340 139 108 148 275 181
192 94 87 390 390 0 332 318 392 339 327 27 312 50 313 282 242 115 209
294 326 365 158 98 332 0 86 240 187 175 305 20 282 81 50 90 217 123
280 312 351 82 144 318 86 0 226 173 161 291 66 268 5 36 76 203 109
354 386 425 298 298 392 240 226 0 77 65 365 220 342 221 190 150 277 183
301 333 372 245 245 339 187 173 77 0 12 312 167 289 168 137 97 224 130
289 321 360 233 233 327 175 161 65 12 0 300 155 277 156 125 85 212 118
165 67 60 363 363 27 305 291 365 312 300 0 285 23 286 255 215 88 182
274 306 345 138 78 312 20 66 220 167 155 285 0 262 61 30 70 197 103
142 44 83 340 340 50 282 268 342 289 277 23 262 0 263 232 192 65 159
275 307 346 77 139 313 81 5 221 168 156 286 61 263 0 31 71 198 104
244 276 315 108 108 282 50 36 190 137 125 255 30 232 31 0 40 167 73
204 236 275 148 148 242 90 76 150 97 85 215 70 192 71 40 0 127 33
77 109 148 275 275 115 217 203 277 224 212 88 197 65 198 167 127 0 94
171 203 242 181 181 209 123 109 183 130 118 182 103 159 104 73 33 94 0
