0 450 102 330 438 293 278 384 105 258 290 7 356 301 74 205 164 175 256
450 0 404 452 176 415 318 232 541 380 412 443 94 149 376 245 286 297 378
102 404 0 284 392 247 232 338 193 212 244 95 310 255 28 159 118 129 210
330 452 284 0 440 43 280 386 421 238 40 323 358 303 256 207 166 155 74
438 176 392 440 0 403 306 220 529 368 400 431 82 137 364 233 274 285 366
293 415 247 43 403 0 243 349 384 201 3 286 321 266 219 170 129 118 37
278 318 232 280 306 243 0 252 369 208 240 271 224 169 204 73 114 125 206
384 232 338 386 220 349 252 0 475 314 346 377 138 83 310 179 220 231 312
105 541 193 421 529 384 369 475 0 349 381 98 447 392 165 296 255 266 347
258 380 212 238 368 201 208 314 349 0 198 251 286 231 184 135 94 83 164
290 412 244 40 400 3 240 346 381 198 0 283 318 263 216 167 126 115 34
7 443 95 323 431 286 271 377 98 251 283 0 349 294 67 198 157 168 249
356 94 310 358 82 321 224 138 447 286 318 349 0 55 282 151 192 203 284
301 149 255 303 137 266 169 83 392 231 263 294 55 0 227 96 137 148 229
74 376 28 256 364 219 204 310 165 184 216 67 282 227 0 131 90 101 182
205 245 159 207 233 170 73 179 296 135 167 198 151 96 131 0 41 52 133
164 286 118 166 274 129 114 220 255 94 126 157 192 137 90 41 0 11 92
175 297 129 155 285 118 125 231 266 83 115 168 203 148 101 52 11 0 81
256 378 210 74 366 37 206 312 347 164 34 249 284 229 182 133 92 81 0
