0 269 232 107 197 235 442 126 20 347 372 84 328 50 212 136 176 166 59
269 0 166 281 220 115 331 255 310 243 196 352 163 253 159 134 17 258 239
232 166 0 290 195 157 212 341 230 17 119 344 282 272 65 164 235 244 149
107 281 290 0 82 204 302 108 156 320 233 110 159 54 194 206 65 -39 -3
197 220 195 82 0 136 214 129 177 126 159 183 35 127 131 118 47 54 133
235 115 157 204 136 0 226 222 253 170 153 215 -4 272 135 33 9 95 186
442 331 212 302 214 226 0 440 429 167 142 415 262 266 108 206 266 258 319
126 255 341 108 129 222 440 0 -1 294 192 33 227 48 221 230 168 18 99
20 310 230 156 177 253 429 -1 0 318 324 21 254 -8 217 56 65 102 54
347 243 17 320 126 170 167 294 318 0 12 280 185 304 38 92 200 239 217
372 196 119 233 159 153 142 192 324 12 0 280 119 196 40 53 108 191 173
84 352 344 110 183 215 415 33 21 280 280 0 193 57 251 121 139 48 91
328 163 282 159 35 -4 262 227 254 185 119 193 0 145 21 100 55 121 99
50 253 272 54 127 272 266 48 -8 304 196 57 145 0 242 183 153 -43 116
212 159 65 194 131 135 108 221 217 38 40 251 21 242 0 49 94 209 128
136 134 164 206 118 33 206 230 56 92 53 121 100 183 49 0 32 153 96
176 17 235 65 47 9 266 168 65 200 108 139 55 153 94 32 0 140 52
166 258 244 -39 54 95 258 18 102 239 191 48 121 -43 209 153 140 0 -64
59 239 149 -3 133 186 319 99 54 217 173 91 99 116 128 96 52 -64 0
