0 273 397 231 432 323 316 334 299 359 313 276 304 228 335 242 219 151 96
273 0 368 202 221 294 287 305 270 148 284 247 275 199 124 31 190 122 177
397 368 0 190 527 112 105 293 258 454 102 235 93 187 430 337 178 246 301
231 202 190 0 361 116 109 109 74 288 106 51 97 3 264 171 12 80 135
432 221 527 361 0 453 446 464 429 121 443 406 434 358 97 190 349 281 336
323 294 112 116 453 0 13 219 184 380 10 161 19 113 356 263 104 172 227
316 287 105 109 446 13 0 212 177 373 3 154 12 106 349 256 97 165 220
334 305 293 109 464 219 212 0 81 391 209 58 200 106 367 274 115 183 238
299 270 258 74 429 184 177 81 0 356 174 23 165 71 332 239 80 148 203
359 148 454 288 121 380 373 391 356 0 370 333 361 285 24 117 276 208 263
313 284 102 106 443 10 3 209 174 370 0 151 9 103 346 253 94 162 217
276 247 235 51 406 161 154 58 23 333 151 0 142 48 309 216 57 125 180
304 275 93 97 434 19 12 200 165 361 9 142 0 94 337 244 85 153 208
228 199 187 3 358 113 106 106 71 285 103 48 94 0 261 168 9 77 132
335 124 430 264 97 356 349 367 332 24 346 309 337 261 0 93 252 184 239
242 31 337 171 190 263 256 274 239 117 253 216 244 168 93 0 159 91 146
219 190 178 12 349 104 97 115 80 276 94 57 85 9 252 159 0 68 123
151 122 246 80 281 172 165 183 148 208 162 125 153 77 184 91 68 0 55
96 177 301 135 336 227 220 238 203 263 217 180 208 132 239 146 123 55 0
