0 198 440 347 216 131 288 211 226 382 350 173 303 88 168 201 268 183 242
198 0 302 209 68 153 150 73 88 244 212 25 165 110 30 63 130 45 104
440 302 0 181 320 395 192 285 300 122 90 277 137 352 272 275 172 257 198
347 209 181 0 227 302 99 192 207 123 91 184 44 259 179 182 79 164 105
216 68 320 227 0 171 168 91 106 262 230 43 183 128 48 81 148 63 122
131 153 395 302 171 0 243 166 181 337 305 128 258 43 123 156 223 138 197
288 150 192 99 168 243 0 133 148 134 102 125 55 200 120 123 20 105 46
211 73 285 192 91 166 133 0 35 227 195 48 148 123 43 10 113 28 87
226 88 300 207 106 181 148 35 0 242 210 63 163 138 58 25 128 43 102
382 244 122 123 262 337 134 227 242 0 32 219 79 294 214 217 114 199 140
350 212 90 91 230 305 102 195 210 32 0 187 47 262 182 185 82 167 108
173 25 277 184 43 128 125 48 63 219 187 0 140 85 5 38 105 20 79
303 165 137 44 183 258 55 148 163 79 47 140 0 215 135 138 35 120 61
88 110 352 259 128 43 200 123 138 294 262 85 215 0 80 113 180 95 154
168 30 272 179 48 123 120 43 58 214 182 5 135 80 0 33 100 15 74
201 63 275 182 81 156 123 10 25 217 185 38 138 113 33 0 103 18 77
268 130 172 79 148 223 20 113 128 114 82 105 35 180 100 103 0 85 26
183 45 257 164 63 138 105 28 43 199 167 20 120 95 15 18 85 0 59
242 104 198 105 122 197 46 87 102 140 108 79 61 154 74 77 26 59 0
