0 199 279 56 312 382 216 320 428 317 322 -95 210 210 268 198 206 241 122
199 0 90 271 158 135 166 288 216 149 199 199 107 31 106 17 -53 77 67
279 90 0 216 182 164 64 225 212 142 136 278 275 118 102 102 -1 52 162
56 271 216 0 429 422 295 307 528 343 305 34 352 201 140 276 172 191 67
312 158 182 429 0 -3 181 349 348 326 365 327 -94 134 200 137 223 141 278
382 135 164 422 -3 0 218 344 408 390 387 376 11 177 287 212 184 200 259
216 166 64 295 181 218 0 356 287 237 242 273 70 91 210 94 268 4 196
320 288 225 307 349 344 356 0 270 164 75 273 401 228 31 231 182 227 183
428 216 212 528 348 408 287 270 0 117 50 395 409 220 176 219 52 304 315
317 149 142 343 326 390 237 164 117 0 77 364 358 267 61 102 185 132 348
322 199 136 305 365 387 242 75 50 77 0 301 258 171 157 186 148 43 216
-95 199 278 34 327 376 273 273 395 364 301 0 320 201 188 230 147 90 -25
210 107 275 352 -94 11 70 401 409 358 258 320 0 -3 288 193 189 148 233
210 31 118 201 134 177 91 228 220 267 171 201 -3 0 124 -7 73 38 142
268 106 102 140 200 287 210 31 176 61 157 188 288 124 0 50 87 226 176
198 17 102 276 137 212 94 231 219 102 186 230 193 -7 50 0 69 85 181
206 -53 -1 172 223 184 268 182 52 185 148 147 189 73 87 69 0 -9 103
241 77 52 191 141 200 4 227 304 132 43 90 148 38 226 85 -9 0 102
122 67 162 67 278 259 196 183 315 348 216 -25 233 142 176 181 103 102 0
