0 303 313 275 77 289 337 416 414 306 392 317 278 216 283 233 180 53 148
303 0 256 146 274 232 280 359 357 249 335 260 221 87 226 176 123 250 155
313 256 0 228 284 136 94 173 171 153 149 74 35 169 130 80 133 260 165
275 146 228 0 246 204 252 331 329 221 307 232 193 59 198 148 95 222 127
77 274 284 246 0 260 308 387 385 277 363 288 249 187 254 204 151 24 119
289 232 136 204 260 0 160 239 237 29 215 140 101 145 6 56 109 236 141
337 280 94 252 308 160 0 119 117 177 95 20 59 193 154 104 157 284 189
416 359 173 331 387 239 119 0 46 256 24 99 138 272 233 183 236 363 268
414 357 171 329 385 237 117 46 0 254 22 97 136 270 231 181 234 361 266
306 249 153 221 277 29 177 256 254 0 232 157 118 162 23 73 126 253 158
392 335 149 307 363 215 95 24 22 232 0 75 114 248 209 159 212 339 244
317 260 74 232 288 140 20 99 97 157 75 0 39 173 134 84 137 264 169
278 221 35 193 249 101 59 138 136 118 114 39 0 134 95 45 98 225 130
216 87 169 59 187 145 193 272 270 162 248 173 134 0 139 89 36 163 68
283 226 130 198 254 6 154 233 231 23 209 134 95 139 0 50 103 230 135
233 176 80 148 204 56 104 183 181 73 159 84 45 89 50 0 53 180 85
180 123 133 95 151 109 157 236 234 126 212 137 98 36 103 53 0 127 32
53 250 260 222 24 236 284 363 361 253 339 264 225 163 230 180 127 0 95
148 155 165 127 119 141 189 268 266 158 244 169 130 68 135 85 32 95 0
