0 303 128 431 449 76 373 188 155 86 175 188 338 84 152 130 -52 148 174
303 0 343 283 138 281 167 509 450 358 403 305 200 395 198 316 290 174 199
128 343 0 352 396 61 284 186 84 122 234 127 420 110 233 -46 -11 206 148
431 283 352 0 144 384 118 494 449 429 398 439 28 359 190 233 309 121 331
449 138 396 144 0 420 261 560 555 416 458 406 73 433 220 297 379 185 259
76 281 61 384 420 0 297 208 212 115 176 125 364 26 244 -11 49 210 128
373 167 284 118 261 297 0 440 430 283 458 199 137 225 105 283 266 142 80
188 509 186 494 560 208 440 0 69 190 148 162 535 176 340 142 271 391 181
155 450 84 449 555 212 430 69 0 172 -5 66 407 80 300 116 98 338 228
86 358 122 429 416 115 283 190 172 0 132 60 329 86 272 124 13 314 175
175 403 234 398 458 176 458 148 -5 132 0 195 365 76 313 174 192 256 176
188 305 127 439 406 125 199 162 66 60 195 0 415 -47 262 14 111 181 68
338 200 420 28 73 364 137 535 407 329 365 415 0 272 88 341 213 102 210
84 395 110 359 433 26 225 176 80 86 76 -47 272 0 256 52 19 99 206
152 198 233 190 220 244 105 340 300 272 313 262 88 256 0 309 143 70 103
130 316 -46 233 297 -11 283 142 116 124 174 14 341 52 309 0 -54 203 20
-52 290 -11 309 379 49 266 271 98 13 192 111 213 19 143 -54 0 163 -47
148 174 206 121 185 210 142 391 338 314 256 181 102 99 70 203 163 0 113
174 199 148 331 259 128 80 181 228 175 176 68 210 206 103 20 -47 113 0
