0 118 274 217 251 395 196 202 338 399 184 179 115 42 387 115 311 219 136
118 0 162 105 285 429 84 236 372 433 72 67 3 76 421 149 345 253 170
274 162 0 123 441 585 112 392 528 589 90 95 159 232 577 305 501 409 326
217 105 123 0 384 528 55 335 471 532 33 38 102 175 520 248 444 352 269
251 285 441 384 0 208 363 223 151 212 351 346 282 209 200 136 124 32 115
395 429 585 528 208 0 507 367 111 20 495 490 426 353 8 280 84 176 259
196 84 112 55 363 507 0 314 450 511 22 17 81 154 499 227 423 331 248
202 236 392 335 223 367 314 0 310 371 302 297 233 160 359 87 283 191 108
338 372 528 471 151 111 450 310 0 115 438 433 369 296 103 223 27 119 202
399 433 589 532 212 20 511 371 115 0 499 494 430 357 12 284 88 180 263
184 72 90 33 351 495 22 302 438 499 0 5 69 142 487 215 411 319 236
179 67 95 38 346 490 17 297 433 494 5 0 64 137 482 210 406 314 231
115 3 159 102 282 426 81 233 369 430 69 64 0 73 418 146 342 250 167
42 76 232 175 209 353 154 160 296 357 142 137 73 0 345 73 269 177 94
387 421 577 520 200 8 499 359 103 12 487 482 418 345 0 272 76 168 251
115 149 305 248 136 280 227 87 223 284 215 210 146 73 272 0 196 104 21
311 345 501 444 124 84 423 283 27 88 411 406 342 269 76 196 0 92 175
219 253 409 352 32 176 331 191 119 180 319 314 250 177 168 104 92 0 83
136 170 326 269 115 259 248 108 202 263 236 231 167 94 251 21 175 83 0
