0 360 56 447 386 344 175 393 306 274 36 348 205 183 355 184 182 327 247
360 0 346 291 368 316 304 235 311 172 324 314 151 250 41 201 234 243 176
56 346 0 322 293 336 233 461 174 261 -32 244 79 109 207 264 254 291 178
447 291 322 0 309 273 175 255 382 190 305 292 174 179 93 207 110 238 260
386 368 293 309 0 419 111 280 9 202 247 15 107 156 273 176 232 280 297
344 316 336 273 419 0 189 6 257 175 278 307 183 157 293 126 156 93 34
175 304 233 175 111 189 0 189 152 118 65 150 88 45 160 146 94 122 171
393 235 461 255 280 6 189 0 248 181 257 369 186 246 228 160 100 45 78
306 311 174 382 9 257 152 248 0 262 261 39 120 120 212 116 186 286 265
274 172 261 190 202 175 118 181 262 0 221 182 132 200 158 55 83 117 86
36 324 -32 305 247 278 65 257 261 221 0 259 133 148 218 144 192 299 187
348 314 244 292 15 307 150 369 39 182 259 0 25 133 208 105 182 320 202
205 151 79 174 107 183 88 186 120 132 133 25 0 104 182 119 175 245 128
183 250 109 179 156 157 45 246 120 200 148 133 104 0 119 132 141 101 86
355 41 207 93 273 293 160 228 212 158 218 208 182 119 0 115 3 96 133
184 201 264 207 176 126 146 160 116 55 144 105 119 132 115 0 36 17 12
182 234 254 110 232 156 94 100 186 83 192 182 175 141 3 36 0 13 3
327 243 291 238 280 93 122 45 286 117 299 320 245 101 96 17 13 0 48
247 176 178 260 297 34 171 78 265 86 187 202 128 86 133 12 3 48 0
