     19
object000 0 155 371 361 170 371 617 244 207 318 205 431 177 90 182 253 266 395 373
object001 155 0 344 298 253 324 370 128 178 258 191 321 24 181 128 131 257 254 191
object002 371 344 0 3 308 264 111 361 228 306 261 43 359 312 261 258 235 41 -23
object003 361 298 3 0 248 146 147 405 282 279 292 -16 150 368 207 151 143 42 46
object004 170 253 308 248 0 183 275 265 173 154 189 211 265 197 85 133 91 229 301
object005 371 324 264 146 183 0 211 291 322 310 229 207 258 282 209 220 89 71 144
object006 617 370 111 147 275 211 0 383 396 328 396 70 359 322 222 225 221 133 169
object007 244 128 361 405 265 291 383 0 277 202 271 342 62 52 98 225 193 386 238
object008 207 178 228 282 173 322 396 277 0 30 53 267 212 115 112 131 235 253 331
object009 318 258 306 279 154 310 328 202 30 0 36 238 177 184 -11 107 207 182 185
object010 205 191 261 292 189 229 396 271 53 36 0 296 65 106 32 168 198 147 179
object011 431 321 43 -16 211 207 70 342 267 238 296 0 313 258 214 219 72 45 18
object012 177 24 359 150 265 258 359 62 212 177 65 313 0 31 75 94 191 322 216
object013 90 181 312 368 197 282 322 52 115 184 106 258 31 0 130 140 212 260 167
object014 182 128 261 207 85 209 222 98 112 -11 32 214 75 130 0 32 11 204 117
object015 253 131 258 151 133 220 225 225 131 107 168 219 94 140 32 0 85 205 88
object016 266 257 235 143 91 89 221 193 235 207 198 72 191 212 11 85 0 177 18
object017 395 254 41 42 229 71 133 386 253 182 147 45 322 260 204 205 177 0 67
object018 373 191 -23 46 301 144 169 238 331 185 179 18 216 167 117 88 18 67 0
