0 147 399 379 288 307 429 159 263 253 213 370 85 87 165 193 230 360 300
147 0 376 356 265 284 406 136 240 230 190 347 62 64 142 170 207 337 277
399 376 0 58 301 246 88 384 332 322 282 29 314 312 234 206 169 39 99
379 356 58 0 281 226 88 364 312 302 262 29 294 292 214 186 149 19 79
288 265 301 281 0 209 331 273 221 211 171 272 203 201 123 95 132 262 202
307 284 246 226 209 0 276 292 240 230 190 217 222 220 142 114 77 207 147
429 406 88 88 331 276 0 414 362 352 312 59 344 342 264 236 199 69 129
159 136 384 364 273 292 414 0 248 238 198 355 74 72 150 178 215 345 285
263 240 332 312 221 240 362 248 0 90 50 303 178 176 98 126 163 293 233
253 230 322 302 211 230 352 238 90 0 40 293 168 166 88 116 153 283 223
213 190 282 262 171 190 312 198 50 40 0 253 128 126 48 76 113 243 183
370 347 29 29 272 217 59 355 303 293 253 0 285 283 205 177 140 10 70
85 62 314 294 203 222 344 74 178 168 128 285 0 2 80 108 145 275 215
87 64 312 292 201 220 342 72 176 166 126 283 2 0 78 106 143 273 213
165 142 234 214 123 142 264 150 98 88 48 205 80 78 0 28 65 195 135
193 170 206 186 95 114 236 178 126 116 76 177 108 106 28 0 37 167 107
230 207 169 149 132 77 199 215 163 153 113 140 145 143 65 37 0 130 70
360 337 39 19 262 207 69 345 293 283 243 10 275 273 195 167 130 0 60
300 277 99 79 202 147 129 285 233 223 183 70 215 213 135 107 70 60 0
