0 122 176 391 315 283 263 151 329 407 258 368 153 77 334 309 177 148 109
122 0 117 316 311 201 296 117 496 313 252 334 65 53 230 139 138 41 61
176 117 0 267 241 81 200 152 369 350 331 294 125 132 329 187 196 54 154
391 316 267 0 180 345 229 259 294 214 138 65 263 253 84 105 214 171 230
315 311 241 180 0 338 19 128 282 176 61 162 178 348 47 99 144 166 164
283 201 81 345 338 0 228 137 420 436 246 238 89 161 305 259 113 96 186
263 296 200 229 19 228 0 155 234 186 62 91 163 151 6 153 119 201 195
151 117 152 259 128 137 155 0 350 251 164 254 110 172 133 97 -43 3 54
329 496 369 294 282 420 234 350 0 110 226 60 278 397 128 145 226 353 275
407 313 350 214 176 436 186 251 110 0 139 35 324 261 123 61 257 251 400
258 252 331 138 61 246 62 164 226 139 0 130 178 113 31 94 155 49 125
368 334 294 65 162 238 91 254 60 35 130 0 292 268 77 50 280 201 240
153 65 125 263 178 89 163 110 278 324 178 292 0 97 95 126 27 2 51
77 53 132 253 348 161 151 172 397 261 113 268 97 0 209 156 0 31 -38
334 230 329 84 47 305 6 133 128 123 31 77 95 209 0 88 190 179 168
309 139 187 105 99 259 153 97 145 61 94 50 126 156 88 0 40 121 137
177 138 196 214 144 113 119 -43 226 257 155 280 27 0 190 40 0 143 78
148 41 54 171 166 96 201 3 353 251 49 201 2 31 179 121 143 0 93
109 61 154 230 164 186 195 54 275 400 125 240 51 -38 168 137 78 93 0
