0 181 189 288 258 176 380 326 174 227 123 168 293 150 95 193 104 122 108
181 0 142 408 426 322 466 248 214 394 -9 275 425 328 176 300 240 155 66
189 142 0 445 416 447 389 323 281 414 171 304 408 305 116 281 177 224 171
288 408 445 0 111 189 281 286 325 263 256 60 240 164 207 234 187 219 224
258 426 416 111 0 169 209 288 213 244 277 12 263 146 214 136 59 201 137
176 322 447 189 169 0 173 85 211 89 242 103 111 12 154 86 78 167 20
380 466 389 281 209 173 0 69 303 103 266 228 -12 85 293 -3 133 156 309
326 248 323 286 288 85 69 0 287 105 303 254 1 61 280 93 93 190 179
174 214 281 325 213 211 303 287 0 183 136 233 298 245 132 157 114 27 86
227 394 414 263 244 89 103 105 183 0 248 74 138 167 177 38 78 162 107
123 -9 171 256 277 242 266 303 136 248 0 224 304 144 45 93 183 14 159
168 275 304 60 12 103 228 254 233 74 224 0 119 114 153 60 8 191 102
293 425 408 240 263 111 -12 1 298 138 304 119 0 116 231 54 45 138 212
150 328 305 164 146 12 85 61 245 167 144 114 116 0 226 3 10 171 90
95 176 116 207 214 154 293 280 132 177 45 153 231 226 0 108 25 -76 -26
193 300 281 234 136 86 -3 93 157 38 93 60 54 3 108 0 20 97 84
104 240 177 187 59 78 133 93 114 78 183 8 45 10 25 20 0 42 124
122 155 224 219 201 167 156 190 27 162 14 191 138 171 -76 97 42 0 15
108 66 171 224 137 20 309 179 86 107 159 102 212 90 -26 84 124 15 0
