0 213 241 455 395 394 324 535 521 153 386 437 184 77 376 334 261 174 226
213 0 86 320 260 259 189 400 386 212 251 302 29 136 241 199 126 39 91
241 86 0 348 288 287 217 428 414 240 279 330 57 164 269 227 154 67 119
455 320 348 0 78 181 257 322 308 454 69 224 291 378 163 121 194 281 229
395 260 288 78 0 121 197 262 248 394 9 164 231 318 103 61 134 221 169
394 259 287 181 121 0 196 177 163 393 112 79 230 317 18 60 133 220 168
324 189 217 257 197 196 0 337 323 323 188 239 160 247 178 136 63 150 98
535 400 428 322 262 177 337 0 182 534 253 98 371 458 159 201 274 361 309
521 386 414 308 248 163 323 182 0 520 239 84 357 444 145 187 260 347 295
153 212 240 454 394 393 323 534 520 0 385 436 183 76 375 333 260 173 225
386 251 279 69 9 112 188 253 239 385 0 155 222 309 94 52 125 212 160
437 302 330 224 164 79 239 98 84 436 155 0 273 360 61 103 176 263 211
184 29 57 291 231 230 160 371 357 183 222 273 0 107 212 170 97 10 62
77 136 164 378 318 317 247 458 444 76 309 360 107 0 299 257 184 97 149
376 241 269 163 103 18 178 159 145 375 94 61 212 299 0 42 115 202 150
334 199 227 121 61 60 136 201 187 333 52 103 170 257 42 0 73 160 108
261 126 154 194 134 133 63 274 260 260 125 176 97 184 115 73 0 87 35
174 39 67 281 221 220 150 361 347 173 212 263 10 97 202 160 87 0 52
226 91 119 229 169 168 98 309 295 225 160 211 62 149 150 108 35 52 0
