0 119 300 325 347 345 207 257 262 305 295 187 250 149 149 131 143 -29 48
119 0 300 23 214 436 225 305 343 308 346 213 297 295 104 5 143 141 109
300 300 0 317 295 255 154 295 107 276 356 172 154 77 339 251 132 216 259
325 23 317 0 198 426 462 457 432 325 428 387 393 297 16 137 147 234 224
347 214 295 198 0 529 441 389 351 392 494 281 306 384 42 76 270 166 172
345 436 255 426 529 0 353 -3 209 76 63 314 90 230 297 356 173 217 215
207 225 154 462 441 353 0 325 96 249 259 129 229 86 323 290 151 299 244
257 305 295 457 389 -3 325 0 298 122 22 256 91 240 432 368 222 212 233
262 343 107 432 351 209 96 298 0 154 322 5 164 115 181 257 59 172 107
305 308 276 325 392 76 249 122 154 0 70 161 16 237 216 244 112 11 186
295 346 356 428 494 63 259 22 322 70 0 293 132 158 382 320 93 202 209
187 213 172 387 281 314 129 256 5 161 293 0 178 74 263 208 98 192 144
250 297 154 393 306 90 229 91 164 16 132 178 0 136 309 246 107 184 144
149 295 77 297 384 230 86 240 115 237 158 74 136 0 192 175 105 148 92
149 104 339 16 42 297 323 432 181 216 382 263 309 192 0 60 155 129 89
131 5 251 137 76 356 290 368 257 244 320 208 246 175 60 0 137 37 132
143 143 132 147 270 173 151 222 59 112 93 98 107 105 155 137 0 144 137
-29 141 216 234 166 217 299 212 172 11 202 192 184 148 129 37 144 0 -26
48 109 259 224 172 215 244 233 107 186 209 144 144 92 89 132 137 -26 0
