0 307 332 280 345 342 432 215 342 427 257 346 340 233 256 181 92 185 210
307 0 455 403 138 287 377 338 287 372 50 291 285 356 201 126 215 308 333
332 455 0 146 493 490 580 177 490 575 405 494 488 99 404 329 240 147 172
280 403 146 0 441 438 528 125 438 523 353 442 436 47 352 277 188 95 120
345 138 493 441 0 325 415 376 325 410 88 329 323 394 239 164 253 346 371
342 287 490 438 325 0 262 373 172 257 237 176 170 391 86 161 250 343 368
432 377 580 528 415 262 0 463 94 167 327 86 92 481 176 251 340 433 458
215 338 177 125 376 373 463 0 373 458 288 377 371 78 287 212 123 30 5
342 287 490 438 325 172 94 373 0 89 237 8 2 391 86 161 250 343 368
427 372 575 523 410 257 167 458 89 0 322 81 87 476 171 246 335 428 453
257 50 405 353 88 237 327 288 237 322 0 241 235 306 151 76 165 258 283
346 291 494 442 329 176 86 377 8 81 241 0 6 395 90 165 254 347 372
340 285 488 436 323 170 92 371 2 87 235 6 0 389 84 159 248 341 366
233 356 99 47 394 391 481 78 391 476 306 395 389 0 305 230 141 48 73
256 201 404 352 239 86 176 287 86 171 151 90 84 305 0 75 164 257 282
181 126 329 277 164 161 251 212 161 246 76 165 159 230 75 0 89 182 207
92 215 240 188 253 250 340 123 250 335 165 254 248 141 164 89 0 93 118
185 308 147 95 346 343 433 30 343 428 258 347 341 48 257 182 93 0 25
210 333 172 120 371 368 458 5 368 453 283 372 366 73 282 207 118 25 0
