0 211 344 438 513 308 379 413 423 41 327 218 389 446 379 117 264 238 110
211 0 257 173 369 214 370 391 266 158 326 231 308 330 252 172 216 8 179
344 257 0 105 226 103 131 171 25 323 122 140 120 -9 27 267 25 161 155
438 173 105 0 52 98 125 10 159 341 13 71 182 145 90 234 148 246 132
513 369 226 52 0 131 214 252 238 453 48 55 250 229 104 394 117 161 293
308 214 103 98 131 0 114 159 74 299 73 149 75 13 60 223 75 120 159
379 370 131 125 214 114 0 208 60 343 114 122 -12 -13 43 333 91 249 181
413 391 171 10 252 159 208 0 181 284 32 19 196 24 69 255 -14 188 230
423 266 25 159 238 74 60 181 0 452 182 158 40 38 179 394 139 270 227
41 158 323 341 453 299 343 284 452 0 349 277 280 302 307 20 234 187 247
327 326 122 13 48 73 114 32 182 349 0 59 178 124 -7 299 50 225 189
218 231 140 71 55 149 122 19 158 277 59 0 127 64 -26 256 117 201 202
389 308 120 182 250 75 -12 196 40 280 178 127 0 100 161 346 91 224 200
446 330 -9 145 229 13 -13 24 38 302 124 64 100 0 -13 330 26 181 243
379 252 27 90 104 60 43 69 179 307 -7 -26 161 -13 0 241 16 137 51
117 172 267 234 394 223 333 255 394 20 299 256 346 330 241 0 234 37 211
264 216 25 148 117 75 91 -14 139 234 50 117 91 26 16 234 0 168 77
238 8 161 246 161 120 249 188 270 187 225 201 224 181 137 37 168 0 18
110 179 155 132 293 159 181 230 227 247 189 202 200 243 51 211 77 18 0
