0 427 340 130 299 241 179 462 424 267 457 65 398 277 124 307 46 146 274
427 0 160 342 71 165 378 171 152 308 72 382 -23 68 293 -20 181 194 139
340 160 0 398 65 251 406 213 103 332 21 506 156 47 280 96 285 221 67
130 342 398 0 363 347 128 565 587 251 565 48 525 405 91 429 209 233 413
299 71 65 363 0 162 414 149 85 273 85 353 174 -8 258 102 194 156 51
241 165 251 347 162 0 330 452 382 174 350 253 272 309 160 210 177 68 157
179 378 406 128 414 330 0 505 604 146 516 127 312 500 48 211 141 233 327
462 171 213 565 149 452 505 0 -1 389 16 574 93 244 386 178 360 290 124
424 152 103 587 85 382 604 -1 0 409 5 418 99 230 374 150 231 303 145
267 308 332 251 273 174 146 389 409 0 269 54 270 232 13 222 -23 77 149
457 72 21 565 85 350 516 16 5 269 0 478 80 172 340 138 346 274 125
65 382 506 48 353 253 127 574 418 54 478 0 266 318 62 363 153 207 366
398 -23 156 525 174 272 312 93 99 270 80 266 0 21 284 71 330 216 41
277 68 47 405 -8 309 500 244 230 232 172 318 21 0 191 -21 263 180 -44
124 293 280 91 258 160 48 386 374 13 340 62 284 191 0 217 63 102 126
307 -20 96 429 102 210 211 178 150 222 138 363 71 -21 217 0 236 66 50
46 181 285 209 194 177 141 360 231 -23 346 153 330 263 63 236 0 171 199
146 194 221 233 156 68 233 290 303 77 274 207 216 180 102 66 171 0 97
274 139 67 413 51 157 327 124 145 149 125 366 41 -44 126 50 199 97 0
