0 235 196 333 400 469 361 387 223 371 166 272 378 342 75 301 243 147 153
235 0 99 418 485 554 446 472 308 456 69 357 463 427 160 386 328 232 238
196 99 0 379 446 515 407 433 269 417 30 318 424 388 121 347 289 193 199
333 418 379 0 247 316 150 234 262 218 349 61 225 189 258 148 90 186 192
400 485 446 247 0 185 275 103 329 169 416 186 94 58 325 99 157 253 259
469 554 515 316 185 0 344 100 398 238 485 255 91 127 394 168 226 322 328
361 446 407 150 275 344 0 262 290 246 377 89 253 217 286 176 118 214 220
387 472 433 234 103 100 262 0 316 156 403 173 9 45 312 86 144 240 246
223 308 269 262 329 398 290 316 0 300 239 201 307 271 148 230 172 76 70
371 456 417 218 169 238 246 156 300 0 387 157 147 111 296 70 128 224 230
166 69 30 349 416 485 377 403 239 387 0 288 394 358 91 317 259 163 169
272 357 318 61 186 255 89 173 201 157 288 0 164 128 197 87 29 125 131
378 463 424 225 94 91 253 9 307 147 394 164 0 36 303 77 135 231 237
342 427 388 189 58 127 217 45 271 111 358 128 36 0 267 41 99 195 201
75 160 121 258 325 394 286 312 148 296 91 197 303 267 0 226 168 72 78
301 386 347 148 99 168 176 86 230 70 317 87 77 41 226 0 58 154 160
243 328 289 90 157 226 118 144 172 128 259 29 135 99 168 58 0 96 102
147 232 193 186 253 322 214 240 76 224 163 125 231 195 72 154 96 0 6
153 238 199 192 259 328 220 246 70 230 169 131 237 201 78 160 102 6 0
