0 417 118 145 366 250 390 210 452 339 397 66 85 398 86 220 303 268 128
417 0 451 439 138 256 200 291 102 256 -21 377 240 -4 356 41 153 135 278
118 451 0 176 411 303 529 277 517 521 425 43 41 427 142 395 371 255 224
145 439 176 0 399 106 340 193 370 434 306 72 49 291 153 278 247 188 91
366 138 411 399 0 254 219 342 193 243 249 356 321 122 229 215 109 170 261
250 256 303 106 254 0 270 175 311 353 243 240 137 191 154 108 135 141 135
390 200 529 340 219 270 0 311 121 150 164 309 393 124 341 -3 86 280 264
210 291 277 193 342 175 311 0 343 347 284 87 -40 227 70 229 246 189 121
452 102 517 370 193 311 121 343 0 249 53 389 332 127 285 97 178 194 365
339 256 521 434 243 353 150 347 249 0 197 479 380 30 363 37 266 220 326
397 -21 425 306 249 243 164 284 53 197 0 324 274 48 323 42 -21 238 291
66 377 43 72 356 240 309 87 389 479 324 0 2 262 98 262 147 181 102
85 240 41 49 321 137 393 -40 332 380 274 2 0 217 44 289 157 102 174
398 -4 427 291 122 191 124 227 127 30 48 262 217 0 164 67 116 129 277
86 356 142 153 229 154 341 70 285 363 323 98 44 164 0 198 141 80 26
220 41 395 278 215 108 -3 229 97 37 42 262 289 67 198 0 27 54 231
303 153 371 247 109 135 86 246 178 266 -21 147 157 116 141 27 0 20 127
268 135 255 188 170 141 280 189 194 220 238 181 102 129 80 54 20 0 101
128 278 224 91 261 135 264 121 365 326 291 102 174 277 26 231 127 101 0
