0 114 296 268 224 105 41 407 256 329 -12 257 225 214 -23 189 132 95 130
114 0 317 441 248 176 120 525 348 374 134 459 233 247 115 273 191 -8 205
296 317 0 396 380 370 338 133 379 229 357 58 128 291 339 200 240 271 173
268 441 396 0 176 365 214 447 118 388 277 380 330 149 234 120 124 285 237
224 248 380 176 0 299 162 358 168 236 180 228 132 43 125 8 155 193 146
105 176 370 365 299 0 140 492 263 343 6 315 309 244 20 228 191 45 133
41 120 338 214 162 140 0 324 230 283 149 321 139 163 121 177 138 23 23
407 525 133 447 358 492 324 0 430 245 308 123 170 396 442 380 222 373 255
256 348 379 118 168 263 230 430 0 299 352 264 289 135 379 156 189 211 171
329 374 229 388 236 343 283 245 299 0 275 121 3 284 349 160 118 177 119
-12 134 357 277 180 6 149 308 352 275 0 408 193 219 30 114 167 114 69
257 459 58 380 228 315 321 123 264 121 408 0 169 250 306 286 249 202 161
225 233 128 330 132 309 139 170 289 3 193 169 0 224 198 200 140 14 90
214 247 291 149 43 244 163 396 135 284 219 250 224 0 160 46 88 100 116
-23 115 339 234 125 20 121 442 379 349 30 306 198 160 0 214 123 119 85
189 273 200 120 8 228 177 380 156 160 114 286 200 46 214 0 2 78 131
132 191 240 124 155 191 138 222 189 118 167 249 140 88 123 2 0 98 -14
95 -8 271 285 193 45 23 373 211 177 114 202 14 100 119 78 98 0 68
130 205 173 237 146 133 23 255 171 119 69 161 90 116 85 131 -14 68 0
