0 104 175 289 356 249 207 268 239 56 244 178 261 171 169 22 104 99 102
104 0 81 195 262 155 113 174 145 116 150 84 167 77 75 82 10 5 8
175 81 0 256 323 216 174 235 206 187 211 145 228 138 136 153 71 76 73
289 195 256 0 123 200 158 219 190 301 195 129 28 122 120 267 185 190 187
356 262 323 123 0 267 225 286 257 368 262 196 95 189 187 334 252 257 254
249 155 216 200 267 0 100 29 146 261 5 71 172 78 80 227 145 150 147
207 113 174 158 225 100 0 119 104 219 95 29 130 36 38 185 103 108 105
268 174 235 219 286 29 119 0 165 280 24 90 191 97 99 246 164 169 166
239 145 206 190 257 146 104 165 0 251 141 75 162 68 70 217 135 140 137
56 116 187 301 368 261 219 280 251 0 256 190 273 183 181 34 116 111 114
244 150 211 195 262 5 95 24 141 256 0 66 167 73 75 222 140 145 142
178 84 145 129 196 71 29 90 75 190 66 0 101 7 9 156 74 79 76
261 167 228 28 95 172 130 191 162 273 167 101 0 94 92 239 157 162 159
171 77 138 122 189 78 36 97 68 183 73 7 94 0 2 149 67 72 69
169 75 136 120 187 80 38 99 70 181 75 9 92 2 0 147 65 70 67
22 82 153 267 334 227 185 246 217 34 222 156 239 149 147 0 82 77 80
104 10 71 185 252 145 103 164 135 116 140 74 157 67 65 82 0 5 2
99 5 76 190 257 150 108 169 140 111 145 79 162 72 70 77 5 0 3
102 8 73 187 254 147 105 166 137 114 142 76 159 69 67 80 2 3 0
