0 276 267 317 329 263 352 266 430 307 278 382 305 297 240 185 176 8 87
276 0 406 359 240 247 478 347 430 177 293 407 284 365 33 68 169 209 186
267 406 0 185 326 78 207 121 202 292 49 264 40 185 345 217 128 44 147
317 359 185 0 388 150 183 250 227 423 85 158 78 26 267 260 159 173 288
329 240 326 388 0 352 505 393 548 116 259 515 289 450 48 137 186 149 308
263 247 78 150 352 0 303 90 281 327 34 188 8 97 181 275 41 168 77
352 478 207 183 505 303 0 221 111 448 225 23 171 166 368 319 159 303 356
266 347 121 250 393 90 221 0 396 370 19 293 91 161 325 345 174 195 293
430 430 202 227 548 281 111 396 0 437 259 32 263 151 409 449 150 374 308
307 177 292 423 116 327 448 370 437 0 409 457 251 293 95 92 254 163 204
278 293 49 85 259 34 225 19 259 409 0 256 63 104 198 196 31 101 221
382 407 264 158 515 188 23 293 32 457 256 0 118 22 262 336 160 180 311
305 284 40 78 289 8 171 91 263 251 63 118 0 86 158 173 51 -12 153
297 365 185 26 450 97 166 161 151 293 104 22 86 0 262 292 13 163 152
240 33 345 267 48 181 368 325 409 95 198 262 158 262 0 52 189 61 127
185 68 217 260 137 275 319 345 449 92 196 336 173 292 52 0 279 84 152
176 169 128 159 186 41 159 174 150 254 31 160 51 13 189 279 0 127 128
8 209 44 173 149 168 303 195 374 163 101 180 -12 163 61 84 127 0 70
87 186 147 288 308 77 356 293 308 204 221 311 153 152 127 152 128 70 0
