0 447 324 294 355 368 333 422 289 400 368 380 271 230 260 318 199 243 63
447 0 127 327 298 307 412 284 174 159 202 316 51 183 188 269 137 253 318
324 127 0 132 133 178 342 96 94 224 182 -56 198 210 59 166 146 71 246
294 327 132 0 407 275 195 330 397 278 381 297 231 56 272 283 233 145 199
355 298 133 407 0 94 489 158 5 366 84 98 230 264 144 113 264 223 430
368 307 178 275 94 0 366 223 53 329 -20 81 244 209 42 73 92 201 350
333 412 342 195 489 366 0 396 307 418 403 276 335 50 244 333 205 120 199
422 284 96 330 158 223 396 0 205 324 167 121 146 339 171 139 130 158 314
289 174 94 397 5 53 307 205 0 261 71 -63 196 134 65 139 171 177 238
400 159 224 278 366 329 418 324 261 0 282 299 77 409 241 160 201 185 337
368 202 182 381 84 -20 403 167 71 282 0 -9 82 238 131 4 76 131 307
380 316 -56 297 98 81 276 121 -63 299 -9 0 170 217 37 94 174 210 230
271 51 198 231 230 244 335 146 196 77 82 170 0 78 123 122 48 176 264
230 183 210 56 264 209 50 339 134 409 238 217 78 0 236 155 107 104 164
260 188 59 272 144 42 244 171 65 241 131 37 123 236 0 35 93 173 244
318 269 166 283 113 73 333 139 139 160 4 94 122 155 35 0 82 34 225
199 137 146 233 264 92 205 130 171 201 76 174 48 107 93 82 0 51 182
243 253 71 145 223 201 120 158 177 185 131 210 176 104 173 34 51 0 -19
63 318 246 199 430 350 199 314 238 337 307 230 264 164 244 225 182 -19 0
