0 97 239 391 414 427 417 458 136 192 373 4 66 344 384 137 321 226 207
97 0 328 480 503 516 506 547 225 281 462 93 155 433 473 226 410 315 296
239 328 0 178 201 214 204 245 243 157 160 235 173 131 171 102 108 13 32
391 480 178 0 163 50 166 207 395 309 122 387 325 93 7 254 70 165 184
414 503 201 163 0 199 143 184 418 332 99 410 348 70 156 277 93 188 207
427 516 214 50 199 0 202 243 431 345 158 423 361 129 43 290 106 201 220
417 506 204 166 143 202 0 129 421 335 44 413 351 73 159 280 96 191 210
458 547 245 207 184 243 129 0 462 376 85 454 392 114 200 321 137 232 251
136 225 243 395 418 431 421 462 0 196 377 132 70 348 388 141 325 230 211
192 281 157 309 332 345 335 376 196 0 291 188 126 262 302 55 239 144 125
373 462 160 122 99 158 44 85 377 291 0 369 307 29 115 236 52 147 166
4 93 235 387 410 423 413 454 132 188 369 0 62 340 380 133 317 222 203
66 155 173 325 348 361 351 392 70 126 307 62 0 278 318 71 255 160 141
344 433 131 93 70 129 73 114 348 262 29 340 278 0 86 207 23 118 137
384 473 171 7 156 43 159 200 388 302 115 380 318 86 0 247 63 158 177
137 226 102 254 277 290 280 321 141 55 236 133 71 207 247 0 184 89 70
321 410 108 70 93 106 96 137 325 239 52 317 255 23 63 184 0 95 114
226 315 13 165 188 201 191 232 230 144 147 222 160 118 158 89 95 0 19
207 296 32 184 207 220 210 251 211 125 166 203 141 137 177 70 114 19 0
