0 309 239 255 337 372 330 402 216 103 309 90 261 224 218 240 209 147 205
309 0 130 146 228 263 159 293 231 232 200 219 152 115 109 69 100 162 220
239 130 0 58 128 163 151 193 161 162 100 149 52 15 21 61 30 92 150
255 146 58 0 156 191 167 221 177 178 128 165 80 43 37 77 46 108 166
337 228 128 156 0 187 249 217 259 260 124 247 76 113 119 159 128 190 248
372 263 163 191 187 0 284 156 294 295 63 282 111 148 154 194 163 225 283
330 159 151 167 249 284 0 314 252 253 221 240 173 136 130 90 121 183 241
402 293 193 221 217 156 314 0 324 325 93 312 141 178 184 224 193 255 313
216 231 161 177 259 294 252 324 0 139 231 126 183 146 140 162 131 69 11
103 232 162 178 260 295 253 325 139 0 232 13 184 147 141 163 132 70 128
309 200 100 128 124 63 221 93 231 232 0 219 48 85 91 131 100 162 220
90 219 149 165 247 282 240 312 126 13 219 0 171 134 128 150 119 57 115
261 152 52 80 76 111 173 141 183 184 48 171 0 37 43 83 52 114 172
224 115 15 43 113 148 136 178 146 147 85 134 37 0 6 46 15 77 135
218 109 21 37 119 154 130 184 140 141 91 128 43 6 0 40 9 71 129
240 69 61 77 159 194 90 224 162 163 131 150 83 46 40 0 31 93 151
209 100 30 46 128 163 121 193 131 132 100 119 52 15 9 31 0 62 120
147 162 92 108 190 225 183 255 69 70 162 57 114 77 71 93 62 0 58
205 220 150 166 248 283 241 313 11 128 220 115 172 135 129 151 120 58 0
