0 219 294 358 441 314 383 386 407 83 356 346 361 313 303 53 279 146 198
219 0 221 285 368 241 310 313 334 196 283 273 288 240 230 166 206 73 125
294 221 0 94 177 50 119 122 143 271 92 82 97 49 39 241 15 148 96
358 285 94 0 107 66 135 32 159 335 2 12 113 65 55 305 79 212 160
441 368 177 107 0 149 218 135 242 418 105 95 196 148 138 388 162 295 243
314 241 50 66 149 0 71 94 95 291 64 54 49 1 11 261 35 168 116
383 310 119 135 218 71 0 163 68 360 133 123 22 70 80 330 104 237 185
386 313 122 32 135 94 163 0 187 363 30 40 141 93 83 333 107 240 188
407 334 143 159 242 95 68 187 0 384 157 147 46 94 104 354 128 261 209
83 196 271 335 418 291 360 363 384 0 333 323 338 290 280 30 256 123 175
356 283 92 2 105 64 133 30 157 333 0 10 111 63 53 303 77 210 158
346 273 82 12 95 54 123 40 147 323 10 0 101 53 43 293 67 200 148
361 288 97 113 196 49 22 141 46 338 111 101 0 48 58 308 82 215 163
313 240 49 65 148 1 70 93 94 290 63 53 48 0 10 260 34 167 115
303 230 39 55 138 11 80 83 104 280 53 43 58 10 0 250 24 157 105
53 166 241 305 388 261 330 333 354 30 303 293 308 260 250 0 226 93 145
279 206 15 79 162 35 104 107 128 256 77 67 82 34 24 226 0 133 81
146 73 148 212 295 168 237 240 261 123 210 200 215 167 157 93 133 0 52
198 125 96 160 243 116 185 188 209 175 158 148 163 115 105 145 81 52 0
