0 178 188 249 264 414 201 135 330 413 192 133 126 14 408 128 328 241 89
178 0 196 71 273 376 71 257 298 461 31 90 -26 66 481 187 299 224 139
188 196 0 173 423 591 81 367 562 544 124 118 231 191 565 227 535 384 357
249 71 173 0 453 450 -12 311 475 581 -3 -23 61 120 440 252 447 366 237
264 273 423 453 0 242 334 148 225 198 310 357 370 310 171 185 57 13 66
414 376 591 450 242 0 508 333 141 3 583 529 414 412 49 274 79 171 204
201 71 81 -12 334 508 0 290 394 548 56 -14 35 100 554 251 411 324 299
135 257 367 311 148 333 290 0 327 435 308 376 252 179 366 107 307 271 130
330 298 562 475 225 141 394 327 0 135 440 480 389 309 87 117 -76 157 177
413 461 544 581 198 3 548 435 135 0 545 568 448 343 -41 227 48 188 266
192 31 124 -3 310 583 56 308 440 545 0 -7 -31 128 528 205 529 231 265
133 90 118 -23 357 529 -14 376 480 568 -7 0 84 86 545 256 473 319 203
126 -26 231 61 370 414 35 252 389 448 -31 84 0 -35 466 119 383 234 133
14 66 191 120 310 412 100 179 309 343 128 86 -35 0 378 34 216 200 -5
408 481 565 440 171 49 554 366 87 -41 528 545 466 378 0 318 113 153 276
128 187 227 252 185 274 251 107 117 227 205 256 119 34 318 0 110 205 54
328 299 535 447 57 79 411 307 -76 48 529 473 383 216 113 110 0 216 222
241 224 384 366 13 171 324 271 157 188 231 319 234 200 153 205 216 0 43
89 139 357 237 66 204 299 130 177 266 265 203 133 -5 276 54 222 43 0
