0 372 165 397 369 102 242 278 173 151 98 85 345 56 287 71 210 158 202
372 0 395 79 167 362 298 230 433 381 328 345 27 316 85 301 162 214 170
165 395 0 420 392 155 265 301 226 120 67 138 368 109 310 94 233 181 225
397 79 420 0 192 387 323 255 458 406 353 370 52 341 110 326 187 239 195
369 167 392 192 0 359 295 227 430 378 325 342 140 313 82 298 159 211 167
102 362 155 387 359 0 232 268 105 141 88 17 335 46 277 61 200 148 192
242 298 265 323 295 232 0 204 303 251 198 215 271 186 213 171 136 84 128
278 230 301 255 227 268 204 0 339 287 234 251 203 222 145 207 68 120 76
173 433 226 458 430 105 303 339 0 212 159 88 406 117 348 132 271 219 263
151 381 120 406 378 141 251 287 212 0 53 124 354 95 296 80 219 167 211
98 328 67 353 325 88 198 234 159 53 0 71 301 42 243 27 166 114 158
85 345 138 370 342 17 215 251 88 124 71 0 318 29 260 44 183 131 175
345 27 368 52 140 335 271 203 406 354 301 318 0 289 58 274 135 187 143
56 316 109 341 313 46 186 222 117 95 42 29 289 0 231 15 154 102 146
287 85 310 110 82 277 213 145 348 296 243 260 58 231 0 216 77 129 85
71 301 94 326 298 61 171 207 132 80 27 44 274 15 216 0 139 87 131
210 162 233 187 159 200 136 68 271 219 166 183 135 154 77 139 0 52 8
158 214 181 239 211 148 84 120 219 167 114 131 187 102 129 87 52 0 44
202 170 225 195 167 192 128 76 263 211 158 175 143 146 85 131 8 44 0
