0 318 312 162 147 146 261 181 355 367 91 289 11 54 272 216 67 201 125
318 0 228 458 357 330 147 477 271 141 387 205 307 264 46 102 251 117 193
312 228 0 452 351 324 171 471 89 277 381 23 301 258 182 126 245 111 187
162 458 452 0 287 286 401 161 495 507 71 429 151 194 412 356 207 341 265
147 357 351 287 0 185 300 306 394 406 216 328 136 93 311 255 106 240 164
146 330 324 286 185 0 273 305 367 379 215 301 135 92 284 228 79 213 137
261 147 171 401 300 273 0 420 214 196 330 148 250 207 101 45 194 60 136
181 477 471 161 306 305 420 0 514 526 90 448 170 213 431 375 226 360 284
355 271 89 495 394 367 214 514 0 320 424 66 344 301 225 169 288 154 230
367 141 277 507 406 379 196 526 320 0 436 254 356 313 95 151 300 166 242
91 387 381 71 216 215 330 90 424 436 0 358 80 123 341 285 136 270 194
289 205 23 429 328 301 148 448 66 254 358 0 278 235 159 103 222 88 164
11 307 301 151 136 135 250 170 344 356 80 278 0 43 261 205 56 190 114
54 264 258 194 93 92 207 213 301 313 123 235 43 0 218 162 13 147 71
272 46 182 412 311 284 101 431 225 95 341 159 261 218 0 56 205 71 147
216 102 126 356 255 228 45 375 169 151 285 103 205 162 56 0 149 15 91
67 251 245 207 106 79 194 226 288 300 136 222 56 13 205 149 0 134 58
201 117 111 341 240 213 60 360 154 166 270 88 190 147 71 15 134 0 76
125 193 187 265 164 137 136 284 230 242 194 164 114 71 147 91 58 76 0
