0 346 203 208 196 237 262 159 232 343 154 167 205 71 141 72 247 114 207
346 0 407 326 314 439 464 363 434 195 358 285 407 275 343 274 99 232 139
203 407 0 269 257 298 323 54 293 404 49 228 266 132 202 133 308 175 268
208 326 269 0 70 301 326 225 296 323 220 41 269 137 205 136 227 94 187
196 314 257 70 0 289 314 213 284 311 208 29 257 125 193 124 215 82 175
237 439 298 301 289 0 89 254 187 436 249 260 32 166 96 165 340 207 300
262 464 323 326 314 89 0 279 212 461 274 285 57 191 121 190 365 232 325
159 363 54 225 213 254 279 0 249 360 5 184 222 88 158 89 264 131 224
232 434 293 296 284 187 212 249 0 431 244 255 155 161 91 160 335 202 295
343 195 404 323 311 436 461 360 431 0 355 282 404 272 340 271 96 229 136
154 358 49 220 208 249 274 5 244 355 0 179 217 83 153 84 259 126 219
167 285 228 41 29 260 285 184 255 282 179 0 228 96 164 95 186 53 146
205 407 266 269 257 32 57 222 155 404 217 228 0 134 64 133 308 175 268
71 275 132 137 125 166 191 88 161 272 83 96 134 0 70 1 176 43 136
141 343 202 205 193 96 121 158 91 340 153 164 64 70 0 69 244 111 204
72 274 133 136 124 165 190 89 160 271 84 95 133 1 69 0 175 42 135
247 99 308 227 215 340 365 264 335 96 259 186 308 176 244 175 0 133 40
114 232 175 94 82 207 232 131 202 229 126 53 175 43 111 42 133 0 93
207 139 268 187 175 300 325 224 295 136 219 146 268 136 204 135 40 93 0
