0 413 104 413 199 497 50 190 458 280 209 247 146 105 390 93 366 143 296
413 0 431 110 465 142 364 448 165 254 409 63 297 317 42 333 62 232 54
104 431 0 483 212 386 134 277 345 339 317 318 114 109 368 104 389 223 239
413 110 483 0 520 126 450 336 167 382 552 53 363 379 127 347 92 289 138
199 465 212 520 0 383 170 -4 516 263 -41 338 254 163 270 127 351 273 384
497 142 386 126 383 0 371 389 196 282 346 43 300 288 25 326 136 206 178
50 364 134 450 170 371 0 180 395 172 97 383 56 -20 249 79 344 77 214
190 448 277 336 -4 389 180 0 565 306 5 438 194 227 341 89 270 206 415
458 165 345 167 516 196 395 565 0 370 567 111 452 332 137 411 96 244 249
280 254 339 382 263 282 172 306 370 0 218 265 154 212 204 198 181 74 163
209 409 317 552 -41 346 97 5 567 218 0 496 147 48 372 60 353 155 242
247 63 318 53 338 43 383 438 111 265 496 0 365 236 13 156 81 179 135
146 297 114 363 254 300 56 194 452 154 147 365 0 116 275 -12 215 150 261
105 317 109 379 163 288 -20 227 332 212 48 236 116 0 275 -114 288 153 231
390 42 368 127 270 25 249 341 137 204 372 13 275 275 0 205 -70 130 -17
93 333 104 347 127 326 79 89 411 198 60 156 -12 -114 205 0 197 38 151
366 62 389 92 351 136 344 270 96 181 353 81 215 288 -70 197 0 129 120
143 232 223 289 273 206 77 206 244 74 155 179 150 153 130 38 129 0 43
296 54 239 138 384 178 214 415 249 163 242 135 261 231 -17 151 120 43 0
