0 75 424 377 314 176 458 344 343 296 284 414 31 100 189 216 268 347 276
75 0 437 390 327 189 471 357 356 309 297 427 44 113 202 229 281 360 289
424 437 0 107 306 400 54 232 389 342 330 10 393 324 235 208 156 77 148
377 390 107 0 259 353 141 185 342 295 283 97 346 277 188 161 109 30 101
314 327 306 259 0 290 340 226 279 232 220 296 283 214 125 98 150 229 158
176 189 400 353 290 0 434 320 319 272 260 390 145 76 165 192 244 323 252
458 471 54 141 340 434 0 266 423 376 364 44 427 358 269 242 190 111 182
344 357 232 185 226 320 266 0 309 262 250 222 313 244 155 128 76 155 84
343 356 389 342 279 319 423 309 0 71 59 379 312 243 154 181 233 312 241
296 309 342 295 232 272 376 262 71 0 12 332 265 196 107 134 186 265 194
284 297 330 283 220 260 364 250 59 12 0 320 253 184 95 122 174 253 182
414 427 10 97 296 390 44 222 379 332 320 0 383 314 225 198 146 67 138
31 44 393 346 283 145 427 313 312 265 253 383 0 69 158 185 237 316 245
100 113 324 277 214 76 358 244 243 196 184 314 69 0 89 116 168 247 176
189 202 235 188 125 165 269 155 154 107 95 225 158 89 0 27 79 158 87
216 229 208 161 98 192 242 128 181 134 122 198 185 116 27 0 52 131 60
268 281 156 109 150 244 190 76 233 186 174 146 237 168 79 52 0 79 8
347 360 77 30 229 323 111 155 312 265 253 67 316 247 158 131 79 0 71
276 289 148 101 158 252 182 84 241 194 182 138 245 176 87 60 8 71 0
