0 246 -4 284 103 224 -19 267 196 54 -15 124 -11 -28 225 55 174 203 174
246 0 331 62 402 348 268 257 418 210 300 297 199 142 62 298 111 237 179
-4 331 0 232 146 273 24 338 195 51 -104 115 60 -59 160 69 57 154 151
284 62 232 0 295 101 227 289 286 191 187 268 119 140 37 147 65 121 152
103 402 146 295 0 407 182 429 246 100 239 230 151 202 411 191 217 401 229
224 348 273 101 407 0 274 140 343 167 243 369 225 290 190 102 87 36 31
-19 268 24 227 182 274 0 265 144 95 -60 59 49 109 292 83 86 187 168
267 257 338 289 429 140 265 0 533 265 333 298 355 292 338 213 100 55 92
196 418 195 286 246 343 144 533 0 220 167 65 127 143 320 67 324 304 229
54 210 51 191 100 167 95 265 220 0 43 109 -14 -84 191 76 131 150 167
-15 300 -104 187 239 243 -60 333 167 43 0 138 2 12 273 21 101 103 132
124 297 115 268 230 369 59 298 65 109 138 0 88 38 258 80 227 314 232
-11 199 60 119 151 225 49 355 127 -14 2 88 0 -20 224 -8 112 212 63
-28 142 -59 140 202 290 109 292 143 -84 12 38 -20 0 171 63 121 223 182
225 62 160 37 411 190 292 338 320 191 273 258 224 171 0 115 129 214 199
55 298 69 147 191 102 83 213 67 76 21 80 -8 63 115 0 117 105 219
174 111 57 65 217 87 86 100 324 131 101 227 112 121 129 117 0 47 122
203 237 154 121 401 36 187 55 304 150 103 314 212 223 214 105 47 0 44
174 179 151 152 229 31 168 92 229 167 132 232 63 182 199 219 122 44 0
