0 361 163 281 272 288 194 285 277 317 280 264 262 85 174 106 258 203 221
361 0 354 236 227 133 343 434 426 118 81 413 217 276 323 255 103 158 176
163 354 0 274 265 281 187 278 270 310 273 257 255 78 167 99 251 196 214
281 236 274 0 29 163 263 354 346 192 155 333 19 196 243 175 133 78 60
272 227 265 29 0 154 254 345 337 183 146 324 10 187 234 166 124 69 51
288 133 281 163 154 0 270 361 353 89 52 340 144 203 250 182 30 85 103
194 343 187 263 254 270 0 131 123 299 262 110 244 109 20 88 240 185 203
285 434 278 354 345 361 131 0 34 390 353 21 335 200 111 179 331 276 294
277 426 270 346 337 353 123 34 0 382 345 13 327 192 103 171 323 268 286
317 118 310 192 183 89 299 390 382 0 37 369 173 232 279 211 59 114 132
280 81 273 155 146 52 262 353 345 37 0 332 136 195 242 174 22 77 95
264 413 257 333 324 340 110 21 13 369 332 0 314 179 90 158 310 255 273
262 217 255 19 10 144 244 335 327 173 136 314 0 177 224 156 114 59 41
85 276 78 196 187 203 109 200 192 232 195 179 177 0 89 21 173 118 136
174 323 167 243 234 250 20 111 103 279 242 90 224 89 0 68 220 165 183
106 255 99 175 166 182 88 179 171 211 174 158 156 21 68 0 152 97 115
258 103 251 133 124 30 240 331 323 59 22 310 114 173 220 152 0 55 73
203 158 196 78 69 85 185 276 268 114 77 255 59 118 165 97 55 0 18
221 176 214 60 51 103 203 294 286 132 95 273 41 136 183 115 73 18 0
