0 438 385 409 413 170 219 197 263 270 234 352 185 361 151 141 252 308 299
438 0 103 132 83 372 212 490 245 286 263 -68 388 74 312 340 260 74 182
385 103 0 107 253 464 342 428 217 321 255 180 352 45 221 260 135 0 112
409 132 107 0 127 331 187 495 251 287 219 134 329 -3 295 234 196 113 188
413 83 253 127 0 509 182 534 284 371 343 17 413 141 341 359 296 33 240
170 372 464 331 509 0 180 93 178 235 75 481 16 363 138 128 214 382 208
219 212 342 187 182 180 0 327 209 262 70 228 145 102 191 83 -37 209 72
197 490 428 495 534 93 327 0 283 220 179 526 61 420 84 223 291 248 329
263 245 217 251 284 178 209 283 0 168 56 277 173 315 125 126 43 211 98
270 286 321 287 371 235 262 220 168 0 73 400 77 296 182 104 241 281 96
234 263 255 219 343 75 70 179 56 73 0 209 146 221 102 -23 127 273 237
352 -68 180 134 17 481 228 526 277 400 209 0 315 48 234 235 78 -4 47
185 388 352 329 413 16 145 61 173 77 146 315 0 362 9 102 189 261 201
361 74 45 -3 141 363 102 420 315 296 221 48 362 0 361 203 36 10 82
151 312 221 295 341 138 191 84 125 182 102 234 9 361 0 114 244 282 174
141 340 260 234 359 128 83 223 126 104 -23 235 102 203 114 0 74 232 140
252 260 135 196 296 214 -37 291 43 241 127 78 189 36 244 74 0 175 -63
308 74 0 113 33 382 209 248 211 281 273 -4 261 10 282 232 175 0 187
299 182 112 188 240 208 72 329 98 96 237 47 201 82 174 140 -63 187 0
