     19
object000 0 344 178 255 108 61 164 125 319 356 49 307 209 327 6 171 166 127 133
object001 344 0 296 222 394 301 474 354 174 78 284 17 342 64 405 244 248 305 314
object002 178 296 0 292 237 188 85 200 374 336 141 374 13 319 235 134 173 181 125
object003 255 222 292 0 239 197 303 198 140 187 156 134 142 91 246 62 105 115 125
object004 108 394 237 239 0 205 333 151 453 469 235 426 333 277 31 205 147 203 139
object005 61 301 188 197 205 0 198 81 272 428 47 340 124 218 97 86 -18 72 109
object006 164 474 85 303 333 198 0 319 402 401 172 358 107 318 280 228 126 143 118
object007 125 354 200 198 151 81 319 0 240 293 32 223 83 204 175 96 128 72 71
object008 319 174 374 140 453 272 402 240 0 88 234 -28 323 61 244 149 224 133 143
object009 356 78 336 187 469 428 401 293 88 0 195 25 308 80 317 166 242 147 158
object010 49 284 141 156 235 47 172 32 234 195 0 223 101 186 37 96 -72 29 97
object011 307 17 374 134 426 340 358 223 -28 25 223 0 185 -18 353 60 142 227 204
object012 209 342 13 142 333 124 107 83 323 308 101 185 0 179 92 63 167 131 128
object013 327 64 319 91 277 218 318 204 61 80 186 -18 179 0 278 58 153 216 119
object014 6 405 235 246 31 97 280 175 244 317 37 353 92 278 0 138 50 30 148
object015 171 244 134 62 205 86 228 96 149 166 96 60 63 58 138 0 146 45 125
object016 166 248 173 105 147 -18 126 128 224 242 -72 142 167 153 50 146 0 57 6
object017 127 305 181 115 203 72 143 72 133 147 29 227 131 216 30 45 57 0 48
object018 133 314 125 125 139 109 118 71 143 158 97 204 128 119 148 125 6 48 0
