0 222 353 226 160 228 391 243 238 279 148 270 302 320 178 83 243 59 -31
222 0 190 146 197 189 168 290 210 25 179 211 -83 86 72 131 -44 55 149
353 190 0 263 356 363 151 340 379 209 225 323 128 46 294 184 129 236 412
226 146 263 0 137 144 316 200 125 193 119 70 183 155 138 -18 91 122 188
160 197 356 137 0 64 381 173 207 157 5 174 107 179 127 101 96 -8 115
228 189 363 144 64 0 377 244 219 208 42 198 141 289 14 79 143 86 229
391 168 151 316 381 377 0 363 419 277 235 336 209 77 211 250 210 186 369
243 290 340 200 173 244 363 0 90 204 106 10 274 284 6 134 195 125 235
238 210 379 125 207 219 419 90 0 241 189 46 343 245 148 214 175 185 243
279 25 209 193 157 208 277 204 241 0 240 228 58 119 115 134 93 123 225
148 179 225 119 5 42 235 106 189 240 0 124 146 182 136 71 108 93 200
270 211 323 70 174 198 336 10 46 228 124 0 180 296 71 99 109 42 171
302 -83 128 183 107 141 209 274 343 58 146 180 0 89 93 111 53 100 252
320 86 46 155 179 289 77 284 245 119 182 296 89 0 69 111 147 124 170
178 72 294 138 127 14 211 6 148 115 136 71 93 69 0 16 -10 56 207
83 131 184 -18 101 79 250 134 214 134 71 99 111 111 16 0 40 -33 82
243 -44 129 91 96 143 210 195 175 93 108 109 53 147 -10 40 0 44 162
59 55 236 122 -8 86 186 125 185 123 93 42 100 124 56 -33 44 0 147
-31 149 412 188 115 229 369 235 243 225 200 171 252 170 207 82 162 147 0
