0 126 297 242 352 297 166 296 247 269 175 279 223 228 152 82 97 60 77
126 0 259 204 314 259 172 258 253 275 181 241 185 190 114 44 103 66 83
297 259 0 235 203 148 343 289 424 446 352 130 74 221 145 215 274 237 254
242 204 235 0 290 235 288 82 369 391 297 217 161 14 90 160 219 182 199
352 314 203 290 0 91 398 344 479 501 407 73 129 276 200 270 329 292 309
297 259 148 235 91 0 343 289 424 446 352 18 74 221 145 215 274 237 254
166 172 343 288 398 343 0 342 219 241 147 325 269 274 198 128 69 106 89
296 258 289 82 344 289 342 0 423 445 351 271 215 68 144 214 273 236 253
247 253 424 369 479 424 219 423 0 166 72 406 350 355 279 209 150 187 170
269 275 446 391 501 446 241 445 166 0 94 428 372 377 301 231 172 209 192
175 181 352 297 407 352 147 351 72 94 0 334 278 283 207 137 78 115 98
279 241 130 217 73 18 325 271 406 428 334 0 56 203 127 197 256 219 236
223 185 74 161 129 74 269 215 350 372 278 56 0 147 71 141 200 163 180
228 190 221 14 276 221 274 68 355 377 283 203 147 0 76 146 205 168 185
152 114 145 90 200 145 198 144 279 301 207 127 71 76 0 70 129 92 109
82 44 215 160 270 215 128 214 209 231 137 197 141 146 70 0 59 22 39
97 103 274 219 329 274 69 273 150 172 78 256 200 205 129 59 0 37 20
60 66 237 182 292 237 106 236 187 209 115 219 163 168 92 22 37 0 17
77 83 254 199 309 254 89 253 170 192 98 236 180 185 109 39 20 17 0
