0 288 281 332 313 249 387 322 420 276 238 368 219 284 219 202 207 115 64
288 0 339 390 197 307 445 380 478 160 296 426 277 342 103 86 265 173 224
281 339 0 199 364 92 254 165 287 327 81 235 62 151 270 253 74 166 217
332 390 199 0 415 167 151 240 184 378 156 132 137 48 321 304 125 217 268
313 197 364 415 0 332 470 405 503 151 321 451 302 367 94 111 290 198 249
249 307 92 167 332 0 222 95 255 295 11 203 30 119 238 221 42 134 185
387 445 254 151 470 222 0 295 71 433 211 19 192 103 376 359 180 272 323
322 380 165 240 405 95 295 0 328 368 84 276 103 192 311 294 115 207 258
420 478 287 184 503 255 71 328 0 466 244 52 225 136 409 392 213 305 356
276 160 327 378 151 295 433 368 466 0 284 414 265 330 57 74 253 161 212
238 296 81 156 321 11 211 84 244 284 0 192 19 108 227 210 31 123 174
368 426 235 132 451 203 19 276 52 414 192 0 173 84 357 340 161 253 304
219 277 62 137 302 30 192 103 225 265 19 173 0 89 208 191 12 104 155
284 342 151 48 367 119 103 192 136 330 108 84 89 0 273 256 77 169 220
219 103 270 321 94 238 376 311 409 57 227 357 208 273 0 17 196 104 155
202 86 253 304 111 221 359 294 392 74 210 340 191 256 17 0 179 87 138
207 265 74 125 290 42 180 115 213 253 31 161 12 77 196 179 0 92 143
115 173 166 217 198 134 272 207 305 161 123 253 104 169 104 87 92 0 51
64 224 217 268 249 185 323 258 356 212 174 304 155 220 155 138 143 51 0
