0 346 306 275 361 279 376 315 240 357 240 306 253 222 303 169 124 44 76
346 0 157 115 145 336 318 202 535 209 186 188 130 116 299 153 93 316 376
306 157 0 96 158 307 413 321 383 302 95 206 172 175 235 131 168 189 250
275 115 96 0 240 242 293 159 496 286 53 228 187 152 194 66 46 234 268
361 145 158 240 0 338 72 346 382 136 154 70 12 83 304 91 164 173 277
279 336 307 242 338 0 296 84 336 417 276 218 315 210 70 150 96 295 201
376 318 413 293 72 296 0 346 497 154 208 49 270 142 314 239 346 300 447
315 202 321 159 346 84 346 0 420 366 214 326 316 185 4 210 228 220 373
240 535 383 496 382 336 497 420 0 495 289 415 361 384 387 272 248 92 -68
357 209 302 286 136 417 154 366 495 0 132 42 40 153 342 236 161 377 360
240 186 95 53 154 276 208 214 289 132 0 208 101 73 156 34 19 138 176
306 188 206 228 70 218 49 326 415 42 208 0 43 61 356 253 219 210 439
253 130 172 187 12 315 270 316 361 40 101 43 0 54 201 86 144 228 247
222 116 175 152 83 210 142 185 384 153 73 61 54 0 276 50 48 156 209
303 299 235 194 304 70 314 4 387 342 156 356 201 276 0 150 80 233 297
169 153 131 66 91 150 239 210 272 236 34 253 86 50 150 0 117 155 328
124 93 168 46 164 96 346 228 248 161 19 219 144 48 80 117 0 43 211
44 316 189 234 173 295 300 220 92 377 138 210 228 156 233 155 43 0 114
76 376 250 268 277 201 447 373 -68 360 176 439 247 209 297 328 211 114 0
