0 301 262 346 244 322 327 305 270 236 226 306 265 271 201 221 187 143 57
301 0 277 361 259 337 86 320 129 251 241 321 280 30 216 80 202 158 244
262 277 0 206 132 182 303 165 246 46 36 166 125 247 61 197 75 119 205
346 361 206 0 216 56 387 121 330 180 170 40 81 331 145 281 159 203 289
244 259 132 216 0 192 285 175 228 106 96 176 135 229 71 179 57 101 187
322 337 182 56 192 0 363 97 306 156 146 16 57 307 121 257 135 179 265
327 86 303 387 285 363 0 346 155 277 267 347 306 56 242 106 228 184 270
305 320 165 121 175 97 346 0 289 139 129 81 40 290 104 240 118 162 248
270 129 246 330 228 306 155 289 0 220 210 290 249 99 185 49 171 127 213
236 251 46 180 106 156 277 139 220 0 10 140 99 221 35 171 49 93 179
226 241 36 170 96 146 267 129 210 10 0 130 89 211 25 161 39 83 169
306 321 166 40 176 16 347 81 290 140 130 0 41 291 105 241 119 163 249
265 280 125 81 135 57 306 40 249 99 89 41 0 250 64 200 78 122 208
271 30 247 331 229 307 56 290 99 221 211 291 250 0 186 50 172 128 214
201 216 61 145 71 121 242 104 185 35 25 105 64 186 0 136 14 58 144
221 80 197 281 179 257 106 240 49 171 161 241 200 50 136 0 122 78 164
187 202 75 159 57 135 228 118 171 49 39 119 78 172 14 122 0 44 130
143 158 119 203 101 179 184 162 127 93 83 163 122 128 58 78 44 0 86
57 244 205 289 187 265 270 248 213 179 169 249 208 214 144 164 130 86 0
