0 104 270 275 94 276 261 175 279 157 197 172 152 44 227 69 84 179 140
104 0 286 291 110 292 277 191 295 173 213 188 168 60 243 85 100 195 156
270 286 0 377 226 378 363 101 155 123 73 98 118 226 329 201 186 281 242
275 291 377 0 231 97 178 282 386 264 304 279 259 231 48 206 191 96 135
94 110 226 231 0 232 217 131 235 113 153 128 108 50 183 25 40 135 96
276 292 378 97 232 0 179 283 387 265 305 280 260 232 49 207 192 97 136
261 277 363 178 217 179 0 268 372 250 290 265 245 217 130 192 177 82 121
175 191 101 282 131 283 268 0 110 28 28 3 23 131 234 106 91 186 147
279 295 155 386 235 387 372 110 0 132 82 107 127 235 338 210 195 290 251
157 173 123 264 113 265 250 28 132 0 50 25 5 113 216 88 73 168 129
197 213 73 304 153 305 290 28 82 50 0 25 45 153 256 128 113 208 169
172 188 98 279 128 280 265 3 107 25 25 0 20 128 231 103 88 183 144
152 168 118 259 108 260 245 23 127 5 45 20 0 108 211 83 68 163 124
44 60 226 231 50 232 217 131 235 113 153 128 108 0 183 25 40 135 96
227 243 329 48 183 49 130 234 338 216 256 231 211 183 0 158 143 48 87
69 85 201 206 25 207 192 106 210 88 128 103 83 25 158 0 15 110 71
84 100 186 191 40 192 177 91 195 73 113 88 68 40 143 15 0 95 56
179 195 281 96 135 97 82 186 290 168 208 183 163 135 48 110 95 0 39
140 156 242 135 96 136 121 147 251 129 169 144 124 96 87 71 56 39 0
