0 399 190 132 383 260 420 155 456 443 385 94 82 361 123 332 297 211 130
399 0 425 367 188 237 155 308 85 178 14 329 317 96 276 67 102 188 269
190 425 0 134 409 286 446 181 482 469 411 96 108 387 149 358 323 237 156
132 367 134 0 351 228 388 123 424 411 353 38 50 329 91 300 265 179 98
383 188 409 351 0 221 209 292 245 232 174 313 301 150 260 121 86 172 253
260 237 286 228 221 0 258 169 294 281 223 190 178 199 137 170 135 49 130
420 155 446 388 209 258 0 329 212 141 141 350 338 59 297 88 123 209 290
155 308 181 123 292 169 329 0 365 352 294 85 73 270 32 241 206 120 39
456 85 482 424 245 294 212 365 0 235 71 386 374 153 333 124 159 245 326
443 178 469 411 232 281 141 352 235 0 164 373 361 82 320 111 146 232 313
385 14 411 353 174 223 141 294 71 164 0 315 303 82 262 53 88 174 255
94 329 96 38 313 190 350 85 386 373 315 0 12 291 53 262 227 141 60
82 317 108 50 301 178 338 73 374 361 303 12 0 279 41 250 215 129 48
361 96 387 329 150 199 59 270 153 82 82 291 279 0 238 29 64 150 231
123 276 149 91 260 137 297 32 333 320 262 53 41 238 0 209 174 88 7
332 67 358 300 121 170 88 241 124 111 53 262 250 29 209 0 35 121 202
297 102 323 265 86 135 123 206 159 146 88 227 215 64 174 35 0 86 167
211 188 237 179 172 49 209 120 245 232 174 141 129 150 88 121 86 0 81
130 269 156 98 253 130 290 39 326 313 255 60 48 231 7 202 167 81 0
