0 244 122 316 412 487 394 307 218 376 255 224 444 340 -33 237 231 150 164
244 0 156 440 482 546 488 521 265 456 76 343 456 411 225 415 280 304 230
122 156 0 418 471 487 403 376 299 379 1 354 504 339 145 374 370 188 280
316 440 418 0 230 276 72 190 286 272 378 146 220 190 267 131 57 117 291
412 482 471 230 0 196 343 122 290 214 403 234 117 127 271 155 127 224 167
487 546 487 276 196 0 290 143 418 257 499 294 136 53 374 121 198 322 285
394 488 403 72 343 290 0 177 370 238 461 12 229 234 309 147 144 235 287
307 521 376 190 122 143 177 0 321 144 484 208 17 79 283 94 174 167 319
218 265 299 286 290 418 370 321 0 346 216 208 327 326 96 207 117 145 87
376 456 379 272 214 257 238 144 346 0 397 250 146 24 310 107 110 197 221
255 76 1 378 403 499 461 484 216 397 0 185 347 387 104 424 245 99 241
224 343 354 146 234 294 12 208 208 250 185 0 122 227 308 87 -3 139 217
444 456 504 220 117 136 229 17 327 146 347 122 0 -20 377 98 86 344 292
340 411 339 190 127 53 234 79 326 24 387 227 -20 0 239 -60 120 201 119
-33 225 145 267 271 374 309 283 96 310 104 308 377 239 0 149 132 79 -21
237 415 374 131 155 121 147 94 207 107 424 87 98 -60 149 0 70 122 176
231 280 370 57 127 198 144 174 117 110 245 -3 86 120 132 70 0 94 152
150 304 188 117 224 322 235 167 145 197 99 139 344 201 79 122 94 0 17
164 230 280 291 167 285 287 319 87 221 241 217 292 119 -21 176 152 17 0
