0 409 118 185 360 228 181 384 277 291 174 32 352 347 114 255 172 151 250
409 0 463 366 75 409 246 89 176 398 355 377 57 62 295 154 237 258 357
118 463 0 239 414 282 235 438 331 345 228 86 406 401 168 309 226 205 304
185 366 239 0 317 65 138 341 234 248 11 153 309 304 71 212 129 108 207
360 75 414 317 0 360 197 50 127 349 306 328 18 13 246 105 188 209 308
228 409 282 65 360 0 181 384 277 291 54 196 352 347 114 255 172 151 250
181 246 235 138 197 181 0 221 114 170 127 149 189 184 67 92 9 30 129
384 89 438 341 50 384 221 0 151 373 330 352 32 37 270 129 212 233 332
277 176 331 234 127 277 114 151 0 266 223 245 119 114 163 22 105 126 225
291 398 345 248 349 291 170 373 266 0 237 259 341 336 177 244 161 140 41
174 355 228 11 306 54 127 330 223 237 0 142 298 293 60 201 118 97 196
32 377 86 153 328 196 149 352 245 259 142 0 320 315 82 223 140 119 218
352 57 406 309 18 352 189 32 119 341 298 320 0 5 238 97 180 201 300
347 62 401 304 13 347 184 37 114 336 293 315 5 0 233 92 175 196 295
114 295 168 71 246 114 67 270 163 177 60 82 238 233 0 141 58 37 136
255 154 309 212 105 255 92 129 22 244 201 223 97 92 141 0 83 104 203
172 237 226 129 188 172 9 212 105 161 118 140 180 175 58 83 0 21 120
151 258 205 108 209 151 30 233 126 140 97 119 201 196 37 104 21 0 99
250 357 304 207 308 250 129 332 225 41 196 218 300 295 136 203 120 99 0
