0 297 197 253 434 243 68 443 86 218 47 312 230 263 209 256 130 55 111
297 0 182 126 141 -6 144 185 305 243 248 105 48 11 25 46 212 206 218
197 182 0 224 236 -4 198 201 347 357 197 242 44 185 88 120 147 235 249
253 126 224 0 100 93 250 195 381 371 300 29 109 55 159 31 143 311 333
434 141 236 100 0 173 293 228 426 442 215 70 138 53 240 74 199 378 397
243 -6 -4 93 173 0 153 147 191 326 109 123 -13 -22 65 -11 28 163 73
68 144 198 250 293 153 0 154 107 263 80 64 36 136 158 100 24 92 111
443 185 201 195 228 147 154 0 273 393 261 81 123 202 123 190 125 256 225
86 305 347 381 426 191 107 273 0 112 141 278 289 283 135 200 164 -11 58
218 243 357 371 442 326 263 393 112 0 133 378 247 201 245 223 179 130 24
47 248 197 300 215 109 80 261 141 133 0 270 169 152 216 101 122 41 16
312 105 242 29 70 123 64 81 278 378 270 0 175 91 81 149 138 299 277
230 48 44 109 138 -13 36 123 289 247 169 175 0 11 -50 116 180 243 216
263 11 185 55 53 -22 136 202 283 201 152 91 11 0 85 33 119 150 227
209 25 88 159 240 65 158 123 135 245 216 81 -50 85 0 -30 4 175 260
256 46 120 31 74 -11 100 190 200 223 101 149 116 33 -30 0 44 167 167
130 212 147 143 199 28 24 125 164 179 122 138 180 119 4 44 0 114 37
55 206 235 311 378 163 92 256 -11 130 41 299 243 150 175 167 114 0 -45
111 218 249 333 397 73 111 225 58 24 16 277 216 227 260 167 37 -45 0
