0 67 277 291 174 93 79 304 259 167 215 18 158 206 36 167 104 39 87
67 0 308 322 205 124 110 335 290 198 246 49 189 237 67 198 135 70 118
277 308 0 138 243 298 278 373 328 128 62 259 119 275 241 236 173 238 190
291 322 138 0 257 312 292 387 342 142 76 273 133 289 255 250 187 252 204
174 205 243 257 0 195 175 144 99 133 181 156 124 46 138 7 70 135 87
93 124 298 312 195 0 100 325 280 188 236 75 179 227 57 188 125 60 108
79 110 278 292 175 100 0 305 260 168 216 61 159 207 43 168 105 40 88
304 335 373 387 144 325 305 0 151 263 311 286 254 98 268 137 200 265 217
259 290 328 342 99 280 260 151 0 218 266 241 209 53 223 92 155 220 172
167 198 128 142 133 188 168 263 218 0 66 149 9 165 131 126 63 128 80
215 246 62 76 181 236 216 311 266 66 0 197 57 213 179 174 111 176 128
18 49 259 273 156 75 61 286 241 149 197 0 140 188 18 149 86 21 69
158 189 119 133 124 179 159 254 209 9 57 140 0 156 122 117 54 119 71
206 237 275 289 46 227 207 98 53 165 213 188 156 0 170 39 102 167 119
36 67 241 255 138 57 43 268 223 131 179 18 122 170 0 131 68 3 51
167 198 236 250 7 188 168 137 92 126 174 149 117 39 131 0 63 128 80
104 135 173 187 70 125 105 200 155 63 111 86 54 102 68 63 0 65 17
39 70 238 252 135 60 40 265 220 128 176 21 119 167 3 128 65 0 48
87 118 190 204 87 108 88 217 172 80 128 69 71 119 51 80 17 48 0
