0 323 490 74 263 195 201 472 464 193 348 86 477 224 108 280 113 164 279
323 0 177 326 76 222 482 203 247 283 49 376 135 -7 284 -25 199 219 144
490 177 0 403 226 287 462 193 193 464 32 474 -28 160 323 116 349 200 251
74 326 403 0 301 219 175 325 449 320 455 55 381 373 157 204 172 260 272
263 76 226 301 0 174 453 245 381 271 191 279 160 109 264 14 115 141 139
195 222 287 219 174 0 344 272 341 190 374 199 172 176 91 183 85 142 201
201 482 462 175 453 344 0 489 572 234 603 99 466 369 202 358 211 202 353
472 203 193 325 245 272 489 0 109 486 108 419 76 118 398 219 232 240 237
464 247 193 449 381 341 572 109 0 447 72 543 116 180 429 284 411 390 336
193 283 464 320 271 190 234 486 447 0 443 60 278 240 80 153 59 161 175
348 49 32 455 191 374 603 108 72 443 0 367 31 170 319 248 267 330 138
86 376 474 55 279 199 99 419 543 60 367 0 376 191 38 238 173 126 146
477 135 -28 381 160 172 466 76 116 278 31 376 0 118 283 148 305 277 164
224 -7 160 373 109 176 369 118 180 240 170 191 118 0 325 48 262 83 -71
108 284 323 157 264 91 202 398 429 80 319 38 283 325 0 169 17 49 135
280 -25 116 204 14 183 358 219 284 153 248 238 148 48 169 0 171 46 -9
113 199 349 172 115 85 211 232 411 59 267 173 305 262 17 171 0 40 124
164 219 200 260 141 142 202 240 390 161 330 126 277 83 49 46 40 0 139
279 144 251 272 139 201 353 237 336 175 138 146 164 -71 135 -9 124 139 0
