0 31 124 252 422 230 250 274 260 71 195 229 166 127 169 88 94 129 151
31 0 14 278 299 77 100 166 205 87 45 -26 206 89 -11 42 27 -2 9
124 14 0 280 322 245 118 256 292 189 202 188 248 143 191 238 78 96 81
252 278 280 0 96 308 168 205 170 188 172 202 74 99 189 168 250 212 269
422 299 322 96 0 313 248 257 180 391 180 245 24 212 173 391 215 173 277
230 77 245 308 313 0 119 0 56 281 22 26 111 18 42 221 112 179 97
250 100 118 168 248 119 0 171 95 65 136 63 221 9 12 127 114 86 99
274 166 256 205 257 0 171 0 134 274 -83 100 142 125 97 283 148 145 136
260 205 292 170 180 56 95 134 0 259 98 0 126 103 158 201 85 130 128
71 87 189 188 391 281 65 274 259 0 323 150 258 71 175 38 94 37 88
195 45 202 172 180 22 136 -83 98 323 0 51 136 101 107 263 216 199 242
229 -26 188 202 245 26 63 100 0 150 51 0 124 65 -42 175 96 124 36
166 206 248 74 24 111 221 142 126 258 136 124 0 70 106 288 152 137 197
127 89 143 99 212 18 9 125 103 71 101 65 70 0 -32 184 37 126 90
169 -11 191 189 173 42 12 97 158 175 107 -42 106 -32 0 105 81 -57 69
88 42 238 168 391 221 127 283 201 38 263 175 288 184 105 0 92 102 66
94 27 78 250 215 112 114 148 85 94 216 96 152 37 81 92 0 37 -3
129 -2 96 212 173 179 86 145 130 37 199 124 137 126 -57 102 37 0 40
151 9 81 269 277 97 99 136 128 88 242 36 197 90 69 66 -3 40 0
