0 308 68 344 342 71 162 275 52 124 50 42 292 2 244 43 198 126 153
308 0 290 68 162 375 218 187 356 346 272 346 16 306 64 265 110 182 155
68 290 0 326 324 135 144 257 116 92 18 106 274 66 226 25 180 108 135
344 68 326 0 198 411 254 223 392 382 308 382 52 342 100 301 146 218 191
342 162 324 198 0 409 252 221 390 380 306 380 146 340 98 299 144 216 189
71 375 135 411 409 0 229 342 39 191 117 29 359 69 311 110 265 193 220
162 218 144 254 252 229 0 185 210 200 126 200 202 160 154 119 108 36 63
275 187 257 223 221 342 185 0 323 313 239 313 171 273 123 232 77 149 122
52 356 116 392 390 39 210 323 0 172 98 10 340 50 292 91 246 174 201
124 346 92 382 380 191 200 313 172 0 74 162 330 122 282 81 236 164 191
50 272 18 308 306 117 126 239 98 74 0 88 256 48 208 7 162 90 117
42 346 106 382 380 29 200 313 10 162 88 0 330 40 282 81 236 164 191
292 16 274 52 146 359 202 171 340 330 256 330 0 290 48 249 94 166 139
2 306 66 342 340 69 160 273 50 122 48 40 290 0 242 41 196 124 151
244 64 226 100 98 311 154 123 292 282 208 282 48 242 0 201 46 118 91
43 265 25 301 299 110 119 232 91 81 7 81 249 41 201 0 155 83 110
198 110 180 146 144 265 108 77 246 236 162 236 94 196 46 155 0 72 45
126 182 108 218 216 193 36 149 174 164 90 164 166 124 118 83 72 0 27
153 155 135 191 189 220 63 122 201 191 117 191 139 151 91 110 45 27 0
