0 235 396 418 144 375 101 362 374 293 76 317 348 279 81 147 266 172 265
235 0 337 359 227 316 174 303 315 234 159 258 289 220 154 88 207 113 206
396 337 0 118 388 239 335 226 238 345 320 181 48 143 315 249 130 224 317
418 359 118 0 410 261 357 248 260 367 342 203 70 165 337 271 152 246 339
144 227 388 410 0 367 93 354 366 285 68 309 340 271 73 139 258 164 257
375 316 239 261 367 0 314 179 191 324 299 134 191 96 294 228 109 203 296
101 174 335 357 93 314 0 301 313 232 25 256 287 218 20 86 205 111 204
362 303 226 248 354 179 301 0 102 311 286 45 178 83 281 215 96 190 283
374 315 238 260 366 191 313 102 0 323 298 57 190 95 293 227 108 202 295
293 234 345 367 285 324 232 311 323 0 217 266 297 228 212 146 215 121 28
76 159 320 342 68 299 25 286 298 217 0 241 272 203 5 71 190 96 189
317 258 181 203 309 134 256 45 57 266 241 0 133 38 236 170 51 145 238
348 289 48 70 340 191 287 178 190 297 272 133 0 95 267 201 82 176 269
279 220 143 165 271 96 218 83 95 228 203 38 95 0 198 132 13 107 200
81 154 315 337 73 294 20 281 293 212 5 236 267 198 0 66 185 91 184
147 88 249 271 139 228 86 215 227 146 71 170 201 132 66 0 119 25 118
266 207 130 152 258 109 205 96 108 215 190 51 82 13 185 119 0 94 187
172 113 224 246 164 203 111 190 202 121 96 145 176 107 91 25 94 0 93
265 206 317 339 257 296 204 283 295 28 189 238 269 200 184 118 187 93 0
