0 378 303 310 281 350 293 471 493 386 329 414 525 256 643 484 355 362 202 382 577 580 358 281 226 291 354 435 427 271 388 337 202 229 94 230 44 111 218
378 0 178 290 362 366 540 179 218 311 448 173 399 416 442 617 660 604 365 626 358 303 675 596 322 95 24 525 180 144 141 505 64 362 406 86 190 173 329
303 178 0 221 337 274 554 203 150 233 359 181 306 469 356 644 686 640 417 591 251 197 587 512 339 112 104 466 46 79 69 398 62 356 442 96 299 108 281
310 290 221 0 263 88 622 355 255 355 296 279 441 429 453 647 510 597 358 542 370 378 430 572 298 272 261 494 225 73 114 420 235 288 224 93 281 115 224
281 362 337 263 0 361 552 465 413 565 102 423 615 468 549 599 484 586 281 506 411 503 535 495 -46 351 335 371 411 229 234 342 276 325 261 135 260 78 -37
350 366 274 88 361 0 562 368 375 378 393 407 329 501 389 702 532 637 380 588 442 421 615 617 206 309 297 404 277 78 222 486 177 355 400 111 337 173 315
293 540 554 622 552 562 0 735 680 661 483 663 697 209 741 205 181 226 215 182 723 604 145 204 544 496 541 107 544 442 441 54 469 110 193 375 275 294 498
471 179 203 355 465 368 735 0 319 392 487 106 415 612 445 732 677 704 484 618 474 348 714 728 462 60 167 657 250 241 173 578 127 463 470 204 406 298 448
493 218 150 255 413 375 680 319 0 187 503 375 237 536 218 763 799 788 439 684 208 202 656 651 444 286 149 562 4 274 92 606 151 472 479 201 426 321 407
386 311 233 355 565 378 661 392 187 0 399 419 116 627 85 765 699 770 512 835 99 19 722 808 508 303 317 537 157 301 196 629 232 519 512 281 428 418 470
329 448 359 296 102 393 483 487 503 399 0 468 575 384 574 652 485 522 317 564 538 465 499 542 -12 368 358 558 286 280 387 481 254 409 289 215 221 152 26
414 173 181 279 423 407 663 106 375 419 468 0 424 510 526 731 676 719 544 804 382 264 747 818 424 80 149 578 255 229 210 530 108 431 429 191 384 273 408
525 399 306 441 615 329 697 415 237 116 575 424 0 744 38 920 809 807 652 825 -15 35 825 846 537 437 298 679 161 267 161 714 307 637 606 386 503 476 500
256 416 469 429 468 501 209 612 536 627 384 510 744 0 745 366 329 209 233 391 662 581 192 313 428 592 494 217 595 485 503 223 416 93 108 362 271 336 407
643 442 356 453 549 389 741 445 218 85 574 526 38 745 0 1005 857 824 545 925 20 109 759 790 448 375 353 812 194 356 262 763 255 611 592 343 488 427 409
484 617 644 647 599 702 205 732 763 765 652 731 920 366 1005 0 140 217 328 239 881 824 -12 223 541 661 749 170 666 575 611 132 555 295 308 480 366 449 445
355 660 686 510 484 532 181 677 799 699 485 676 809 329 857 140 0 217 270 151 857 733 32 145 530 623 570 148 609 511 482 164 480 346 204 436 257 379 450
362 604 640 597 586 637 226 704 788 770 522 719 807 209 824 217 217 0 283 106 780 771 193 66 500 578 613 115 547 549 591 236 517 209 220 439 282 391 513
202 365 417 358 281 380 215 484 439 512 317 544 652 233 545 328 270 283 0 290 615 509 324 220 368 379 423 225 462 306 381 143 353 63 45 232 111 110 370
382 626 591 542 506 588 182 618 684 835 564 804 825 391 925 239 151 106 290 0 806 841 174 37 472 654 569 80 692 467 601 129 539 246 174 423 385 430 526
577 358 251 370 411 442 723 474 208 99 538 382 -15 662 20 881 857 780 615 806 0 20 711 813 552 371 282 713 246 349 182 692 239 610 522 335 550 390 413
580 303 197 378 503 421 604 348 202 19 465 264 35 581 109 824 733 771 509 841 20 0 776 684 489 288 309 637 93 340 165 670 151 548 449 314 377 342 403
358 675 587 430 535 615 145 714 656 722 499 747 825 192 759 -12 32 193 324 174 711 776 0 67 505 683 661 133 607 591 573 41 494 277 210 450 287 341 469
281 596 512 572 495 617 204 728 651 808 542 818 846 313 790 223 145 66 220 37 813 684 67 0 468 593 469 113 577 488 543 126 459 108 211 434 339 410 430
226 322 339 298 -46 206 544 462 444 508 -12 424 537 428 448 541 530 500 368 472 552 489 505 468 0 280 252 406 337 218 301 366 407 250 304 186 141 155 29
291 95 112 272 351 309 496 60 286 303 368 80 437 592 375 661 623 578 379 654 371 288 683 593 280 0 -67 453 151 215 108 470 54 493 529 151 366 196 288
354 24 104 261 335 297 541 167 149 317 358 149 298 494 353 749 570 613 423 569 282 309 661 469 252 -67 0 411 319 150 64 502 128 450 302 39 267 205 349
435 525 466 494 371 404 107 657 562 537 558 578 679 217 812 170 148 115 225 80 713 637 133 113 406 453 411 0 648 401 512 50 478 91 75 374 158 304 454
427 180 46 225 411 277 544 250 4 157 286 255 161 595 194 666 609 547 462 692 246 93 607 577 337 151 319 648 0 216 101 566 113 456 428 87 283 285 375
271 144 79 73 229 78 442 241 274 301 280 229 267 485 356 575 511 549 306 467 349 340 591 488 218 215 150 401 216 0 152 545 132 368 228 20 138 165 156
388 141 69 114 234 222 441 173 92 196 387 210 161 503 262 611 482 591 381 601 182 165 573 543 301 108 64 512 101 152 0 500 108 373 239 15 296 99 285
337 505 398 420 342 486 54 578 606 629 481 530 714 223 763 132 164 236 143 129 692 670 41 126 366 470 502 50 566 545 500 0 465 66 163 342 213 302 375
202 64 62 235 276 177 469 127 151 232 254 108 307 416 255 555 480 517 353 539 239 151 494 459 407 54 128 478 113 132 108 465 0 285 234 101 344 180 365
229 362 356 288 325 355 110 463 472 519 409 431 637 93 611 295 346 209 63 246 610 548 277 108 250 493 450 91 456 368 373 66 285 0 110 246 169 267 286
94 406 442 224 261 400 193 470 479 512 289 429 606 108 592 308 204 220 45 174 522 449 210 211 304 529 302 75 428 228 239 163 234 110 0 163 57 149 193
230 86 96 93 135 111 375 204 201 281 215 191 386 362 343 480 436 439 232 423 335 314 450 434 186 151 39 374 87 20 15 342 101 246 163 0 183 117 136
44 190 299 281 260 337 275 406 426 428 221 384 503 271 488 366 257 282 111 385 550 377 287 339 141 366 267 158 283 138 296 213 344 169 57 183 0 150 121
111 173 108 115 78 173 294 298 321 418 152 273 476 336 427 449 379 391 110 430 390 342 341 410 155 196 205 304 285 165 99 302 180 267 149 117 150 0 58
218 329 281 224 -37 315 498 448 407 470 26 408 500 407 409 445 450 513 370 526 413 403 469 430 29 288 349 454 375 156 285 375 365 286 193 136 121 58 0
