0 445 174 324 481 440 624 675 422 336 292 549 378 375 68 450 161 390 461 224 368 149 29 43 413 219 358 295 297 516 293 470 501 474 270 370 392 373 378
445 0 525 274 87 249 117 345 343 201 317 294 376 296 384 351 556 201 232 214 274 477 375 364 269 275 437 167 179 191 177 286 211 113 94 9 225 70 175
174 525 0 531 573 666 660 761 513 457 430 671 549 391 224 561 143 614 647 385 408 106 145 243 324 215 427 364 362 668 374 663 501 495 342 478 519 533 633
324 274 531 0 302 384 399 367 320 202 216 417 253 365 365 126 487 268 345 242 246 429 327 227 5 158 194 203 232 273 47 321 238 185 95 167 211 127 288
481 87 573 302 0 176 108 200 259 276 348 194 381 371 496 326 499 195 72 317 237 439 430 398 220 310 373 278 214 125 198 121 95 -4 120 71 51 53 108
440 249 666 384 176 0 354 345 404 378 362 351 494 354 494 282 511 292 229 441 392 594 495 390 241 365 388 291 342 246 203 301 241 275 236 175 160 132 81
624 117 660 399 108 354 0 101 489 385 353 155 400 432 406 381 551 108 181 344 347 524 521 452 226 333 382 220 280 -15 232 -31 43 193 194 167 44 121 183
675 345 761 367 200 345 101 0 547 411 409 224 535 461 561 436 651 181 320 482 472 597 549 537 389 394 382 368 396 140 343 203 192 282 356 386 69 152 276
422 343 513 320 259 404 489 547 0 86 236 439 221 226 423 225 439 356 335 199 107 460 343 305 270 223 184 181 66 418 254 317 275 291 189 254 319 291 425
336 201 457 202 276 378 385 411 86 0 136 504 185 204 389 201 477 304 336 127 20 405 242 284 205 198 110 159 52 313 165 339 370 322 154 182 281 226 385
292 317 430 216 348 362 353 409 236 136 0 434 200 282 311 242 343 260 377 69 318 449 201 244 229 86 348 123 149 391 129 381 206 341 129 159 202 283 262
549 294 671 417 194 351 155 224 439 504 434 0 420 412 454 459 687 159 251 419 409 539 486 486 379 388 398 461 430 29 334 98 144 194 333 206 232 173 295
378 376 549 253 381 494 400 535 221 185 200 420 0 16 401 381 506 357 426 265 179 466 398 376 159 227 97 100 -17 509 148 458 243 302 187 249 328 270 334
375 296 391 365 371 354 432 461 226 204 282 412 16 0 315 267 447 335 354 229 73 363 392 306 185 168 36 191 210 398 69 480 379 378 173 255 360 239 254
68 384 224 365 496 494 406 561 423 389 311 454 401 315 0 405 217 516 470 206 412 177 9 121 403 29 435 197 317 515 127 499 400 410 309 304 330 286 469
450 351 561 126 326 282 381 436 225 201 242 459 381 267 405 0 437 417 365 372 340 429 335 248 174 185 264 235 297 380 63 348 336 228 116 235 196 194 204
161 556 143 487 499 511 551 651 439 477 343 687 506 447 217 437 0 497 645 202 491 -74 89 189 461 165 454 300 371 621 361 575 444 553 254 382 507 442 597
390 201 614 268 195 292 108 181 356 304 260 159 357 335 516 417 497 0 164 346 373 503 482 413 281 364 386 372 311 45 176 93 -56 116 121 106 4 177 122
461 232 647 345 72 229 181 320 335 336 377 251 426 354 470 365 645 164 0 318 377 533 476 351 308 436 443 362 275 223 224 165 88 59 306 184 107 62 230
224 214 385 242 317 441 344 482 199 127 69 419 265 229 206 372 202 346 318 0 232 307 139 63 136 78 211 144 215 333 191 398 274 410 176 206 323 217 354
368 274 408 246 237 392 347 472 107 20 318 409 179 73 412 340 491 373 377 232 0 367 352 288 122 164 152 216 51 297 88 406 291 331 91 160 304 142 303
149 477 106 429 439 594 524 597 460 405 449 539 466 363 177 429 -74 503 533 307 367 0 125 114 442 189 412 214 364 643 253 522 500 510 325 398 487 448 523
29 375 145 327 430 495 521 549 343 242 201 486 398 392 9 335 89 482 476 139 352 125 0 52 243 167 366 131 324 537 241 469 351 352 215 384 376 389 434
43 364 243 227 398 390 452 537 305 284 244 486 376 306 121 248 189 413 351 63 288 114 52 0 256 104 365 231 273 404 231 416 346 336 157 306 209 287 502
413 269 324 5 220 241 226 389 270 205 229 379 159 185 403 174 461 281 308 136 122 442 243 256 0 121 342 203 144 366 109 313 157 182 63 39 150 116 221
219 275 215 158 310 365 333 394 223 198 86 388 227 168 29 185 165 364 436 78 164 189 167 104 121 0 212 91 118 303 106 395 318 201 117 306 313 218 218
358 437 427 194 373 388 382 382 184 110 348 398 97 36 435 264 454 386 443 211 152 412 366 365 342 212 0 85 47 431 69 285 393 311 142 221 284 201 347
295 167 364 203 278 291 220 368 181 159 123 461 100 191 197 235 300 372 362 144 216 214 131 231 203 91 85 0 47 255 83 193 211 196 34 184 13 156 224
297 179 362 232 214 342 280 396 66 52 149 430 -17 210 317 297 371 311 275 215 51 364 324 273 144 118 47 47 0 299 79 351 263 280 -15 220 232 178 284
516 191 668 273 125 246 -15 140 418 313 391 29 509 398 515 380 621 45 223 333 297 643 537 404 366 303 431 255 299 0 295 49 159 144 287 174 82 125 230
293 177 374 47 198 203 232 343 254 165 129 334 148 69 127 63 361 176 224 191 88 253 241 231 109 106 69 83 79 295 0 179 312 226 27 69 256 105 242
470 286 663 321 121 301 -31 203 317 339 381 98 458 480 499 348 575 93 165 398 406 522 469 416 313 395 285 193 351 49 179 0 64 59 112 104 128 127 191
501 211 501 238 95 241 43 192 275 370 206 144 243 379 400 336 444 -56 88 274 291 500 351 346 157 318 393 211 263 159 312 64 0 127 97 109 -35 166 104
474 113 495 185 -4 275 193 282 291 322 341 194 302 378 410 228 553 116 59 410 331 510 352 336 182 201 311 196 280 144 226 59 127 0 94 180 -30 92 146
270 94 342 95 120 236 194 356 189 154 129 333 187 173 309 116 254 121 306 176 91 325 215 157 63 117 142 34 -15 287 27 112 97 94 0 64 109 223 166
370 9 478 167 71 175 167 386 254 182 159 206 249 255 304 235 382 106 184 206 160 398 384 306 39 306 221 184 220 174 69 104 109 180 64 0 83 62 122
392 225 519 211 51 160 44 69 319 281 202 232 328 360 330 196 507 4 107 323 304 487 376 209 150 313 284 13 232 82 256 128 -35 -30 109 83 0 44 39
373 70 533 127 53 132 121 152 291 226 283 173 270 239 286 194 442 177 62 217 142 448 389 287 116 218 201 156 178 125 105 127 166 92 223 62 44 0 168
378 175 633 288 108 81 183 276 425 385 262 295 334 254 469 204 597 122 230 354 303 523 434 502 221 218 347 224 284 230 242 191 104 146 166 122 39 168 0
