0 408 278 252 368 365 358 407 405 476 267 343 245 216 522 388 203 185 425 250 267 299 326 207 269 206 257 237 195 345 271 143 212 149 44 169 125 69 68
408 0 95 220 384 380 353 368 336 564 248 111 350 340 453 263 188 356 219 271 163 94 302 212 316 285 392 296 193 133 266 188 120 116 270 192 245 178 163
278 95 0 74 315 340 272 242 348 392 84 56 335 164 324 211 178 236 297 336 142 175 255 304 193 165 193 185 169 88 234 160 25 59 121 56 127 53 163
252 220 74 0 265 297 164 235 261 319 66 311 247 121 379 316 204 172 272 174 284 271 220 152 146 180 256 217 97 207 171 -7 57 -1 155 139 111 101 53
368 384 315 265 0 126 154 266 437 451 435 486 541 254 435 479 271 357 511 309 441 376 429 259 94 219 -1 90 270 335 394 223 216 243 351 333 281 289 355
365 380 340 297 126 0 244 189 318 467 231 399 428 207 403 429 170 459 494 273 433 331 390 219 36 295 103 101 157 386 288 253 287 186 249 102 241 151 266
358 353 272 164 154 244 0 126 419 477 273 367 367 246 290 440 63 328 482 305 411 372 400 342 127 259 177 73 190 250 383 237 231 196 305 148 185 176 141
407 368 242 235 266 189 126 0 366 450 223 460 363 284 346 561 69 366 536 269 348 351 335 261 125 323 222 110 139 252 324 225 225 289 304 192 110 169 177
405 336 348 261 437 318 419 366 0 117 339 376 393 302 225 519 312 439 518 161 338 376 -38 83 379 148 311 346 237 372 389 174 333 149 321 236 224 167 253
476 564 392 319 451 467 477 450 117 0 386 591 553 287 227 653 325 512 713 252 499 513 81 313 422 290 399 321 293 361 523 315 371 309 360 403 227 399 320
267 248 84 66 435 231 273 223 339 386 0 295 356 154 229 288 108 230 190 166 217 174 315 218 84 278 262 238 116 301 284 6 104 139 114 46 165 19 61
343 111 56 311 486 399 367 460 376 591 295 0 418 174 379 144 287 365 192 342 37 81 360 253 243 399 320 310 232 135 319 196 114 262 172 123 311 293 206
245 350 335 247 541 428 367 363 393 553 356 418 0 170 428 579 213 108 392 317 395 399 516 276 357 285 341 346 236 305 16 249 318 206 268 234 216 222 244
216 340 164 121 254 207 246 284 302 287 154 174 170 0 203 361 182 219 282 106 236 339 264 149 147 186 194 148 60 225 204 36 122 70 110 33 45 139 114
522 453 324 379 435 403 290 346 225 227 229 379 428 203 0 452 272 400 424 48 514 384 207 69 275 41 378 285 91 428 306 203 171 188 227 245 198 245 232
388 263 211 316 479 429 440 561 519 653 288 144 579 361 452 0 394 546 189 372 25 111 412 351 402 458 447 361 367 108 392 264 286 261 395 320 268 311 283
203 188 178 204 271 170 63 69 312 325 108 287 213 182 272 394 0 201 360 53 185 213 289 189 80 205 43 54 13 344 254 71 175 126 283 56 61 163 110
185 356 236 172 357 459 328 366 439 512 230 365 108 219 400 546 201 0 427 232 339 382 369 197 283 331 351 308 271 302 93 195 209 146 11 176 194 115 -44
425 219 297 272 511 494 482 536 518 713 190 192 392 282 424 189 360 427 0 467 -7 96 518 379 352 377 461 357 253 162 452 245 138 288 247 219 250 308 259
250 271 336 174 309 273 305 269 161 252 166 342 317 106 48 372 53 232 467 0 265 313 69 80 122 28 179 221 151 180 246 113 125 163 167 192 88 89 144
267 163 142 284 441 433 411 348 338 499 217 37 395 236 514 25 185 339 -7 265 0 83 367 251 316 284 379 243 244 62 447 229 101 181 178 140 214 215 148
299 94 175 271 376 331 372 351 376 513 174 81 399 339 384 111 213 382 96 313 83 0 447 293 276 283 342 296 160 -27 318 145 95 86 218 194 128 190 205
326 302 255 220 429 390 400 335 -38 81 315 360 516 264 207 412 289 369 518 69 367 447 0 37 158 150 383 217 241 411 381 251 305 176 255 172 181 246 245
207 212 304 152 259 219 342 261 83 313 218 253 276 149 69 351 189 197 379 80 251 293 37 0 258 7 232 135 102 158 214 102 101 101 272 110 102 149 143
269 316 193 146 94 36 127 125 379 422 84 243 357 147 275 402 80 283 352 122 316 276 158 258 0 259 119 -5 52 289 218 109 166 212 191 87 136 116 140
206 285 165 180 219 295 259 323 148 290 278 399 285 186 41 458 205 331 377 28 284 283 150 7 259 0 236 70 180 181 197 172 164 118 282 180 105 81 63
257 392 193 256 -1 103 177 222 311 399 262 320 341 194 378 447 43 351 461 179 379 342 383 232 119 236 0 -4 32 206 387 233 272 198 226 176 74 158 176
237 296 185 217 90 101 73 110 346 321 238 310 346 148 285 361 54 308 357 221 243 296 217 135 -5 70 -4 0 40 211 266 -6 195 111 175 228 103 130 102
195 193 169 97 270 157 190 139 237 293 116 232 236 60 91 367 13 271 253 151 244 160 241 102 52 180 32 40 0 155 142 129 124 -21 131 61 69 46 59
345 133 88 207 335 386 250 252 372 361 301 135 305 225 428 108 344 302 162 180 62 -27 411 158 289 181 206 211 155 0 228 168 115 240 132 190 119 124 156
271 266 234 171 394 288 383 324 389 523 284 319 16 204 306 392 254 93 452 246 447 318 381 214 218 197 387 266 142 228 0 180 118 165 66 196 146 144 150
143 188 160 -7 223 253 237 225 174 315 6 196 249 36 203 264 71 195 245 113 229 145 251 102 109 172 233 -6 129 168 180 0 90 -14 140 -30 43 37 52
212 120 25 57 216 287 231 225 333 371 104 114 318 122 171 286 175 209 138 125 101 95 305 101 166 164 272 195 124 115 118 90 0 108 147 113 81 25 212
149 116 59 -1 243 186 196 289 149 309 139 262 206 70 188 261 126 146 288 163 181 86 176 101 212 118 198 111 -21 240 165 -14 108 0 113 0 -14 61 162
44 270 121 155 351 249 305 304 321 360 114 172 268 110 227 395 283 11 247 167 178 218 255 272 191 282 226 175 131 132 66 140 147 113 0 -58 67 11 -64
169 192 56 139 333 102 148 192 236 403 46 123 234 33 245 320 56 176 219 192 140 194 172 110 87 180 176 228 61 190 196 -30 113 0 -58 0 57 94 65
125 245 127 111 281 241 185 110 224 227 165 311 216 45 198 268 61 194 250 88 214 128 181 102 136 105 74 103 69 119 146 43 81 -14 67 57 0 -33 51
69 178 53 101 289 151 176 169 167 399 19 293 222 139 245 311 163 115 308 89 215 190 246 149 116 81 158 130 46 124 144 37 25 61 11 94 -33 0 -8
68 163 163 53 355 266 141 177 253 320 61 206 244 114 232 283 110 -44 259 144 148 205 245 143 140 63 176 102 59 156 150 52 212 162 -64 65 51 -8 0
