0 254 139 292 425 296 592 656 309 254 150 648 283 287 115 206 138 435 474 71 197 55 6 19 245 43 249 61 182 564 86 516 421 377 155 222 346 270 274
254 0 381 236 235 106 402 466 391 336 282 458 365 231 331 288 380 245 284 239 279 297 248 235 189 211 331 193 264 374 168 326 231 187 99 32 156 80 84
139 381 0 419 552 423 719 783 436 381 277 775 410 414 242 333 167 562 601 198 324 84 133 146 372 170 376 188 309 691 213 643 548 504 282 349 473 397 401
292 236 419 0 407 278 574 638 429 374 320 630 403 89 369 326 418 417 456 277 317 335 286 273 47 249 369 231 302 546 206 498 403 359 137 204 328 252 256
425 235 552 407 0 181 325 389 562 507 453 381 536 402 502 459 551 168 145 410 450 468 419 406 360 382 502 364 435 297 339 249 154 48 270 203 79 155 159
296 106 423 278 181 0 348 412 433 378 324 404 407 273 373 330 422 191 230 281 321 339 290 277 231 253 373 235 306 320 210 272 177 133 141 74 102 26 22
592 402 719 574 325 348 0 216 729 674 620 208 703 569 669 626 718 185 374 577 617 635 586 573 527 549 669 531 602 124 506 76 171 277 437 370 246 322 326
656 466 783 638 389 412 216 0 793 738 684 176 767 633 733 690 782 249 438 641 681 699 650 637 591 613 733 595 666 92 570 140 235 341 501 434 310 386 390
309 391 436 429 562 433 729 793 0 199 337 785 94 424 386 151 435 572 611 294 142 352 303 290 382 266 60 248 127 701 223 653 558 514 292 359 483 407 411
254 336 381 374 507 378 674 738 199 0 282 730 173 369 331 66 380 517 556 239 57 297 248 235 327 211 139 193 72 646 168 598 503 459 237 304 428 352 356
150 282 277 320 453 324 620 684 337 282 0 676 311 315 227 234 276 463 502 135 225 193 144 131 273 107 277 89 210 592 114 544 449 405 183 250 374 298 302
648 458 775 630 381 404 208 176 785 730 676 0 759 625 725 682 774 241 430 633 673 691 642 629 583 605 725 587 658 84 562 132 227 333 493 426 302 378 382
283 365 410 403 536 407 703 767 94 173 311 759 0 398 360 125 409 546 585 268 116 326 277 264 356 240 34 222 101 675 197 627 532 488 266 333 457 381 385
287 231 414 89 402 273 569 633 424 369 315 625 398 0 364 321 413 412 451 272 312 330 281 268 42 244 364 226 297 541 201 493 398 354 132 199 323 247 251
115 331 242 369 502 373 669 733 386 331 227 725 360 364 0 283 241 512 551 148 274 158 109 96 322 120 326 138 259 641 163 593 498 454 232 299 423 347 351
206 288 333 326 459 330 626 690 151 66 234 682 125 321 283 0 332 469 508 191 9 249 200 187 279 163 91 145 24 598 120 550 455 411 189 256 380 304 308
138 380 167 418 551 422 718 782 435 380 276 774 409 413 241 332 0 561 600 197 323 83 132 145 371 169 375 187 308 690 212 642 547 503 281 348 472 396 400
435 245 562 417 168 191 185 249 572 517 463 241 546 412 512 469 561 0 217 420 460 478 429 416 370 392 512 374 445 157 349 109 14 120 280 213 89 165 169
474 284 601 456 145 230 374 438 611 556 502 430 585 451 551 508 600 217 0 459 499 517 468 455 409 431 551 413 484 346 388 298 203 97 319 252 128 204 208
71 239 198 277 410 281 577 641 294 239 135 633 268 272 148 191 197 420 459 0 182 114 65 52 230 28 234 46 167 549 71 501 406 362 140 207 331 255 259
197 279 324 317 450 321 617 681 142 57 225 673 116 312 274 9 323 460 499 182 0 240 191 178 270 154 82 136 15 589 111 541 446 402 180 247 371 295 299
55 297 84 335 468 339 635 699 352 297 193 691 326 330 158 249 83 478 517 114 240 0 49 62 288 86 292 104 225 607 129 559 464 420 198 265 389 313 317
6 248 133 286 419 290 586 650 303 248 144 642 277 281 109 200 132 429 468 65 191 49 0 13 239 37 243 55 176 558 80 510 415 371 149 216 340 264 268
19 235 146 273 406 277 573 637 290 235 131 629 264 268 96 187 145 416 455 52 178 62 13 0 226 24 230 42 163 545 67 497 402 358 136 203 327 251 255
245 189 372 47 360 231 527 591 382 327 273 583 356 42 322 279 371 370 409 230 270 288 239 226 0 202 322 184 255 499 159 451 356 312 90 157 281 205 209
43 211 170 249 382 253 549 613 266 211 107 605 240 244 120 163 169 392 431 28 154 86 37 24 202 0 206 18 139 521 43 473 378 334 112 179 303 227 231
249 331 376 369 502 373 669 733 60 139 277 725 34 364 326 91 375 512 551 234 82 292 243 230 322 206 0 188 67 641 163 593 498 454 232 299 423 347 351
61 193 188 231 364 235 531 595 248 193 89 587 222 226 138 145 187 374 413 46 136 104 55 42 184 18 188 0 121 503 25 455 360 316 94 161 285 209 213
182 264 309 302 435 306 602 666 127 72 210 658 101 297 259 24 308 445 484 167 15 225 176 163 255 139 67 121 0 574 96 526 431 387 165 232 356 280 284
564 374 691 546 297 320 124 92 701 646 592 84 675 541 641 598 690 157 346 549 589 607 558 545 499 521 641 503 574 0 478 48 143 249 409 342 218 294 298
86 168 213 206 339 210 506 570 223 168 114 562 197 201 163 120 212 349 388 71 111 129 80 67 159 43 163 25 96 478 0 430 335 291 69 136 260 184 188
516 326 643 498 249 272 76 140 653 598 544 132 627 493 593 550 642 109 298 501 541 559 510 497 451 473 593 455 526 48 430 0 95 201 361 294 170 246 250
421 231 548 403 154 177 171 235 558 503 449 227 532 398 498 455 547 14 203 406 446 464 415 402 356 378 498 360 431 143 335 95 0 106 266 199 75 151 155
377 187 504 359 48 133 277 341 514 459 405 333 488 354 454 411 503 120 97 362 402 420 371 358 312 334 454 316 387 249 291 201 106 0 222 155 31 107 111
155 99 282 137 270 141 437 501 292 237 183 493 266 132 232 189 281 280 319 140 180 198 149 136 90 112 232 94 165 409 69 361 266 222 0 67 191 115 119
222 32 349 204 203 74 370 434 359 304 250 426 333 199 299 256 348 213 252 207 247 265 216 203 157 179 299 161 232 342 136 294 199 155 67 0 124 48 52
346 156 473 328 79 102 246 310 483 428 374 302 457 323 423 380 472 89 128 331 371 389 340 327 281 303 423 285 356 218 260 170 75 31 191 124 0 76 80
270 80 397 252 155 26 322 386 407 352 298 378 381 247 347 304 396 165 204 255 295 313 264 251 205 227 347 209 280 294 184 246 151 107 115 48 76 0 4
274 84 401 256 159 22 326 390 411 356 302 382 385 251 351 308 400 169 208 259 299 317 268 255 209 231 351 213 284 298 188 250 155 111 119 52 80 4 0
