0 269 396 385 396 422 391 304 328 571 377 350 141 436 571 488 385 80 552 470 424 347 455 322 406 315 263 569 354 324 61 383 341 295 27 225 202 259 231
269 0 301 240 81 285 249 265 261 425 176 97 163 274 393 381 154 267 381 412 396 123 287 244 363 -41 85 331 296 274 191 288 99 127 255 205 -28 55 117
396 301 0 138 350 458 22 155 23 495 166 254 364 382 462 279 263 260 357 405 -49 386 330 -84 357 262 206 299 190 147 278 213 71 75 319 143 175 155 173
385 240 138 0 341 456 144 297 150 464 232 387 371 366 423 313 296 240 425 473 225 315 291 134 326 255 357 401 342 168 326 333 125 180 253 236 252 205 169
396 81 350 341 0 353 405 356 451 559 228 300 378 127 662 498 426 308 455 500 360 166 456 453 452 211 31 605 493 351 270 355 301 268 320 226 229 268 230
422 285 458 456 353 0 500 467 594 601 434 330 510 119 682 578 492 513 555 707 462 79 685 434 545 371 195 578 536 361 439 412 355 361 397 312 168 243 343
391 249 22 144 405 500 0 244 113 437 194 446 433 353 427 339 268 367 444 477 86 367 333 87 305 310 336 413 264 313 282 265 109 146 278 157 303 124 202
304 265 155 297 356 467 244 0 219 245 94 327 361 373 269 170 21 202 253 313 291 385 204 236 154 195 275 172 187 -7 298 58 152 123 269 200 307 152 131
328 261 23 150 451 594 113 219 0 501 259 327 415 381 490 361 204 431 483 527 -104 463 233 8 295 317 224 379 383 263 350 212 111 112 370 79 152 271 261
571 425 495 464 559 601 437 245 501 0 309 418 597 523 119 68 219 460 267 196 484 486 165 446 194 422 406 17 126 172 508 278 286 208 467 283 417 303 434
377 176 166 232 228 434 194 94 259 309 0 232 298 385 289 194 203 191 275 192 207 296 257 134 196 130 217 247 205 -9 202 121 165 -29 125 -12 93 111 115
350 97 254 387 300 330 446 327 327 418 232 0 361 228 584 375 332 265 390 537 296 267 312 370 394 85 158 489 406 410 329 279 227 183 170 158 44 178 228
141 163 364 371 378 510 433 361 415 597 298 361 0 433 566 442 443 45 540 578 259 455 361 342 388 291 279 419 423 328 37 296 271 217 136 367 233 199 115
436 274 382 366 127 119 353 373 381 523 385 228 433 0 609 497 362 369 579 563 403 -1 454 330 397 184 49 510 413 331 377 378 313 215 352 248 143 199 323
571 393 462 423 662 682 427 269 490 119 289 584 566 609 0 208 394 578 287 265 586 604 324 458 174 574 537 49 112 316 502 332 337 429 547 349 538 340 431
488 381 279 313 498 578 339 170 361 68 194 375 442 497 208 0 230 416 177 79 416 536 89 283 -12 355 383 202 28 127 380 129 316 166 332 134 203 311 313
385 154 263 296 426 492 268 21 204 219 203 332 443 362 394 230 0 303 294 254 193 295 149 251 208 287 314 275 115 30 364 70 192 182 272 52 184 210 138
80 267 260 240 308 513 367 202 431 460 191 265 45 369 578 416 303 0 402 439 278 513 364 301 420 283 328 399 313 299 45 265 270 245 4 306 185 163 182
552 381 357 425 455 555 444 253 483 267 275 390 540 579 287 177 294 402 0 200 500 634 160 408 8 467 463 163 81 166 481 184 345 266 392 352 464 372 432
470 412 405 473 500 707 477 313 527 196 192 537 578 563 265 79 254 439 200 0 462 518 222 380 119 550 310 250 110 252 442 146 275 285 488 334 451 501 369
424 396 -49 225 360 462 86 291 -104 484 207 296 259 403 586 416 193 278 500 462 0 386 319 55 339 295 289 461 343 180 300 169 51 254 214 162 222 204 242
347 123 386 315 166 79 367 385 463 486 296 267 455 -1 604 536 295 513 634 518 386 0 455 346 438 190 16 508 380 325 330 333 337 290 395 289 123 291 244
455 287 330 291 456 685 333 204 233 165 257 312 361 454 324 89 149 364 160 222 319 455 0 276 -15 330 382 145 45 107 438 109 322 167 376 252 237 272 317
322 244 -84 134 453 434 87 236 8 446 134 370 342 330 458 283 251 301 408 380 55 346 276 0 248 205 214 394 249 177 226 108 18 97 300 94 233 132 185
406 363 357 326 452 545 305 154 295 194 196 394 388 397 174 -12 208 420 8 119 339 438 -15 248 0 301 373 132 110 22 428 131 284 166 362 90 337 103 321
315 -41 262 255 211 371 310 195 317 422 130 85 291 184 574 355 287 283 467 550 295 190 330 205 301 0 82 385 275 242 198 164 180 77 262 122 14 109 111
263 85 206 357 31 195 336 275 224 406 217 158 279 49 537 383 314 328 463 310 289 16 382 214 373 82 0 506 305 238 235 182 259 171 174 248 -15 106 239
569 331 299 401 605 578 413 172 379 17 247 489 419 510 49 202 275 399 163 250 461 508 145 394 132 385 506 0 92 101 432 156 295 231 343 250 384 227 365
354 296 190 342 493 536 264 187 383 126 205 406 423 413 112 28 115 313 81 110 343 380 45 249 110 275 305 92 0 30 328 80 207 160 377 174 259 327 316
324 274 147 168 351 361 313 -7 263 172 -9 410 328 331 316 127 30 299 166 252 180 325 107 177 22 242 238 101 30 0 353 24 211 98 255 13 148 153 157
61 191 278 326 270 439 282 298 350 508 202 329 37 377 502 380 364 45 481 442 300 330 438 226 428 198 235 432 328 353 0 356 245 112 0 232 124 132 38
383 288 213 333 355 412 265 58 212 278 121 279 296 378 332 129 70 265 184 146 169 333 109 108 131 164 182 156 80 24 356 0 108 105 224 133 156 213 176
341 99 71 125 301 355 109 152 111 286 165 227 271 313 337 316 192 270 345 275 51 337 322 18 284 180 259 295 207 211 245 108 0 42 210 136 212 39 114
295 127 75 180 268 361 146 123 112 208 -29 183 217 215 429 166 182 245 266 285 254 290 167 97 166 77 171 231 160 98 112 105 42 0 182 -13 115 92 52
27 255 319 253 320 397 278 269 370 467 125 170 136 352 547 332 272 4 392 488 214 395 376 300 362 262 174 343 377 255 0 224 210 182 0 223 222 5 16
225 205 143 236 226 312 157 200 79 283 -12 158 367 248 349 134 52 306 352 334 162 289 252 94 90 122 248 250 174 13 232 133 136 -13 223 0 83 46 89
202 -28 175 252 229 168 303 307 152 417 93 44 233 143 538 203 184 185 464 451 222 123 237 233 337 14 -15 384 259 148 124 156 212 115 222 83 0 116 69
259 55 155 205 268 243 124 152 271 303 111 178 199 199 340 311 210 163 372 501 204 291 272 132 103 109 106 227 327 153 132 213 39 92 5 46 116 0 79
231 117 173 169 230 343 202 131 261 434 115 228 115 323 431 313 138 182 432 369 242 244 317 185 321 111 239 365 316 157 38 176 114 52 16 89 69 79 0
