0 401 149 480 732 602 730 720 318 357 335 731 339 451 128 618 197 578 567 286 392 119 107 121 434 243 330 320 391 711 264 652 594 572 296 380 490 403 572
401 0 365 121 332 199 292 330 193 214 218 408 55 155 309 170 364 245 234 247 109 336 314 220 -76 114 193 57 49 362 73 159 154 295 -55 -33 110 90 171
149 365 0 544 643 439 585 682 403 464 430 812 406 399 247 487 120 549 537 329 352 91 123 136 469 278 363 251 263 656 263 628 509 552 409 308 480 506 401
480 121 544 0 436 329 400 528 313 246 282 613 264 243 457 174 476 492 360 320 255 379 394 390 49 259 234 242 227 543 217 404 490 398 184 169 304 306 373
732 332 643 436 0 90 362 332 336 381 290 392 391 430 541 348 597 215 143 271 314 583 530 345 403 373 388 351 364 392 330 279 163 27 94 245 129 115 238
602 199 439 329 90 0 240 290 290 270 270 336 301 262 435 273 558 71 161 369 259 541 405 344 154 288 293 182 177 378 190 134 225 267 163 126 77 64 -8
730 292 585 400 362 240 0 196 495 390 495 127 441 462 484 363 656 104 318 467 347 677 593 517 388 431 514 407 415 167 268 58 13 165 285 302 136 217 247
720 330 682 528 332 290 196 0 555 474 490 64 438 405 617 493 768 173 406 516 600 688 677 488 446 492 561 424 402 130 392 62 149 299 417 477 127 230 291
318 193 403 313 336 290 495 555 0 83 246 474 139 220 329 273 486 384 327 286 83 453 416 222 279 179 149 85 68 478 123 381 348 378 163 257 352 219 378
357 214 464 246 381 270 390 474 83 0 178 583 205 169 287 311 430 408 386 194 167 322 361 315 257 177 167 203 136 540 129 397 408 306 184 231 309 243 327
335 218 430 282 290 270 495 490 246 178 0 537 257 219 262 256 439 376 373 153 211 373 355 253 176 48 194 4 144 512 78 475 421 367 95 195 224 289 355
731 408 812 613 392 336 127 64 474 583 537 0 452 481 621 491 734 113 316 577 434 697 650 594 388 450 470 406 470 100 382 151 132 277 338 401 236 279 353
339 55 406 264 391 301 441 438 139 205 257 452 0 18 344 247 309 337 334 140 107 300 293 276 187 151 5 129 143 524 85 450 440 406 70 118 274 254 241
451 155 399 243 430 262 462 405 220 169 219 481 18 0 336 356 399 357 365 200 202 424 329 212 150 144 58 272 153 459 -27 382 355 387 192 175 235 226 198
128 309 247 457 541 435 484 617 329 287 262 621 344 336 0 271 152 433 409 215 322 188 169 57 283 67 306 196 210 599 185 521 510 426 280 247 349 335 348
618 170 487 174 348 273 363 493 273 311 256 491 247 356 271 0 527 356 383 319 260 492 407 310 30 190 208 163 201 480 184 366 380 352 134 141 336 296 318
197 364 120 476 597 558 656 768 486 430 439 734 309 399 152 527 0 571 464 291 369 21 38 140 383 268 336 360 209 739 392 604 639 507 354 344 530 468 580
578 245 549 492 215 71 104 173 384 408 376 113 337 357 433 356 571 0 190 316 522 460 424 455 346 439 359 305 256 -1 232 -33 -131 121 292 215 134 126 133
567 234 537 360 143 161 318 406 327 386 373 316 334 365 409 383 464 190 0 437 441 598 593 328 447 280 238 231 362 300 226 140 297 9 250 207 164 113 227
286 247 329 320 271 369 467 516 286 194 153 577 140 200 215 319 291 316 437 0 249 285 255 112 256 86 268 37 203 491 107 513 387 407 134 236 350 386 323
392 109 352 255 314 259 347 600 83 167 211 434 107 202 322 260 369 522 441 249 0 424 416 290 150 199 44 77 31 439 56 293 422 369 118 106 209 242 243
119 336 91 379 583 541 677 688 453 322 373 697 300 424 188 492 21 460 598 285 424 0 33 179 257 240 310 177 311 617 203 596 564 387 241 346 420 326 322
107 314 123 394 530 405 593 677 416 361 355 650 293 329 169 407 38 424 593 255 416 33 0 99 310 236 335 187 295 609 319 594 502 517 275 347 320 452 420
121 220 136 390 345 344 517 488 222 315 253 594 276 212 57 310 140 455 328 112 290 179 99 0 268 34 267 96 169 546 179 448 519 403 199 269 281 346 368
434 -76 469 49 403 154 388 446 279 257 176 388 187 150 283 30 383 346 447 256 150 257 310 268 0 149 150 148 120 366 186 353 288 265 100 78 175 153 193
243 114 278 259 373 288 431 492 179 177 48 450 151 144 67 190 268 439 280 86 199 240 236 34 149 0 140 -41 128 486 60 429 314 338 141 53 272 264 226
330 193 363 234 388 293 514 561 149 167 194 470 5 58 306 208 336 359 238 268 44 310 335 267 150 140 0 104 155 459 176 401 338 335 51 130 306 141 289
320 57 251 242 351 182 407 424 85 203 4 406 129 272 196 163 360 305 231 37 77 177 187 96 148 -41 104 0 65 372 18 347 267 298 65 -4 198 215 162
391 49 263 227 364 177 415 402 68 136 144 470 143 153 210 201 209 256 362 203 31 311 295 169 120 128 155 65 0 364 7 343 356 293 86 149 188 107 198
711 362 656 543 392 378 167 130 478 540 512 100 524 459 599 480 739 -1 300 491 439 617 609 546 366 486 459 372 364 0 349 44 74 227 350 301 209 280 283
264 73 263 217 330 190 268 392 123 129 78 382 85 -27 185 184 392 232 226 107 56 203 319 179 186 60 176 18 7 349 0 306 291 251 -4 69 193 142 210
652 159 628 404 279 134 58 62 381 397 475 151 450 382 521 366 604 -33 140 513 293 596 594 448 353 429 401 347 343 44 306 0 110 151 292 124 154 62 291
594 154 509 490 163 225 13 149 348 408 421 132 440 355 510 380 639 -131 297 387 422 564 502 519 288 314 338 267 356 74 291 110 0 246 272 242 69 181 241
572 295 552 398 27 267 165 299 378 306 367 277 406 387 426 352 507 121 9 407 369 387 517 403 265 338 335 298 293 227 251 151 246 0 288 205 50 130 165
296 -55 409 184 94 163 285 417 163 184 95 338 70 192 280 134 354 292 250 134 118 241 275 199 100 141 51 65 86 350 -4 292 272 288 0 -6 152 83 172
380 -33 308 169 245 126 302 477 257 231 195 401 118 175 247 141 344 215 207 236 106 346 347 269 78 53 130 -4 149 301 69 124 242 205 -6 0 86 129 159
490 110 480 304 129 77 136 127 352 309 224 236 274 235 349 336 530 134 164 350 209 420 320 281 175 272 306 198 188 209 193 154 69 50 152 86 0 7 111
403 90 506 306 115 64 217 230 219 243 289 279 254 226 335 296 468 126 113 386 242 326 452 346 153 264 141 215 107 280 142 62 181 130 83 129 7 0 -57
572 171 401 373 238 -8 247 291 378 327 355 353 241 198 348 318 580 133 227 323 243 322 420 368 193 226 289 162 198 283 210 291 241 165 172 159 111 -57 0
