0 358 142 501 586 487 647 719 423 440 346 721 401 400 192 495 141 585 591 301 390 101 71 143 408 234 386 275 327 687 308 603 581 553 347 349 487 448 481
358 0 358 165 246 147 307 379 165 182 154 381 143 142 264 159 357 245 251 191 132 317 287 215 72 124 128 83 69 347 50 263 241 213 11 9 147 108 141
142 358 0 501 586 487 647 719 423 440 346 721 401 400 192 495 81 585 591 301 390 41 71 143 408 234 386 275 327 687 308 603 581 553 347 349 487 448 481
501 165 501 0 393 294 454 526 308 325 297 528 286 285 407 180 500 392 398 334 275 460 430 358 93 267 271 226 212 494 193 410 388 360 154 156 294 255 288
586 246 586 393 0 177 259 331 393 410 382 333 371 370 492 387 585 197 71 419 360 545 515 443 300 352 356 311 297 299 278 215 193 33 239 237 99 138 171
487 147 487 294 177 0 238 310 294 311 283 312 272 271 393 288 486 176 182 320 261 446 416 344 201 253 257 212 198 278 179 194 172 144 140 138 78 39 6
647 307 647 454 259 238 0 160 454 471 443 162 432 431 553 448 646 70 264 480 421 606 576 504 361 413 417 372 358 128 339 44 66 226 300 298 160 199 232
719 379 719 526 331 310 160 0 526 543 515 66 504 503 625 520 718 142 336 552 493 678 648 576 433 485 489 444 430 32 411 116 138 298 372 370 232 271 304
423 165 423 308 393 294 454 526 0 83 219 528 170 169 329 302 422 392 398 256 33 382 352 280 215 189 155 148 96 494 115 410 388 360 154 156 294 255 288
440 182 440 325 410 311 471 543 83 0 236 545 187 186 346 319 439 409 415 273 50 399 369 297 232 206 172 165 113 511 132 427 405 377 171 173 311 272 305
346 154 346 297 382 283 443 515 219 236 0 517 197 196 252 291 345 381 387 179 186 305 275 203 204 112 182 71 123 483 104 399 377 349 143 145 283 244 277
721 381 721 528 333 312 162 66 528 545 517 0 506 505 627 522 720 144 338 554 495 680 650 578 435 487 491 446 432 34 413 118 140 300 374 372 234 273 306
401 143 401 286 371 272 432 504 170 187 197 506 0 29 307 280 400 370 376 234 137 360 330 258 193 167 15 126 74 472 93 388 366 338 132 134 272 233 266
400 142 400 285 370 271 431 503 169 186 196 505 29 0 306 279 399 369 375 233 136 359 329 257 192 166 14 125 73 471 92 387 365 337 131 133 271 232 265
192 264 192 407 492 393 553 625 329 346 252 627 307 306 0 401 191 491 497 207 296 151 121 49 314 140 292 181 233 593 214 509 487 459 253 255 393 354 387
495 159 495 180 387 288 448 520 302 319 291 522 280 279 401 0 494 386 392 328 269 454 424 352 87 261 265 220 206 488 187 404 382 354 148 150 288 249 282
141 357 81 500 585 486 646 718 422 439 345 720 400 399 191 494 0 584 590 300 389 40 70 142 407 233 385 274 326 686 307 602 580 552 346 348 486 447 480
585 245 585 392 197 176 70 142 392 409 381 144 370 369 491 386 584 0 202 418 359 544 514 442 299 351 355 310 296 110 277 26 4 164 238 236 98 137 170
591 251 591 398 71 182 264 336 398 415 387 338 376 375 497 392 590 202 0 424 365 550 520 448 305 357 361 316 302 304 283 220 198 38 244 242 104 143 176
301 191 301 334 419 320 480 552 256 273 179 554 234 233 207 328 300 418 424 0 223 260 230 158 241 67 219 108 160 520 141 436 414 386 180 182 320 281 314
390 132 390 275 360 261 421 493 33 50 186 495 137 136 296 269 389 359 365 223 0 349 319 247 182 156 122 115 63 461 82 377 355 327 121 123 261 222 255
101 317 41 460 545 446 606 678 382 399 305 680 360 359 151 454 40 544 550 260 349 0 30 102 367 193 345 234 286 646 267 562 540 512 306 308 446 407 440
71 287 71 430 515 416 576 648 352 369 275 650 330 329 121 424 70 514 520 230 319 30 0 72 337 163 315 204 256 616 237 532 510 482 276 278 416 377 410
143 215 143 358 443 344 504 576 280 297 203 578 258 257 49 352 142 442 448 158 247 102 72 0 265 91 243 132 184 544 165 460 438 410 204 206 344 305 338
408 72 408 93 300 201 361 433 215 232 204 435 193 192 314 87 407 299 305 241 182 367 337 265 0 174 178 133 119 401 100 317 295 267 61 63 201 162 195
234 124 234 267 352 253 413 485 189 206 112 487 167 166 140 261 233 351 357 67 156 193 163 91 174 0 152 41 93 453 74 369 347 319 113 115 253 214 247
386 128 386 271 356 257 417 489 155 172 182 491 15 14 292 265 385 355 361 219 122 345 315 243 178 152 0 111 59 457 78 373 351 323 117 119 257 218 251
275 83 275 226 311 212 372 444 148 165 71 446 126 125 181 220 274 310 316 108 115 234 204 132 133 41 111 0 52 412 33 328 306 278 72 74 212 173 206
327 69 327 212 297 198 358 430 96 113 123 432 74 73 233 206 326 296 302 160 63 286 256 184 119 93 59 52 0 398 19 314 292 264 58 60 198 159 192
687 347 687 494 299 278 128 32 494 511 483 34 472 471 593 488 686 110 304 520 461 646 616 544 401 453 457 412 398 0 379 84 106 266 340 338 200 239 272
308 50 308 193 278 179 339 411 115 132 104 413 93 92 214 187 307 277 283 141 82 267 237 165 100 74 78 33 19 379 0 295 273 245 39 41 179 140 173
603 263 603 410 215 194 44 116 410 427 399 118 388 387 509 404 602 26 220 436 377 562 532 460 317 369 373 328 314 84 295 0 22 182 256 254 116 155 188
581 241 581 388 193 172 66 138 388 405 377 140 366 365 487 382 580 4 198 414 355 540 510 438 295 347 351 306 292 106 273 22 0 160 234 232 94 133 166
553 213 553 360 33 144 226 298 360 377 349 300 338 337 459 354 552 164 38 386 327 512 482 410 267 319 323 278 264 266 245 182 160 0 206 204 66 105 138
347 11 347 154 239 140 300 372 154 171 143 374 132 131 253 148 346 238 244 180 121 306 276 204 61 113 117 72 58 340 39 256 234 206 0 2 140 101 134
349 9 349 156 237 138 298 370 156 173 145 372 134 133 255 150 348 236 242 182 123 308 278 206 63 115 119 74 60 338 41 254 232 204 2 0 138 99 132
487 147 487 294 99 78 160 232 294 311 283 234 272 271 393 288 486 98 104 320 261 446 416 344 201 253 257 212 198 200 179 116 94 66 140 138 0 39 72
448 108 448 255 138 39 199 271 255 272 244 273 233 232 354 249 447 137 143 281 222 407 377 305 162 214 218 173 159 239 140 155 133 105 101 99 39 0 33
481 141 481 288 171 6 232 304 288 305 277 306 266 265 387 282 480 170 176 314 255 440 410 338 195 247 251 206 192 272 173 188 166 138 134 132 72 33 0
