0 280 206 182 309 279 273 266 241 164 193 203 136 54 69 180 138 204 248
280 0 379 197 490 472 162 153 284 311 71 406 287 239 213 183 139 92 118
206 379 0 292 240 214 379 345 352 252 299 166 71 145 146 283 238 288 336
182 197 292 0 384 382 209 157 62 239 105 314 233 143 118 12 54 106 160
309 490 240 384 0 154 481 457 481 371 407 96 161 273 278 392 359 384 439
279 472 214 382 154 0 459 439 437 354 381 69 134 227 250 372 314 383 427
273 162 379 209 481 459 0 129 250 311 72 375 330 232 222 182 146 63 19
266 153 345 157 457 439 129 0 245 293 74 371 304 223 201 176 142 51 106
241 284 352 62 481 437 250 245 0 289 181 386 292 206 209 76 113 172 225
164 311 252 239 371 354 311 293 289 0 247 288 191 135 106 208 175 234 274
193 71 299 105 407 381 72 74 181 247 0 317 251 155 143 121 70 0 66
203 406 166 314 96 69 375 371 386 288 317 0 65 165 186 291 267 310 365
136 287 71 233 161 134 330 304 292 191 251 65 0 98 106 232 167 238 285
54 239 145 143 273 227 232 223 206 135 155 165 98 0 23 130 77 138 194
69 213 146 118 278 250 222 201 209 106 143 186 106 23 0 120 77 130 189
180 183 283 12 392 372 182 176 76 208 121 291 232 130 120 0 47 93 179
138 139 238 54 359 314 146 142 113 175 70 267 167 77 77 47 0 44 117
204 92 288 106 384 383 63 51 172 234 0 310 238 138 130 93 44 0 52
248 118 336 160 439 427 19 106 225 274 66 365 285 194 189 179 117 52 0
