0 202 245 291 117 269 289 279 154 94 56 35 196 211 232 33 166 97 64
202 0 253 299 253 277 99 287 290 230 192 171 6 219 240 169 174 105 138
245 253 0 114 296 182 340 192 333 273 235 214 247 34 145 212 79 148 181
291 299 114 0 342 228 386 238 379 319 281 260 293 80 191 258 125 194 227
117 253 296 342 0 320 340 330 159 141 61 82 247 262 283 84 217 148 115
269 277 182 228 320 0 364 84 357 297 259 238 271 148 37 236 103 172 205
289 99 340 386 340 364 0 374 377 317 279 258 93 306 327 256 261 192 225
279 287 192 238 330 84 374 0 367 307 269 248 281 158 47 246 113 182 215
154 290 333 379 159 357 377 367 0 178 98 119 284 299 320 121 254 185 152
94 230 273 319 141 297 317 307 178 0 80 59 224 239 260 61 194 125 92
56 192 235 281 61 259 279 269 98 80 0 21 186 201 222 23 156 87 54
35 171 214 260 82 238 258 248 119 59 21 0 165 180 201 2 135 66 33
196 6 247 293 247 271 93 281 284 224 186 165 0 213 234 163 168 99 132
211 219 34 80 262 148 306 158 299 239 201 180 213 0 111 178 45 114 147
232 240 145 191 283 37 327 47 320 260 222 201 234 111 0 199 66 135 168
33 169 212 258 84 236 256 246 121 61 23 2 163 178 199 0 133 64 31
166 174 79 125 217 103 261 113 254 194 156 135 168 45 66 133 0 69 102
97 105 148 194 148 172 192 182 185 125 87 66 99 114 135 64 69 0 33
64 138 181 227 115 205 225 215 152 92 54 33 132 147 168 31 102 33 0
