0 437 162 384 290 330 126 357 397 234 53 355 306 131 252 259 181 206 204
437 0 337 111 365 263 457 432 222 309 384 82 131 306 185 334 256 281 279
162 337 0 284 190 230 182 257 297 134 109 255 206 31 152 159 81 106 104
384 111 284 0 312 210 404 379 169 256 331 29 78 253 132 281 203 228 226
290 365 190 312 0 258 310 129 325 112 237 283 234 159 180 31 109 84 86
330 263 230 210 258 0 350 325 223 202 277 181 132 199 78 227 149 174 172
126 457 182 404 310 350 0 377 417 254 73 375 326 151 272 279 201 226 224
357 432 257 379 129 325 377 0 392 179 304 350 301 226 247 98 176 151 153
397 222 297 169 325 223 417 392 0 269 344 140 91 266 145 294 216 241 239
234 309 134 256 112 202 254 179 269 0 181 227 178 103 124 81 53 28 30
53 384 109 331 237 277 73 304 344 181 0 302 253 78 199 206 128 153 151
355 82 255 29 283 181 375 350 140 227 302 0 49 224 103 252 174 199 197
306 131 206 78 234 132 326 301 91 178 253 49 0 175 54 203 125 150 148
131 306 31 253 159 199 151 226 266 103 78 224 175 0 121 128 50 75 73
252 185 152 132 180 78 272 247 145 124 199 103 54 121 0 149 71 96 94
259 334 159 281 31 227 279 98 294 81 206 252 203 128 149 0 78 53 55
181 256 81 203 109 149 201 176 216 53 128 174 125 50 71 78 0 25 23
206 281 106 228 84 174 226 151 241 28 153 199 150 75 96 53 25 0 2
204 279 104 226 86 172 224 153 239 30 151 197 148 73 94 55 23 2 0
