0 391 402 409 173 163 87 190 146 195 73 25 53 315 306 170 73 141 230
391 0 181 188 282 504 428 435 431 440 414 366 338 94 85 415 318 250 161
402 181 0 181 293 515 439 446 442 451 425 377 349 87 96 426 329 261 172
409 188 181 0 300 522 446 453 449 458 432 384 356 94 103 433 336 268 179
173 282 293 300 0 286 210 217 213 222 196 148 120 206 197 197 100 32 121
163 504 515 522 286 0 104 303 259 308 90 138 166 428 419 283 186 254 343
87 428 439 446 210 104 0 227 183 232 14 62 90 352 343 207 110 178 267
190 435 446 453 217 303 227 0 230 45 213 165 137 359 350 20 117 185 274
146 431 442 449 213 259 183 230 0 235 169 121 93 355 346 210 113 181 270
195 440 451 458 222 308 232 45 235 0 218 170 142 364 355 25 122 190 279
73 414 425 432 196 90 14 213 169 218 0 48 76 338 329 193 96 164 253
25 366 377 384 148 138 62 165 121 170 48 0 28 290 281 145 48 116 205
53 338 349 356 120 166 90 137 93 142 76 28 0 262 253 117 20 88 177
315 94 87 94 206 428 352 359 355 364 338 290 262 0 9 339 242 174 85
306 85 96 103 197 419 343 350 346 355 329 281 253 9 0 330 233 165 76
170 415 426 433 197 283 207 20 210 25 193 145 117 339 330 0 97 165 254
73 318 329 336 100 186 110 117 113 122 96 48 20 242 233 97 0 68 157
141 250 261 268 32 254 178 185 181 190 164 116 88 174 165 165 68 0 89
230 161 172 179 121 343 267 274 270 279 253 205 177 85 76 254 157 89 0
