0 326 146 332 345 173 89 356 280 295 28 262 240 81 154 300 85 235 180
326 0 310 178 501 191 359 512 82 451 298 64 86 245 172 456 241 391 336
146 310 0 316 329 157 179 340 264 279 118 246 224 65 138 284 69 219 164
332 178 316 0 507 197 365 518 132 457 304 114 92 251 178 462 247 397 342
345 501 329 507 0 348 378 101 455 170 317 437 415 264 329 45 260 110 165
173 191 157 197 348 0 206 359 145 298 145 127 105 92 19 303 88 238 183
89 359 179 365 378 206 0 389 313 328 61 295 273 114 187 333 118 268 213
356 512 340 518 101 359 389 0 466 181 328 448 426 275 340 56 271 121 176
280 82 264 132 455 145 313 466 0 405 252 18 40 199 126 410 195 345 290
295 451 279 457 170 298 328 181 405 0 267 387 365 214 279 125 210 60 115
28 298 118 304 317 145 61 328 252 267 0 234 212 53 126 272 57 207 152
262 64 246 114 437 127 295 448 18 387 234 0 22 181 108 392 177 327 272
240 86 224 92 415 105 273 426 40 365 212 22 0 159 86 370 155 305 250
81 245 65 251 264 92 114 275 199 214 53 181 159 0 73 219 4 154 99
154 172 138 178 329 19 187 340 126 279 126 108 86 73 0 284 69 219 164
300 456 284 462 45 303 333 56 410 125 272 392 370 219 284 0 215 65 120
85 241 69 247 260 88 118 271 195 210 57 177 155 4 69 215 0 150 95
235 391 219 397 110 238 268 121 345 60 207 327 305 154 219 65 150 0 55
180 336 164 342 165 183 213 176 290 115 152 272 250 99 164 120 95 55 0
