0 267 280 308 245 203 136 223 269 304 161 267 214 171 134 168 52 116 149
267 0 315 343 176 238 299 258 200 235 196 198 249 102 169 99 215 151 118
280 315 0 160 293 215 312 235 317 352 173 315 66 219 146 216 228 164 197
308 343 160 0 321 243 340 263 345 380 201 343 94 247 174 244 256 192 225
245 176 293 321 0 216 277 236 172 207 174 170 227 74 147 77 193 129 96
203 238 215 243 216 0 235 104 240 275 42 238 149 142 69 139 151 87 120
136 299 312 340 277 235 0 255 301 336 193 299 246 203 166 200 84 148 181
223 258 235 263 236 104 255 0 260 295 62 258 169 162 89 159 171 107 140
269 200 317 345 172 240 301 260 0 39 198 2 251 98 171 101 217 153 120
304 235 352 380 207 275 336 295 39 0 233 37 286 133 206 136 252 188 155
161 196 173 201 174 42 193 62 198 233 0 196 107 100 27 97 109 45 78
267 198 315 343 170 238 299 258 2 37 196 0 249 96 169 99 215 151 118
214 249 66 94 227 149 246 169 251 286 107 249 0 153 80 150 162 98 131
171 102 219 247 74 142 203 162 98 133 100 96 153 0 73 3 119 55 22
134 169 146 174 147 69 166 89 171 206 27 169 80 73 0 70 82 18 51
168 99 216 244 77 139 200 159 101 136 97 99 150 3 70 0 116 52 19
52 215 228 256 193 151 84 171 217 252 109 215 162 119 82 116 0 64 97
116 151 164 192 129 87 148 107 153 188 45 151 98 55 18 52 64 0 33
149 118 197 225 96 120 181 140 120 155 78 118 131 22 51 19 97 33 0
