0 117 350 259 117 203 197 351 225 235 304 131 201 100 79 212 57 116 187
117 0 378 213 83 212 171 341 141 255 306 89 180 62 74 203 52 119 186
350 378 0 497 378 337 447 109 442 216 70 357 438 356 333 175 304 250 316
259 213 497 0 148 348 213 483 45 382 445 149 44 142 172 334 189 249 333
117 83 378 148 0 205 69 339 89 250 310 7 94 6 40 197 59 111 200
203 212 337 348 205 0 264 289 292 228 255 194 282 206 146 177 149 92 20
197 171 447 213 69 264 0 404 160 317 376 68 152 82 100 266 135 188 253
351 341 109 483 339 289 404 0 423 180 28 342 432 319 303 152 269 222 289
225 141 442 45 89 292 160 423 0 317 367 99 -1 80 121 277 143 201 255
235 255 216 382 250 228 317 180 317 0 135 249 311 240 207 40 193 113 206
304 306 70 445 310 255 376 28 367 135 0 292 369 291 273 105 241 178 238
131 89 357 149 7 194 68 342 99 249 292 0 108 9 41 222 77 107 188
201 180 438 44 94 282 152 432 -1 311 369 108 0 78 111 282 139 190 276
100 62 356 142 6 206 82 319 80 240 291 9 78 0 43 200 58 101 202
79 74 333 172 40 146 100 303 121 207 273 41 111 43 0 142 13 83 152
212 203 175 334 197 177 266 152 277 40 105 222 282 200 142 0 160 78 174
57 52 304 189 59 149 135 269 143 193 241 77 139 58 13 160 0 57 133
116 119 250 249 111 92 188 222 201 113 178 107 190 101 83 78 57 0 71
187 186 316 333 200 20 253 289 255 206 238 188 276 202 152 174 133 71 0
