0 237 284 256 338 189 131 438 435 269 182 389 208 300 156 227 85 149 194
237 0 223 195 121 128 198 221 218 208 121 172 147 83 95 10 152 88 43
284 223 0 124 324 161 245 424 421 241 154 375 76 286 128 213 199 135 180
256 195 124 0 296 133 217 396 393 213 126 347 48 258 100 185 171 107 152
338 121 324 296 0 229 299 176 173 309 222 127 248 38 196 111 253 189 144
189 128 161 133 229 0 150 329 326 94 7 280 85 191 33 118 104 40 85
131 198 245 217 299 150 0 399 396 230 143 350 169 261 117 188 46 110 155
438 221 424 396 176 329 399 0 95 409 322 49 348 138 296 211 353 289 244
435 218 421 393 173 326 396 95 0 406 319 46 345 135 293 208 350 286 241
269 208 241 213 309 94 230 409 406 0 87 360 165 271 113 198 184 120 165
182 121 154 126 222 7 143 322 319 87 0 273 78 184 26 111 97 33 78
389 172 375 347 127 280 350 49 46 360 273 0 299 89 247 162 304 240 195
208 147 76 48 248 85 169 348 345 165 78 299 0 210 52 137 123 59 104
300 83 286 258 38 191 261 138 135 271 184 89 210 0 158 73 215 151 106
156 95 128 100 196 33 117 296 293 113 26 247 52 158 0 85 71 7 52
227 10 213 185 111 118 188 211 208 198 111 162 137 73 85 0 142 78 33
85 152 199 171 253 104 46 353 350 184 97 304 123 215 71 142 0 64 109
149 88 135 107 189 40 110 289 286 120 33 240 59 151 7 78 64 0 45
194 43 180 152 144 85 155 244 241 165 78 195 104 106 52 33 109 45 0
