0 153 165 182 281 177 180 240 249 122 196 142 144 113 88 119 83 41 102
153 0 236 159 150 154 167 217 118 193 65 11 121 90 65 190 70 112 173
165 236 0 265 364 260 263 323 332 49 279 225 227 196 171 46 166 124 63
182 159 265 0 287 133 196 196 255 222 202 148 100 69 94 219 99 141 202
281 150 364 287 0 282 295 345 138 321 85 139 249 218 193 318 198 240 301
177 154 260 133 282 0 191 129 250 217 197 143 33 64 89 214 94 136 197
180 167 263 196 295 191 0 254 263 220 210 156 158 127 102 217 97 139 200
240 217 323 196 345 129 254 0 313 280 260 206 96 127 152 277 157 199 260
249 118 332 255 138 250 263 313 0 289 53 107 217 186 161 286 166 208 269
122 193 49 222 321 217 220 280 289 0 236 182 184 153 128 3 123 81 20
196 65 279 202 85 197 210 260 53 236 0 54 164 133 108 233 113 155 216
142 11 225 148 139 143 156 206 107 182 54 0 110 79 54 179 59 101 162
144 121 227 100 249 33 158 96 217 184 164 110 0 31 56 181 61 103 164
113 90 196 69 218 64 127 127 186 153 133 79 31 0 25 150 30 72 133
88 65 171 94 193 89 102 152 161 128 108 54 56 25 0 125 5 47 108
119 190 46 219 318 214 217 277 286 3 233 179 181 150 125 0 120 78 17
83 70 166 99 198 94 97 157 166 123 113 59 61 30 5 120 0 42 103
41 112 124 141 240 136 139 199 208 81 155 101 103 72 47 78 42 0 61
102 173 63 202 301 197 200 260 269 20 216 162 164 133 108 17 103 61 0
