0 61 113 235 141 140 239 221 215 191 160 164 109 36 4 75 69 7 76
61 0 102 288 194 193 292 274 268 244 213 217 162 25 57 128 122 60 129
113 102 0 340 246 245 344 326 320 296 265 269 214 77 109 180 174 112 181
235 288 340 0 362 361 146 442 436 412 381 71 330 263 231 296 290 228 159
141 194 246 362 0 143 366 212 206 194 151 291 112 169 137 66 72 134 203
140 193 245 361 143 0 365 223 217 113 162 290 31 168 136 77 71 133 202
239 292 344 146 366 365 0 446 440 416 385 75 334 267 235 300 294 232 163
221 274 326 442 212 223 446 0 116 274 61 371 192 249 217 146 152 214 283
215 268 320 436 206 217 440 116 0 268 55 365 186 243 211 140 146 208 277
191 244 296 412 194 113 416 274 268 0 213 341 82 219 187 128 122 184 253
160 213 265 381 151 162 385 61 55 213 0 310 131 188 156 85 91 153 222
164 217 269 71 291 290 75 371 365 341 310 0 259 192 160 225 219 157 88
109 162 214 330 112 31 334 192 186 82 131 259 0 137 105 46 40 102 171
36 25 77 263 169 168 267 249 243 219 188 192 137 0 32 103 97 35 104
4 57 109 231 137 136 235 217 211 187 156 160 105 32 0 71 65 3 72
75 128 180 296 66 77 300 146 140 128 85 225 46 103 71 0 6 68 137
69 122 174 290 72 71 294 152 146 122 91 219 40 97 65 6 0 62 131
7 60 112 228 134 133 232 214 208 184 153 157 102 35 3 68 62 0 69
76 129 181 159 203 202 163 283 277 253 222 88 171 104 72 137 131 69 0
