0 204 264 195 354 130 72 312 85 151 63 56 283 135 235 47 79 122 141
204 0 300 105 373 230 203 332 214 181 173 177 337 48 284 151 96 130 184
264 300 0 296 105 301 285 74 260 171 246 242 69 238 23 214 165 140 110
195 105 296 0 375 227 192 347 200 176 188 183 320 43 273 162 97 145 178
354 373 105 375 0 395 361 54 362 264 350 351 65 323 107 318 281 239 205
130 230 301 227 395 0 84 367 65 192 59 58 350 170 298 71 137 161 189
72 203 285 192 361 84 0 323 60 159 41 31 300 154 257 55 99 145 169
312 332 74 347 54 367 323 0 303 207 285 285 22 267 53 253 221 175 141
85 214 260 200 362 65 60 303 0 152 19 2 306 133 262 59 89 122 174
151 181 171 176 264 192 159 207 152 0 151 139 223 121 154 119 77 33 79
63 173 246 188 350 59 41 285 19 151 0 6 288 138 239 25 63 106 123
56 177 242 183 351 58 31 285 2 139 6 0 274 131 219 39 91 103 141
283 337 69 320 65 350 300 22 306 223 288 274 0 252 51 248 210 171 167
135 48 238 43 323 170 154 267 133 121 138 131 252 0 202 93 50 73 120
235 284 23 273 107 298 257 53 262 154 239 219 51 202 0 205 150 135 78
47 151 214 162 318 71 55 253 59 119 25 39 248 93 205 0 61 86 105
79 96 165 97 281 137 99 221 89 77 63 91 210 50 150 61 0 41 84
122 130 140 145 239 161 145 175 122 33 106 103 171 73 135 86 41 0 41
141 184 110 178 205 189 169 141 174 79 123 141 167 120 78 105 84 41 0
