0 179 253 304 124 265 284 291 146 97 60 45 187 205 227 30 171 107 41
179 0 272 289 244 279 95 287 277 242 164 169 11 218 242 160 155 114 123
253 272 0 112 298 185 333 191 321 264 245 224 264 52 149 203 80 152 172
304 289 112 0 344 239 378 234 384 322 297 248 301 67 186 257 126 210 228
124 244 298 344 0 302 329 335 157 144 61 76 242 255 299 97 210 130 119
265 279 185 239 302 0 355 93 356 298 274 244 285 152 29 226 90 180 181
284 95 333 378 329 355 0 357 376 314 260 233 92 304 301 248 267 198 221
291 287 191 234 335 93 357 0 367 311 274 259 290 161 50 247 118 185 228
146 277 321 384 157 356 376 367 0 207 104 109 273 291 327 129 243 197 155
97 242 264 322 144 298 314 311 207 0 74 69 225 224 264 46 198 125 82
60 164 245 297 61 274 260 274 104 74 0 9 187 208 237 9 149 87 49
45 169 224 248 76 244 233 259 109 69 9 0 166 180 219 15 148 49 26
187 11 264 301 242 285 92 290 273 225 187 166 0 230 239 166 156 94 117
205 218 52 67 255 152 304 161 291 224 208 180 230 0 107 193 44 111 144
227 242 149 186 299 29 301 50 327 264 237 219 239 107 0 196 67 142 181
30 160 203 257 97 226 248 247 129 46 9 15 166 193 196 0 125 74 15
171 155 80 126 210 90 267 118 243 198 149 148 156 44 67 125 0 78 90
107 114 152 210 130 180 198 185 197 125 87 49 94 111 142 74 78 0 32
41 123 172 228 119 181 221 228 155 82 49 26 117 144 181 15 90 32 0
