0 393 250 304 422 510 144 503 269 264 469 394 312 236 93 199 219 189 100
393 0 205 259 191 279 351 272 284 279 238 163 81 191 300 214 174 204 293
250 205 0 82 234 322 208 315 141 136 281 206 124 14 157 71 31 61 150
304 259 82 0 288 376 262 369 195 190 335 260 178 68 211 125 85 115 204
422 191 234 288 0 144 380 137 313 308 103 28 110 220 329 243 203 233 322
510 279 322 376 144 0 468 75 401 396 41 116 198 308 417 331 291 321 410
144 351 208 262 380 468 0 461 227 222 427 352 270 194 51 157 177 147 58
503 272 315 369 137 75 461 0 394 389 34 109 191 301 410 324 284 314 403
269 284 141 195 313 401 227 394 0 135 360 285 203 127 176 70 110 80 169
264 279 136 190 308 396 222 389 135 0 355 280 198 122 171 65 105 75 164
469 238 281 335 103 41 427 34 360 355 0 75 157 267 376 290 250 280 369
394 163 206 260 28 116 352 109 285 280 75 0 82 192 301 215 175 205 294
312 81 124 178 110 198 270 191 203 198 157 82 0 110 219 133 93 123 212
236 191 14 68 220 308 194 301 127 122 267 192 110 0 143 57 17 47 136
93 300 157 211 329 417 51 410 176 171 376 301 219 143 0 106 126 96 7
199 214 71 125 243 331 157 324 70 65 290 215 133 57 106 0 40 10 99
219 174 31 85 203 291 177 284 110 105 250 175 93 17 126 40 0 30 119
189 204 61 115 233 321 147 314 80 75 280 205 123 47 96 10 30 0 89
100 293 150 204 322 410 58 403 169 164 369 294 212 136 7 99 119 89 0
