0 210 210 124 310 237 175 130 247 212 26 60 82 193 128 195 208 166 160
210 0 13 256 266 183 199 229 216 175 145 144 123 3 65 120 170 105 125
210 13 0 244 269 213 213 228 227 193 159 158 132 7 97 135 189 111 126
124 256 244 0 374 309 209 166 291 259 77 103 113 256 189 229 279 202 208
310 266 269 374 0 119 323 349 236 232 271 255 234 254 181 179 91 171 162
237 183 213 309 119 0 258 296 179 153 188 178 166 199 121 107 12 70 72
175 199 213 209 323 258 0 209 246 249 138 108 78 208 134 192 238 156 169
130 229 228 166 349 296 209 0 290 259 103 88 118 216 162 216 270 182 186
247 216 227 291 236 179 246 290 0 132 190 199 154 187 140 69 162 105 91
212 175 193 259 232 153 249 259 132 0 174 176 152 184 119 56 147 64 68
26 145 159 77 271 188 138 103 190 174 0 -5 25 171 77 151 189 123 129
60 144 158 103 255 178 108 88 199 176 -5 0 22 134 90 139 159 109 113
82 123 132 113 234 166 78 118 154 152 25 22 0 147 24 88 149 86 86
193 3 7 256 254 199 208 216 187 184 171 134 147 0 83 131 161 100 84
128 65 97 189 181 121 134 162 140 119 77 90 24 83 0 49 99 29 38
195 120 135 229 179 107 192 216 69 56 151 139 88 131 49 0 87 25 33
208 170 189 279 91 12 238 270 162 147 189 159 149 161 99 87 0 70 53
166 105 111 202 171 70 156 182 105 64 123 109 86 100 29 25 70 0 -2
160 125 126 208 162 72 169 186 91 68 129 113 86 84 38 33 53 -2 0
