0 176 248 335 267 313 359 341 358 403 303 289 298 211 135 92 269 230 123
176 0 126 319 239 307 225 306 234 260 184 149 299 104 40 59 275 218 113
248 126 0 409 310 383 123 418 134 166 78 74 369 11 100 156 363 296 207
335 319 409 0 128 76 511 82 519 538 448 440 63 385 316 238 29 91 191
267 239 310 128 0 82 417 118 434 475 359 346 105 310 198 146 71 25 97
313 307 383 76 82 0 486 34 487 507 425 408 3 356 281 219 16 78 188
359 225 123 511 417 486 0 493 108 145 65 55 464 116 209 236 447 374 294
341 306 418 82 118 34 493 0 492 540 448 459 32 403 294 260 38 97 217
358 234 134 519 434 487 108 492 0 137 69 65 481 120 216 270 468 395 304
403 260 166 538 475 507 145 540 137 0 78 81 497 136 254 293 493 443 333
303 184 78 448 359 425 65 448 69 78 0 -11 429 44 172 199 410 338 248
289 149 74 440 346 408 55 459 65 81 -11 0 420 71 142 192 422 331 242
298 299 369 63 105 3 464 32 481 497 429 420 0 345 264 218 5 67 168
211 104 11 385 310 356 116 403 120 136 44 71 345 0 87 153 342 274 183
135 40 100 316 198 281 209 294 216 254 172 142 264 87 0 56 252 205 117
92 59 156 238 146 219 236 260 270 293 199 192 218 153 56 0 210 145 45
269 275 363 29 71 16 447 38 468 493 410 422 5 342 252 210 0 57 164
230 218 296 91 25 78 374 97 395 443 338 331 67 274 205 145 57 0 107
123 113 207 191 97 188 294 217 304 333 248 242 168 183 117 45 164 107 0
