0 156 226 494 406 200 441 142 197 393 135 76 84 429 150 398 224 355 282
156 0 212 500 404 207 449 140 191 349 133 78 61 403 130 365 201 336 291
226 212 0 436 344 282 362 199 150 317 198 161 147 336 70 340 109 293 226
494 500 436 0 126 549 87 467 276 164 476 417 426 74 360 92 299 143 196
406 404 344 126 0 474 71 435 224 94 401 358 344 52 269 19 219 71 123
200 207 282 549 474 0 492 72 257 430 86 124 137 466 211 449 278 410 367
441 449 362 87 71 492 0 418 233 95 419 369 348 13 295 44 234 72 135
142 140 199 467 435 72 418 0 203 370 -8 66 75 398 158 378 195 362 292
197 191 150 276 224 257 233 203 0 200 197 155 122 224 62 188 23 144 91
393 349 317 164 94 430 95 370 200 0 362 307 306 87 253 77 180 17 75
135 133 198 476 401 86 419 -8 197 362 0 39 48 382 147 366 184 325 293
76 78 161 417 358 124 369 66 155 307 39 0 4 354 55 307 112 280 217
84 61 147 426 344 137 348 75 122 306 48 4 0 322 62 319 124 277 210
429 403 336 74 52 466 13 398 224 87 382 354 322 0 277 31 215 60 99
150 130 70 360 269 211 295 158 62 253 147 55 62 277 0 236 58 202 138
398 365 340 92 19 449 44 378 188 77 366 307 319 31 236 0 212 34 84
224 201 109 299 219 278 234 195 23 180 184 112 124 215 58 212 0 151 67
355 336 293 143 71 410 72 362 144 17 325 280 277 60 202 34 151 0 53
282 291 226 196 123 367 135 292 91 75 293 217 210 99 138 84 67 53 0
