0 285 311 301 382 404 403 260 65 381 20 350 284 244 360 255 216 116 174
285 0 258 212 173 169 130 361 316 94 259 83 -10 171 109 34 117 186 209
311 258 0 108 369 364 368 333 333 336 299 315 228 41 300 236 122 223 245
301 212 108 0 362 325 330 334 317 310 277 313 237 30 294 187 131 186 219
382 173 369 362 0 161 294 423 439 295 388 257 190 312 63 163 236 303 347
404 169 364 325 161 0 300 426 470 257 399 262 195 313 67 162 226 309 351
403 130 368 330 294 300 0 439 425 42 389 45 120 312 238 152 211 300 339
260 361 333 334 423 426 439 0 282 405 248 399 303 278 361 300 191 144 90
65 316 333 317 439 470 425 282 0 394 47 387 323 270 375 286 215 130 193
381 94 336 310 295 257 42 405 394 0 373 13 107 261 212 104 207 269 316
20 259 299 277 388 399 389 248 47 373 0 340 273 214 335 240 163 110 120
350 83 315 313 257 262 45 399 387 13 340 0 85 256 186 113 203 259 283
284 -10 228 237 190 195 120 303 323 107 273 85 0 187 112 52 83 165 231
244 171 41 30 312 313 312 278 270 261 214 256 187 0 229 143 79 136 182
360 109 300 294 63 67 238 361 375 212 335 186 112 229 0 84 155 226 283
255 34 236 187 163 162 152 300 286 104 240 113 52 143 84 0 66 147 189
216 117 122 131 236 226 211 191 215 207 163 203 83 79 155 66 0 79 98
116 186 223 186 303 309 300 144 130 269 110 259 165 136 226 147 79 0 34
174 209 245 219 347 351 339 90 193 316 120 283 231 182 283 189 98 34 0
