0 249 197 341 457 394 309 207 401 426 188 394 382 364 292 266 181 96 154
249 0 70 398 514 451 366 264 458 483 61 451 439 421 349 323 238 153 211
197 70 0 346 462 399 314 212 406 431 9 399 387 369 297 271 186 101 159
341 398 346 0 266 203 118 186 210 235 337 203 191 173 101 75 160 245 187
457 514 462 266 0 123 182 302 94 95 453 63 75 93 165 191 276 361 303
394 451 399 203 123 0 119 239 67 92 390 60 48 30 102 128 213 298 240
309 366 314 118 182 119 0 154 126 151 305 119 107 89 17 43 128 213 155
207 264 212 186 302 239 154 0 246 271 203 239 227 209 137 111 26 111 53
401 458 406 210 94 67 126 246 0 63 397 31 19 37 109 135 220 305 247
426 483 431 235 95 92 151 271 63 0 422 32 44 62 134 160 245 330 272
188 61 9 337 453 390 305 203 397 422 0 390 378 360 288 262 177 92 150
394 451 399 203 63 60 119 239 31 32 390 0 12 30 102 128 213 298 240
382 439 387 191 75 48 107 227 19 44 378 12 0 18 90 116 201 286 228
364 421 369 173 93 30 89 209 37 62 360 30 18 0 72 98 183 268 210
292 349 297 101 165 102 17 137 109 134 288 102 90 72 0 26 111 196 138
266 323 271 75 191 128 43 111 135 160 262 128 116 98 26 0 85 170 112
181 238 186 160 276 213 128 26 220 245 177 213 201 183 111 85 0 85 27
96 153 101 245 361 298 213 111 305 330 92 298 286 268 196 170 85 0 58
154 211 159 187 303 240 155 53 247 272 150 240 228 210 138 112 27 58 0
