0 259 122 50 204 236 211 271 64 57 193 138 67 2 32 9 47 122 124
259 0 377 215 459 491 226 144 305 298 66 393 322 257 273 250 212 137 139
122 377 0 168 192 224 329 389 182 175 311 126 55 120 150 127 165 240 242
50 215 168 0 250 282 167 227 96 89 149 184 113 48 64 41 3 78 80
204 459 192 250 0 164 411 471 264 257 393 66 137 202 232 209 247 322 324
236 491 224 282 164 0 443 503 296 289 425 98 169 234 264 241 279 354 356
211 226 329 167 411 443 0 238 257 250 160 345 274 209 225 202 164 89 87
271 144 389 227 471 503 238 0 317 310 78 405 334 269 285 262 224 149 151
64 305 182 96 264 296 257 317 0 57 239 198 127 62 32 55 93 168 170
57 298 175 89 257 289 250 310 57 0 232 191 120 55 25 48 86 161 163
193 66 311 149 393 425 160 78 239 232 0 327 256 191 207 184 146 71 73
138 393 126 184 66 98 345 405 198 191 327 0 71 136 166 143 181 256 258
67 322 55 113 137 169 274 334 127 120 256 71 0 65 95 72 110 185 187
2 257 120 48 202 234 209 269 62 55 191 136 65 0 30 7 45 120 122
32 273 150 64 232 264 225 285 32 25 207 166 95 30 0 23 61 136 138
9 250 127 41 209 241 202 262 55 48 184 143 72 7 23 0 38 113 115
47 212 165 3 247 279 164 224 93 86 146 181 110 45 61 38 0 75 77
122 137 240 78 322 354 89 149 168 161 71 256 185 120 136 113 75 0 2
124 139 242 80 324 356 87 151 170 163 73 258 187 122 138 115 77 2 0
