0 222 162 220 352 284 243 315 107 111 200 61 102 261 174 143 98 97 70
222 0 190 248 226 312 271 189 135 211 228 161 130 135 48 171 126 125 152
162 190 0 96 320 250 209 283 73 151 166 101 68 229 142 19 64 65 92
220 248 96 0 378 308 267 341 131 209 224 159 126 287 200 77 122 123 150
352 226 320 378 0 442 401 145 265 341 358 291 260 91 178 301 256 255 282
284 312 250 308 442 0 127 405 187 273 84 223 182 351 264 231 186 187 214
243 271 209 267 401 127 0 364 146 232 43 182 141 310 223 190 145 146 173
315 189 283 341 145 405 364 0 228 304 321 254 223 54 141 264 219 218 245
107 135 73 131 265 187 146 228 0 96 103 46 5 174 87 54 9 10 37
111 211 151 209 341 273 232 304 96 0 189 50 91 250 163 132 87 86 59
200 228 166 224 358 84 43 321 103 189 0 139 98 267 180 147 102 103 130
61 161 101 159 291 223 182 254 46 50 139 0 41 200 113 82 37 36 9
102 130 68 126 260 182 141 223 5 91 98 41 0 169 82 49 4 5 32
261 135 229 287 91 351 310 54 174 250 267 200 169 0 87 210 165 164 191
174 48 142 200 178 264 223 141 87 163 180 113 82 87 0 123 78 77 104
143 171 19 77 301 231 190 264 54 132 147 82 49 210 123 0 45 46 73
98 126 64 122 256 186 145 219 9 87 102 37 4 165 78 45 0 1 28
97 125 65 123 255 187 146 218 10 86 103 36 5 164 77 46 1 0 27
70 152 92 150 282 214 173 245 37 59 130 9 32 191 104 73 28 27 0
