0 243 322 298 303 331 357 303 277 106 291 49 229 209 178 282 193 158 121
243 0 249 225 190 258 284 190 204 251 218 194 156 96 65 209 120 85 122
322 249 0 56 309 267 293 309 213 330 227 273 165 215 184 40 129 164 201
298 225 56 0 285 243 269 285 189 306 203 249 141 191 160 16 105 140 177
303 190 309 285 0 318 344 188 264 311 278 254 216 94 125 269 180 145 182
331 258 267 243 318 0 106 318 150 339 40 282 102 224 193 227 138 173 210
357 284 293 269 344 106 0 344 176 365 66 308 128 250 219 253 164 199 236
303 190 309 285 188 318 344 0 264 311 278 254 216 94 125 269 180 145 182
277 204 213 189 264 150 176 264 0 285 110 228 48 170 139 173 84 119 156
106 251 330 306 311 339 365 311 285 0 299 57 237 217 186 290 201 166 129
291 218 227 203 278 40 66 278 110 299 0 242 62 184 153 187 98 133 170
49 194 273 249 254 282 308 254 228 57 242 0 180 160 129 233 144 109 72
229 156 165 141 216 102 128 216 48 237 62 180 0 122 91 125 36 71 108
209 96 215 191 94 224 250 94 170 217 184 160 122 0 31 175 86 51 88
178 65 184 160 125 193 219 125 139 186 153 129 91 31 0 144 55 20 57
282 209 40 16 269 227 253 269 173 290 187 233 125 175 144 0 89 124 161
193 120 129 105 180 138 164 180 84 201 98 144 36 86 55 89 0 35 72
158 85 164 140 145 173 199 145 119 166 133 109 71 51 20 124 35 0 37
121 122 201 177 182 210 236 182 156 129 170 72 108 88 57 161 72 37 0
