0 132 292 316 178 201 183 374 259 349 287 242 238 160 182 138 57 127 214
132 0 170 334 196 219 201 392 277 367 305 260 256 178 200 156 75 5 92
292 170 0 494 356 379 361 552 437 527 465 420 416 338 360 316 235 165 78
316 334 494 0 218 241 135 206 99 181 119 74 78 200 134 178 259 329 416
178 196 356 218 0 59 85 276 161 251 189 144 140 18 84 40 121 191 278
201 219 379 241 59 0 108 299 184 274 212 167 163 41 107 63 144 214 301
183 201 361 135 85 108 0 193 78 168 106 61 57 67 1 45 126 196 283
374 392 552 206 276 299 193 0 157 149 87 132 136 258 192 236 317 387 474
259 277 437 99 161 184 78 157 0 132 70 25 21 143 77 121 202 272 359
349 367 527 181 251 274 168 149 132 0 62 107 111 233 167 211 292 362 449
287 305 465 119 189 212 106 87 70 62 0 45 49 171 105 149 230 300 387
242 260 420 74 144 167 61 132 25 107 45 0 4 126 60 104 185 255 342
238 256 416 78 140 163 57 136 21 111 49 4 0 122 56 100 181 251 338
160 178 338 200 18 41 67 258 143 233 171 126 122 0 66 22 103 173 260
182 200 360 134 84 107 1 192 77 167 105 60 56 66 0 44 125 195 282
138 156 316 178 40 63 45 236 121 211 149 104 100 22 44 0 81 151 238
57 75 235 259 121 144 126 317 202 292 230 185 181 103 125 81 0 70 157
127 5 165 329 191 214 196 387 272 362 300 255 251 173 195 151 70 0 87
214 92 78 416 278 301 283 474 359 449 387 342 338 260 282 238 157 87 0
