0 377 72 262 46 254 259 316 367 268 40 302 217 43 156 233 114 226 140
377 0 363 205 343 319 408 465 140 417 337 75 160 334 221 382 263 375 289
72 363 0 248 38 240 245 302 353 254 32 288 203 29 142 219 100 212 126
262 205 248 0 228 204 293 350 195 302 222 130 45 219 106 267 148 260 174
46 343 38 228 0 220 225 282 333 234 6 268 183 9 122 199 80 192 106
254 319 240 204 220 0 285 342 309 294 214 244 159 211 98 259 140 252 166
259 408 245 293 225 285 0 109 398 75 219 333 248 216 187 26 145 33 119
316 465 302 350 282 342 109 0 455 132 276 390 305 273 244 83 202 90 176
367 140 353 195 333 309 398 455 0 407 327 65 150 324 211 372 253 365 279
268 417 254 302 234 294 75 132 407 0 228 342 257 225 196 49 154 42 128
40 337 32 222 6 214 219 276 327 228 0 262 177 3 116 193 74 186 100
302 75 288 130 268 244 333 390 65 342 262 0 85 259 146 307 188 300 214
217 160 203 45 183 159 248 305 150 257 177 85 0 174 61 222 103 215 129
43 334 29 219 9 211 216 273 324 225 3 259 174 0 113 190 71 183 97
156 221 142 106 122 98 187 244 211 196 116 146 61 113 0 161 42 154 68
233 382 219 267 199 259 26 83 372 49 193 307 222 190 161 0 119 7 93
114 263 100 148 80 140 145 202 253 154 74 188 103 71 42 119 0 112 26
226 375 212 260 192 252 33 90 365 42 186 300 215 183 154 7 112 0 86
140 289 126 174 106 166 119 176 279 128 100 214 129 97 68 93 26 86 0
