0 332 28 135 69 108 123 233 125 335 76 282 210 37 3 19 28 101 145
332 0 322 411 395 384 253 145 451 103 352 50 122 363 329 313 304 231 187
28 322 0 125 91 98 113 223 147 325 66 272 200 59 25 9 18 91 135
135 411 125 0 198 91 202 312 254 414 59 361 289 166 132 116 107 180 224
69 395 91 198 0 171 186 296 120 398 139 345 273 32 66 82 91 164 208
108 384 98 91 171 0 175 285 227 387 32 334 262 139 105 89 80 153 197
123 253 113 202 186 175 0 154 242 256 143 203 131 154 120 104 95 22 66
233 145 223 312 296 285 154 0 352 148 253 95 23 264 230 214 205 132 88
125 451 147 254 120 227 242 352 0 454 195 401 329 88 122 138 147 220 264
335 103 325 414 398 387 256 148 454 0 355 53 125 366 332 316 307 234 190
76 352 66 59 139 32 143 253 195 355 0 302 230 107 73 57 48 121 165
282 50 272 361 345 334 203 95 401 53 302 0 72 313 279 263 254 181 137
210 122 200 289 273 262 131 23 329 125 230 72 0 241 207 191 182 109 65
37 363 59 166 32 139 154 264 88 366 107 313 241 0 34 50 59 132 176
3 329 25 132 66 105 120 230 122 332 73 279 207 34 0 16 25 98 142
19 313 9 116 82 89 104 214 138 316 57 263 191 50 16 0 9 82 126
28 304 18 107 91 80 95 205 147 307 48 254 182 59 25 9 0 73 117
101 231 91 180 164 153 22 132 220 234 121 181 109 132 98 82 73 0 44
145 187 135 224 208 197 66 88 264 190 165 137 65 176 142 126 117 44 0
