0 175 336 216 345 305 221 302 274 348 165 104 218 291 74 250 216 151 235
175 0 370 154 354 308 164 321 304 373 119 46 233 305 88 270 237 160 224
336 370 0 431 143 342 411 345 218 284 379 305 262 73 276 194 127 213 272
216 154 431 0 421 384 126 353 345 403 50 122 289 348 145 329 273 216 290
345 354 143 421 0 349 412 369 199 268 367 308 261 69 257 197 127 204 274
305 308 342 384 349 0 342 171 279 352 307 247 76 286 219 268 214 160 79
221 164 411 126 412 342 0 376 331 397 53 102 270 345 136 318 271 215 296
302 321 345 353 369 171 376 0 289 362 311 284 84 277 227 273 229 145 88
274 304 218 345 199 279 331 289 0 93 308 256 201 146 202 27 75 127 217
348 373 284 403 268 352 397 362 93 0 348 305 274 213 258 68 139 202 265
165 119 379 50 367 307 53 311 308 348 0 78 238 283 105 287 211 159 219
104 46 305 122 308 247 102 284 256 305 78 0 195 247 36 233 159 120 193
218 233 262 289 261 76 270 84 201 274 238 195 0 204 152 182 143 68 -7
291 305 73 348 69 286 345 277 146 213 283 247 204 0 226 134 75 134 206
74 88 276 145 257 219 136 227 202 258 105 36 152 226 0 203 139 83 131
250 270 194 329 197 268 318 273 27 68 287 233 182 134 203 0 58 104 185
216 237 127 273 127 214 271 229 75 139 211 159 143 75 139 58 0 69 142
151 160 213 216 204 160 215 145 127 202 159 120 68 134 83 104 69 0 68
235 224 272 290 274 79 296 88 217 265 219 193 -7 206 131 185 142 68 0
