0 248 273 157 215 203 222 222 180 206 170 138 83 177 75 108 186 134 123
248 0 253 255 313 301 116 202 212 238 202 236 181 71 173 140 166 114 125
273 253 0 280 338 326 227 123 237 263 227 261 206 182 198 165 87 139 150
157 255 280 0 206 194 229 229 187 213 177 129 74 184 82 115 193 141 130
215 313 338 206 0 142 287 287 245 271 235 77 132 242 140 173 251 199 188
203 301 326 194 142 0 275 275 233 259 223 65 120 230 128 161 239 187 176
222 116 227 229 287 275 0 176 186 212 176 210 155 45 147 114 140 88 99
222 202 123 229 287 275 176 0 186 212 176 210 155 131 147 114 36 88 99
180 212 237 187 245 233 186 186 0 46 10 168 113 141 105 72 150 98 87
206 238 263 213 271 259 212 212 46 0 36 194 139 167 131 98 176 124 113
170 202 227 177 235 223 176 176 10 36 0 158 103 131 95 62 140 88 77
138 236 261 129 77 65 210 210 168 194 158 0 55 165 63 96 174 122 111
83 181 206 74 132 120 155 155 113 139 103 55 0 110 8 41 119 67 56
177 71 182 184 242 230 45 131 141 167 131 165 110 0 102 69 95 43 54
75 173 198 82 140 128 147 147 105 131 95 63 8 102 0 33 111 59 48
108 140 165 115 173 161 114 114 72 98 62 96 41 69 33 0 78 26 15
186 166 87 193 251 239 140 36 150 176 140 174 119 95 111 78 0 52 63
134 114 139 141 199 187 88 88 98 124 88 122 67 43 59 26 52 0 11
123 125 150 130 188 176 99 99 87 113 77 111 56 54 48 15 63 11 0
