0 197 273 365 286 317 231 190 116 113 303 222 201 118 66 99 85 157 241
197 0 163 145 79 115 294 245 185 237 118 19 13 216 157 158 134 54 118
273 163 0 323 236 264 359 352 244 310 268 181 179 269 244 233 200 130 79
365 145 323 0 183 54 442 395 312 379 52 129 141 338 312 295 274 168 236
286 79 236 183 0 165 360 353 256 302 131 81 88 274 247 219 215 134 179
317 115 264 54 165 0 379 379 275 325 11 102 132 288 281 242 255 169 220
231 294 359 442 360 379 0 138 157 241 381 284 247 93 185 139 128 225 296
190 245 352 395 353 379 138 0 123 210 348 251 240 45 137 111 120 211 269
116 185 244 312 256 275 157 123 0 122 286 174 159 48 71 10 31 118 180
113 237 310 379 302 325 241 210 122 0 342 249 215 150 60 108 102 180 253
303 118 268 52 131 11 381 348 286 342 0 83 106 284 237 251 220 125 213
222 19 181 129 81 102 284 251 174 249 83 0 16 215 175 168 154 54 128
201 13 179 141 88 132 247 240 159 215 106 16 0 196 163 142 138 60 108
118 216 269 338 274 288 93 45 48 150 284 215 196 0 98 62 70 147 197
66 157 244 312 247 281 185 137 71 60 237 175 163 98 0 36 19 117 191
99 158 233 295 219 242 139 111 10 108 251 168 142 62 36 0 14 106 163
85 134 200 274 215 255 128 120 31 102 220 154 138 70 19 14 0 79 161
157 54 130 168 134 169 225 211 118 180 125 54 60 147 117 106 79 0 79
241 118 79 236 179 220 296 269 180 253 213 128 108 197 191 163 161 79 0
