0 252 223 233 119 257 139 172 124 70 131 171 92 140 69 68 11 36 70
252 0 434 439 332 174 327 80 314 154 343 64 315 77 145 263 229 210 268
223 434 0 201 183 465 349 370 189 287 81 373 170 349 273 149 208 230 268
233 439 201 0 206 443 327 386 200 287 97 348 168 350 271 145 211 225 277
119 332 183 206 0 346 233 252 9 168 86 254 20 233 159 42 105 121 162
257 174 465 443 346 0 365 130 342 181 363 76 323 87 182 297 231 218 278
139 327 349 327 233 365 0 245 240 180 241 275 231 246 174 189 111 125 63
172 80 370 386 252 130 245 0 263 94 278 20 234 18 89 212 153 123 191
124 314 189 200 9 342 240 263 0 189 83 240 10 247 173 52 109 104 170
70 154 287 287 168 181 180 94 189 0 195 104 178 87 5 142 67 72 123
131 343 81 97 86 363 241 278 83 195 0 270 76 283 185 60 149 129 178
171 64 373 348 254 76 275 20 240 104 270 0 234 3 95 222 138 143 188
92 315 170 168 20 323 231 234 10 178 76 234 0 258 139 22 99 107 149
140 77 349 350 233 87 246 18 247 87 283 3 258 0 44 200 118 116 158
69 145 273 271 159 182 174 89 173 5 185 95 139 44 0 152 61 52 92
68 263 149 145 42 297 189 212 52 142 60 222 22 200 152 0 70 62 137
11 229 208 211 105 231 111 153 109 67 149 138 99 118 61 70 0 18 60
36 210 230 225 121 218 125 123 104 72 129 143 107 116 52 62 18 0 62
70 268 268 277 162 278 63 191 170 123 178 188 149 158 92 137 60 62 0
