0 208 256 160 221 284 25 322 254 262 229 18 212 162 160 157 159 112 75
208 0 102 137 190 257 185 312 237 79 232 185 223 29 8 147 126 98 105
256 102 0 238 264 310 232 370 292 151 296 231 278 81 69 204 184 143 173
160 137 238 0 87 125 143 149 128 195 81 138 79 131 125 -7 23 67 65
221 190 264 87 0 186 203 248 62 285 170 189 15 193 189 109 85 118 105
284 257 310 125 186 0 252 126 220 323 45 240 189 251 231 110 128 168 166
25 185 232 143 203 252 0 308 234 236 206 12 188 162 168 159 130 82 86
322 312 370 149 248 126 308 0 299 355 92 310 224 262 281 155 171 211 197
254 237 292 128 62 220 234 299 0 296 210 226 40 227 212 121 120 129 152
262 79 151 195 285 323 236 355 296 0 272 230 241 69 92 189 194 142 148
229 232 296 81 170 45 206 92 210 272 0 219 152 205 211 89 103 119 127
18 185 231 138 189 240 12 310 226 230 219 0 183 167 143 135 118 68 86
212 223 278 79 15 189 188 224 40 241 152 183 0 171 182 84 55 118 113
162 29 81 131 193 251 162 262 227 69 205 167 171 0 18 125 125 71 87
160 8 69 125 189 231 168 281 212 92 211 143 182 18 0 135 97 95 79
157 147 204 -7 109 110 159 155 121 189 89 135 84 125 135 0 26 46 59
159 126 184 23 85 128 130 171 120 194 103 118 55 125 97 26 0 22 49
112 98 143 67 118 168 82 211 129 142 119 68 118 71 95 46 22 0 9
75 105 173 65 105 166 86 197 152 148 127 86 113 87 79 59 49 9 0
