0 158 241 252 143 282 248 339 289 256 253 159 251 157 74 7 166 83 9
158 0 251 396 287 426 258 483 299 266 263 169 395 167 84 151 310 227 153
241 251 0 479 370 509 175 566 216 183 180 86 478 84 167 234 393 310 236
252 396 479 0 229 202 486 259 527 494 491 397 171 395 312 245 86 169 243
143 287 370 229 0 259 377 316 418 385 382 288 228 286 203 136 143 60 134
282 426 509 202 259 0 516 119 557 524 521 427 31 425 342 275 116 199 273
248 258 175 486 377 516 0 573 219 186 183 89 485 91 174 241 400 317 243
339 483 566 259 316 119 573 0 614 581 578 484 88 482 399 332 173 256 330
289 299 216 527 418 557 219 614 0 39 36 130 526 132 215 282 441 358 284
256 266 183 494 385 524 186 581 39 0 3 97 493 99 182 249 408 325 251
253 263 180 491 382 521 183 578 36 3 0 94 490 96 179 246 405 322 248
159 169 86 397 288 427 89 484 130 97 94 0 396 2 85 152 311 228 154
251 395 478 171 228 31 485 88 526 493 490 396 0 394 311 244 85 168 242
157 167 84 395 286 425 91 482 132 99 96 2 394 0 83 150 309 226 152
74 84 167 312 203 342 174 399 215 182 179 85 311 83 0 67 226 143 69
7 151 234 245 136 275 241 332 282 249 246 152 244 150 67 0 159 76 2
166 310 393 86 143 116 400 173 441 408 405 311 85 309 226 159 0 83 157
83 227 310 169 60 199 317 256 358 325 322 228 168 226 143 76 83 0 74
9 153 236 243 134 273 243 330 284 251 248 154 242 152 69 2 157 74 0
