0 301 233 149 212 176 149 284 150 97 129 69 260 147 173 52 54 71 92
301 0 188 346 405 369 346 65 347 256 326 266 41 340 128 249 247 230 209
233 188 0 278 337 301 278 171 279 188 258 198 147 272 60 181 179 162 141
149 346 278 0 257 221 160 329 161 142 140 80 305 192 218 97 99 116 137
212 405 337 257 0 94 257 388 258 201 237 177 364 65 277 160 158 175 196
176 369 301 221 94 0 221 352 222 165 201 141 328 29 241 124 122 139 160
149 346 278 160 257 221 0 329 41 142 20 80 305 192 218 97 99 116 137
284 65 171 329 388 352 329 0 330 239 309 249 24 323 111 232 230 213 192
150 347 279 161 258 222 41 330 0 143 21 81 306 193 219 98 100 117 138
97 256 188 142 201 165 142 239 143 0 122 62 215 136 128 45 43 26 47
129 326 258 140 237 201 20 309 21 122 0 60 285 172 198 77 79 96 117
69 266 198 80 177 141 80 249 81 62 60 0 225 112 138 17 19 36 57
260 41 147 305 364 328 305 24 306 215 285 225 0 299 87 208 206 189 168
147 340 272 192 65 29 192 323 193 136 172 112 299 0 212 95 93 110 131
173 128 60 218 277 241 218 111 219 128 198 138 87 212 0 121 119 102 81
52 249 181 97 160 124 97 232 98 45 77 17 208 95 121 0 2 19 40
54 247 179 99 158 122 99 230 100 43 79 19 206 93 119 2 0 17 38
71 230 162 116 175 139 116 213 117 26 96 36 189 110 102 19 17 0 21
92 209 141 137 196 160 137 192 138 47 117 57 168 131 81 40 38 21 0
