0 207 160 70 407 410 230 80 349 270 60 62 149 155 154 269 397 206 301
207 0 57 157 306 309 139 163 248 169 147 145 58 52 53 168 296 105 200
160 57 0 110 259 262 92 116 201 122 100 98 11 5 6 121 249 58 153
70 157 110 0 357 360 180 30 299 220 10 12 99 105 104 219 347 156 251
407 306 259 357 0 23 339 363 344 265 347 345 258 254 253 264 10 201 106
410 309 262 360 23 0 342 366 347 268 350 348 261 257 256 267 13 204 109
230 139 92 180 339 342 0 186 281 202 170 168 81 87 86 201 329 138 233
80 163 116 30 363 366 186 0 305 226 20 18 105 111 110 225 353 162 257
349 248 201 299 344 347 281 305 0 81 289 287 200 196 195 80 334 143 238
270 169 122 220 265 268 202 226 81 0 210 208 121 117 116 1 255 64 159
60 147 100 10 347 350 170 20 289 210 0 2 89 95 94 209 337 146 241
62 145 98 12 345 348 168 18 287 208 2 0 87 93 92 207 335 144 239
149 58 11 99 258 261 81 105 200 121 89 87 0 6 5 120 248 57 152
155 52 5 105 254 257 87 111 196 117 95 93 6 0 1 116 244 53 148
154 53 6 104 253 256 86 110 195 116 94 92 5 1 0 115 243 52 147
269 168 121 219 264 267 201 225 80 1 209 207 120 116 115 0 254 63 158
397 296 249 347 10 13 329 353 334 255 337 335 248 244 243 254 0 191 96
206 105 58 156 201 204 138 162 143 64 146 144 57 53 52 63 191 0 95
301 200 153 251 106 109 233 257 238 159 241 239 152 148 147 158 96 95 0
