0 194 256 156 214 265 15 311 244 247 232 12 199 176 172 155 138 100 95
194 0 106 150 208 259 185 305 238 97 226 182 193 26 22 149 132 94 99
256 106 0 212 270 321 247 367 300 151 288 244 255 80 84 211 194 156 161
156 150 212 0 94 111 147 157 124 203 78 144 79 132 128 1 18 56 61
214 208 270 94 0 203 205 249 60 261 170 202 15 190 186 93 76 114 119
265 259 321 111 203 0 256 112 233 312 33 253 188 241 237 110 127 165 170
15 185 247 147 205 256 0 302 235 238 223 3 190 167 163 146 129 91 86
311 305 367 157 249 112 302 0 279 358 79 299 234 287 283 156 173 211 216
244 238 300 124 60 233 235 279 0 291 200 232 45 220 216 123 106 144 149
247 97 151 203 261 312 238 358 291 0 279 235 246 71 75 202 185 147 152
232 226 288 78 170 33 223 79 200 279 0 220 155 208 204 77 94 132 137
12 182 244 144 202 253 3 299 232 235 220 0 187 164 160 143 126 88 83
199 193 255 79 15 188 190 234 45 246 155 187 0 175 171 78 61 99 104
176 26 80 132 190 241 167 287 220 71 208 164 175 0 4 131 114 76 81
172 22 84 128 186 237 163 283 216 75 204 160 171 4 0 127 110 72 77
155 149 211 1 93 110 146 156 123 202 77 143 78 131 127 0 17 55 60
138 132 194 18 76 127 129 173 106 185 94 126 61 114 110 17 0 38 43
100 94 156 56 114 165 91 211 144 147 132 88 99 76 72 55 38 0 5
95 99 161 61 119 170 86 216 149 152 137 83 104 81 77 60 43 5 0
