0 214 168 72 405 420 215 82 341 285 67 45 153 154 152 263 392 208 305
214 0 41 169 308 314 120 166 241 168 141 146 55 72 72 167 301 103 189
168 41 0 125 245 249 79 103 202 117 89 109 24 0 3 130 253 47 157
72 169 125 0 365 368 179 46 294 222 26 1 91 88 103 215 339 142 253
405 308 245 365 0 26 334 359 328 274 349 338 273 255 246 254 -15 195 84
420 314 249 368 26 0 344 357 345 267 351 324 262 259 273 274 25 206 110
215 120 79 179 334 344 0 196 283 213 174 162 79 79 93 203 332 119 232
82 166 103 46 359 357 196 0 309 238 13 24 95 108 115 226 362 165 247
341 241 202 294 328 345 283 309 0 105 285 298 184 186 211 97 337 140 239
285 168 117 222 274 267 213 238 105 0 208 208 100 120 111 -11 282 61 158
67 141 89 26 349 351 174 13 285 208 0 -15 86 90 96 186 338 139 236
45 146 109 1 338 324 162 24 298 208 -15 0 96 98 99 233 341 154 235
153 55 24 91 273 262 79 95 184 100 86 96 0 -1 -13 130 249 26 160
154 72 0 88 255 259 79 108 186 120 90 98 -1 0 1 110 239 50 121
152 72 3 103 246 273 93 115 211 111 96 99 -13 1 0 104 219 46 163
263 167 130 215 254 274 203 226 97 -11 186 233 130 110 104 0 248 58 165
392 301 253 339 -15 25 332 362 337 282 338 341 249 239 219 248 0 192 87
208 103 47 142 195 206 119 165 140 61 139 154 26 50 46 58 192 0 90
305 189 157 253 84 110 232 247 239 158 236 235 160 121 163 165 87 90 0
