0 366 336 238 173 196 449 185 442 221 162 148 87 286 117 169 189 361 266
366 0 94 433 252 391 404 176 407 409 379 340 276 63 229 186 160 331 245
336 94 0 392 220 367 359 156 359 380 347 284 239 22 178 151 115 282 191
238 433 392 0 232 171 524 239 522 168 128 97 150 360 205 246 271 447 362
173 252 220 232 0 203 344 75 359 217 195 144 102 187 28 71 109 262 180
196 391 367 171 203 0 482 202 492 63 26 51 112 327 164 204 251 399 289
449 404 359 524 344 482 0 283 162 494 464 425 350 348 321 276 238 97 165
185 176 156 239 75 202 283 0 272 226 178 170 120 131 51 -14 33 167 110
442 407 359 522 359 492 162 272 0 500 481 402 389 332 317 287 244 68 172
221 409 380 168 217 63 494 226 500 0 57 82 139 346 192 241 269 436 324
162 379 347 128 195 26 464 178 481 57 0 41 97 306 138 193 210 387 295
148 340 284 97 144 51 425 170 402 82 41 0 44 272 109 127 170 356 261
87 276 239 150 102 112 350 120 389 139 97 44 0 226 51 118 135 279 196
286 63 22 360 187 327 348 131 332 346 306 272 226 0 159 116 88 261 158
117 229 178 205 28 164 321 51 317 192 138 109 51 159 0 50 80 226 149
169 186 151 246 71 204 276 -14 287 241 193 127 118 116 50 0 33 204 111
189 160 115 271 109 251 238 33 244 269 210 170 135 88 80 33 0 158 76
361 331 282 447 262 399 97 167 68 436 387 356 279 261 226 204 158 0 85
266 245 191 362 180 289 165 110 172 324 295 261 196 158 149 111 76 85 0
