0 463 468 176 448 238 242 382 444 363 178 80 411 161 306 222 362 284 373
463 0 109 317 343 541 545 401 339 382 481 383 52 302 325 241 257 179 90
468 109 0 322 348 546 550 406 344 387 486 388 57 307 330 246 262 184 95
176 317 322 0 302 254 258 236 298 217 194 96 265 15 160 76 216 138 227
448 343 348 302 0 526 530 386 168 367 466 368 291 287 310 226 86 164 253
238 541 546 254 526 0 124 460 522 441 60 158 489 239 384 300 440 362 451
242 545 550 258 530 124 0 464 526 445 64 162 493 243 388 304 444 366 455
382 401 406 236 386 460 464 0 382 133 400 302 349 221 76 160 300 222 311
444 339 344 298 168 522 526 382 0 363 462 364 287 283 306 222 82 160 249
363 382 387 217 367 441 445 133 363 0 381 283 330 202 57 141 281 203 292
178 481 486 194 466 60 64 400 462 381 0 98 429 179 324 240 380 302 391
80 383 388 96 368 158 162 302 364 283 98 0 331 81 226 142 282 204 293
411 52 57 265 291 489 493 349 287 330 429 331 0 250 273 189 205 127 38
161 302 307 15 287 239 243 221 283 202 179 81 250 0 145 61 201 123 212
306 325 330 160 310 384 388 76 306 57 324 226 273 145 0 84 224 146 235
222 241 246 76 226 300 304 160 222 141 240 142 189 61 84 0 140 62 151
362 257 262 216 86 440 444 300 82 281 380 282 205 201 224 140 0 78 167
284 179 184 138 164 362 366 222 160 203 302 204 127 123 146 62 78 0 89
373 90 95 227 253 451 455 311 249 292 391 293 38 212 235 151 167 89 0
