0 405 270 322 112 256 236 323 218 207 303 114 172 74 -12 67 261 209 168
405 0 201 250 516 656 669 131 500 476 88 393 566 481 409 337 181 161 241
270 201 0 100 362 522 523 126 354 331 112 256 435 353 270 188 18 34 116
322 250 100 0 407 559 551 179 389 388 175 286 506 401 311 252 66 84 163
112 516 362 407 0 176 188 422 290 295 409 226 112 15 119 179 352 328 271
256 656 522 559 176 0 141 558 460 431 541 355 71 181 280 320 506 463 397
236 669 523 551 188 141 0 586 462 433 552 369 84 175 241 324 492 454 402
323 131 126 179 422 558 586 0 404 387 5 321 503 411 337 254 124 86 152
218 500 354 389 290 460 462 404 0 156 384 87 376 280 199 152 334 302 245
207 476 331 388 295 431 433 387 156 0 365 85 357 283 189 132 296 295 221
303 88 112 175 409 541 552 5 384 365 0 301 512 397 311 256 106 85 147
114 393 256 286 226 355 369 321 87 85 301 0 301 187 128 45 220 211 147
172 566 435 506 112 71 84 503 376 357 512 301 0 106 179 245 433 422 332
74 481 353 401 15 181 175 411 280 283 397 187 106 0 89 139 307 293 271
-12 409 270 311 119 280 241 337 199 189 311 128 179 89 0 59 244 231 172
67 337 188 252 179 320 324 254 152 132 256 45 245 139 59 0 184 167 113
261 181 18 66 352 506 492 124 334 296 106 220 433 307 244 184 0 21 79
209 161 34 84 328 463 454 86 302 295 85 211 422 293 231 167 21 0 64
168 241 116 163 271 397 402 152 245 221 147 147 332 271 172 113 79 64 0
