0 238 262 148 209 202 197 236 179 192 182 160 90 175 71 122 168 120 129
238 0 254 248 317 290 117 220 209 254 188 234 192 70 180 121 159 113 129
262 254 0 279 333 345 225 119 220 254 230 281 217 176 190 155 106 135 138
148 248 279 0 219 175 209 223 188 226 178 133 74 191 93 117 192 162 138
209 317 333 219 0 153 278 273 245 277 249 73 119 255 142 154 244 204 189
202 290 345 175 153 0 255 285 232 261 232 78 107 232 124 154 236 193 175
197 117 225 209 278 255 0 176 192 208 175 215 158 33 144 126 153 102 89
236 220 119 223 273 285 176 0 186 213 173 222 161 129 158 110 47 98 115
179 209 220 188 245 232 192 186 0 44 1 178 128 148 105 68 132 91 95
192 254 254 226 277 261 208 213 44 0 31 201 143 156 138 97 181 146 119
182 188 230 178 249 232 175 173 1 31 0 171 118 124 111 60 145 93 86
160 234 281 133 73 78 215 222 178 201 171 0 55 170 49 86 180 121 115
90 192 217 74 119 107 158 161 128 143 118 55 0 104 -3 48 125 55 53
175 70 176 191 255 232 33 129 148 156 124 170 104 0 90 79 97 45 59
71 180 190 93 142 124 144 158 105 138 111 49 -3 90 0 18 123 79 57
122 121 155 117 154 154 126 110 68 97 60 86 48 79 18 0 96 15 29
168 159 106 192 244 236 153 47 132 181 145 180 125 97 123 96 0 58 49
120 113 135 162 204 193 102 98 91 146 93 121 55 45 79 15 58 0 21
129 129 138 138 189 175 89 115 95 119 86 115 53 59 57 29 49 21 0
