0 288 121 162 266 205 50 249 265 242 33 200 113 76 118 193 113 189 188
288 0 216 217 343 260 291 303 160 326 271 62 175 205 178 259 178 261 266
121 216 0 115 220 167 110 202 215 190 104 125 57 44 66 139 53 136 124
162 217 115 0 229 136 161 194 171 186 143 117 33 91 45 149 63 138 134
266 343 220 229 0 252 268 111 307 147 240 245 198 187 161 76 157 106 74
205 260 167 136 252 0 191 213 253 217 195 166 105 114 107 196 86 177 157
50 291 110 161 268 191 0 242 268 248 28 198 115 103 122 173 100 201 188
249 303 202 194 111 213 242 0 292 117 222 202 141 142 132 39 137 32 44
265 160 215 171 307 253 268 292 0 297 246 60 139 192 147 238 156 236 235
242 326 190 186 147 217 248 117 297 0 219 223 165 152 148 79 145 66 38
33 271 104 143 240 195 28 222 246 219 0 175 91 62 101 176 89 164 158
200 62 125 117 245 166 198 202 60 223 175 0 67 129 82 189 96 164 173
113 175 57 33 198 105 115 141 139 165 91 67 0 37 19 97 21 71 91
76 205 44 91 187 114 103 142 192 152 62 129 37 0 16 108 28 98 109
118 178 66 45 161 107 122 132 147 148 101 82 19 16 0 90 15 74 69
193 259 139 149 76 196 173 39 238 79 176 189 97 108 90 0 70 36 3
113 178 53 63 157 86 100 137 156 145 89 96 21 28 15 70 0 70 42
189 261 136 138 106 177 201 32 236 66 164 164 71 98 74 36 70 0 -4
188 266 124 134 74 157 188 44 235 38 158 173 91 109 69 3 42 -4 0
