0 299 248 173 133 140 175 216 120 143 106 91 200 54 183 28 44 48 94
299 0 181 416 344 383 418 115 331 346 349 334 99 265 116 271 255 251 205
248 181 0 365 293 332 367 98 280 295 298 283 82 214 65 220 204 200 154
173 416 365 0 250 131 166 333 237 260 97 82 317 171 300 145 161 165 211
133 344 293 250 0 217 252 261 145 188 183 168 245 79 228 105 89 93 139
140 383 332 131 217 0 103 300 204 227 34 49 284 138 267 112 128 132 178
175 418 367 166 252 103 0 335 239 262 69 84 319 173 302 147 163 167 213
216 115 98 333 261 300 335 0 248 263 266 251 16 182 33 188 172 168 122
120 331 280 237 145 204 239 248 0 175 170 155 232 66 215 92 76 80 126
143 346 295 260 188 227 262 263 175 0 193 178 247 109 230 115 99 95 141
106 349 298 97 183 34 69 266 170 193 0 15 250 104 233 78 94 98 144
91 334 283 82 168 49 84 251 155 178 15 0 235 89 218 63 79 83 129
200 99 82 317 245 284 319 16 232 247 250 235 0 166 17 172 156 152 106
54 265 214 171 79 138 173 182 66 109 104 89 166 0 149 26 10 14 60
183 116 65 300 228 267 302 33 215 230 233 218 17 149 0 155 139 135 89
28 271 220 145 105 112 147 188 92 115 78 63 172 26 155 0 16 20 66
44 255 204 161 89 128 163 172 76 99 94 79 156 10 139 16 0 4 50
48 251 200 165 93 132 167 168 80 95 98 83 152 14 135 20 4 0 46
94 205 154 211 139 178 213 122 126 141 144 129 106 60 89 66 50 46 0
