0 269 318 314 455 311 384 258 103 228 364 278 281 187 230 184 76 173 127
269 0 219 215 356 212 285 67 220 151 265 179 182 88 39 85 193 96 142
318 219 0 258 211 255 140 208 269 200 120 222 37 131 180 134 242 145 191
314 215 258 0 395 69 324 204 265 196 304 36 221 127 176 130 238 141 187
455 356 211 395 0 392 111 345 406 337 91 359 174 268 317 271 379 282 328
311 212 255 69 392 0 321 201 262 193 301 33 218 124 173 127 235 138 184
384 285 140 324 111 321 0 274 335 266 20 288 103 197 246 200 308 211 257
258 67 208 204 345 201 274 0 209 140 254 168 171 77 28 74 182 85 131
103 220 269 265 406 262 335 209 0 179 315 229 232 138 181 135 27 124 78
228 151 200 196 337 193 266 140 179 0 246 160 163 69 112 66 152 55 101
364 265 120 304 91 301 20 254 315 246 0 268 83 177 226 180 288 191 237
278 179 222 36 359 33 288 168 229 160 268 0 185 91 140 94 202 105 151
281 182 37 221 174 218 103 171 232 163 83 185 0 94 143 97 205 108 154
187 88 131 127 268 124 197 77 138 69 177 91 94 0 49 3 111 14 60
230 39 180 176 317 173 246 28 181 112 226 140 143 49 0 46 154 57 103
184 85 134 130 271 127 200 74 135 66 180 94 97 3 46 0 108 11 57
76 193 242 238 379 235 308 182 27 152 288 202 205 111 154 108 0 97 51
173 96 145 141 282 138 211 85 124 55 191 105 108 14 57 11 97 0 46
127 142 191 187 328 184 257 131 78 101 237 151 154 60 103 57 51 46 0
