0 384 229 312 434 510 141 508 271 269 474 389 304 217 103 199 222 197 94
384 0 185 260 185 283 350 275 290 290 217 158 100 157 292 220 171 197 287
229 185 0 76 235 300 208 318 158 128 267 201 139 8 147 48 24 73 153
312 260 76 0 292 371 250 387 190 188 337 253 172 60 213 131 86 118 209
434 185 235 292 0 126 378 127 307 314 100 46 96 211 333 236 190 241 309
510 283 300 371 126 0 467 61 408 397 37 126 189 310 418 308 298 317 416
141 350 208 250 378 467 0 474 212 234 425 343 261 189 64 150 170 144 63
508 275 318 387 127 61 474 0 395 381 39 98 176 309 416 306 292 315 420
271 290 158 190 307 408 212 395 0 134 360 302 207 115 178 77 105 77 168
269 290 128 188 314 397 234 381 134 0 344 296 194 129 193 56 109 82 174
474 217 267 337 100 37 425 39 360 344 0 47 158 259 370 300 250 287 363
389 158 201 253 46 126 343 98 302 296 47 0 70 183 303 236 174 213 276
304 100 139 172 96 189 261 176 207 194 158 70 0 97 212 139 98 115 238
217 157 8 60 211 310 189 309 115 129 259 183 97 0 134 61 8 55 139
103 292 147 213 333 418 64 416 178 193 370 303 212 134 0 108 136 97 -15
199 220 48 131 236 308 150 306 77 56 300 236 139 61 108 0 31 13 113
222 171 24 86 190 298 170 292 105 109 250 174 98 8 136 31 0 24 125
197 197 73 118 241 317 144 315 77 82 287 213 115 55 97 13 24 0 70
94 287 153 209 309 416 63 420 168 174 363 276 238 139 -15 113 125 70 0
