0 297 226 323 284 251 269 232 85 249 245 238 215 213 219 199 58 166 72
297 0 125 222 183 150 168 91 266 214 144 137 114 112 78 98 239 131 225
226 125 0 123 80 51 65 60 195 143 41 38 11 13 47 27 168 60 154
323 222 123 0 181 98 166 157 292 240 142 85 112 110 144 124 265 157 251
284 183 80 181 0 109 63 118 253 201 39 96 69 71 105 85 226 118 212
251 150 51 98 109 0 94 85 220 168 70 13 40 38 72 52 193 85 179
269 168 65 166 63 94 0 103 238 186 24 81 54 56 90 70 211 103 197
232 91 60 157 118 85 103 0 201 149 79 72 49 47 13 33 174 66 160
85 266 195 292 253 220 238 201 0 218 214 207 184 182 188 168 27 135 41
249 214 143 240 201 168 186 149 218 0 162 155 132 130 136 116 191 83 177
245 144 41 142 39 70 24 79 214 162 0 57 30 32 66 46 187 79 173
238 137 38 85 96 13 81 72 207 155 57 0 27 25 59 39 180 72 166
215 114 11 112 69 40 54 49 184 132 30 27 0 2 36 16 157 49 143
213 112 13 110 71 38 56 47 182 130 32 25 2 0 34 14 155 47 141
219 78 47 144 105 72 90 13 188 136 66 59 36 34 0 20 161 53 147
199 98 27 124 85 52 70 33 168 116 46 39 16 14 20 0 141 33 127
58 239 168 265 226 193 211 174 27 191 187 180 157 155 161 141 0 108 14
166 131 60 157 118 85 103 66 135 83 79 72 49 47 53 33 108 0 94
72 225 154 251 212 179 197 160 41 177 173 166 143 141 147 127 14 94 0
