0 204 207 156 193 261 204 253 266 201 188 185 146 89 183 182 182 150 99
204 0 233 182 97 101 44 93 170 41 28 25 172 115 23 22 86 54 105
207 233 0 71 222 290 233 282 295 230 217 214 61 118 212 211 211 179 128
156 182 71 0 171 239 182 231 244 179 166 163 10 67 161 160 160 128 77
193 97 222 171 0 154 97 146 95 94 81 78 161 104 76 75 11 43 94
261 101 290 239 154 0 89 144 227 96 73 76 229 172 78 79 143 111 162
204 44 233 182 97 89 0 87 170 39 16 19 172 115 21 22 86 54 105
253 93 282 231 146 144 87 0 219 88 71 68 221 164 70 71 135 103 154
266 170 295 244 95 227 170 219 0 167 154 151 234 177 149 148 84 116 167
201 41 230 179 94 96 39 88 167 0 23 20 169 112 18 19 83 51 102
188 28 217 166 81 73 16 71 154 23 0 3 156 99 5 6 70 38 89
185 25 214 163 78 76 19 68 151 20 3 0 153 96 2 3 67 35 86
146 172 61 10 161 229 172 221 234 169 156 153 0 57 151 150 150 118 67
89 115 118 67 104 172 115 164 177 112 99 96 57 0 94 93 93 61 10
183 23 212 161 76 78 21 70 149 18 5 2 151 94 0 1 65 33 84
182 22 211 160 75 79 22 71 148 19 6 3 150 93 1 0 64 32 83
182 86 211 160 11 143 86 135 84 83 70 67 150 93 65 64 0 32 83
150 54 179 128 43 111 54 103 116 51 38 35 118 61 33 32 32 0 51
99 105 128 77 94 162 105 154 167 102 89 86 67 10 84 83 83 51 0
