0 438 332 400 450 511 345 273 161 461 96 414 381 371 308 250 293 189 222
438 0 392 222 126 187 405 211 407 283 342 90 57 193 130 188 353 249 282
332 392 0 354 404 465 91 227 301 415 236 368 335 325 262 204 39 143 110
400 222 354 0 234 295 367 173 369 119 304 198 165 29 92 150 315 211 244
450 126 404 234 0 133 417 223 419 295 354 36 69 205 142 200 365 261 294
511 187 465 295 133 0 478 284 480 356 415 97 130 266 203 261 426 322 355
345 405 91 367 417 478 0 240 314 428 249 381 348 338 275 217 52 156 123
273 211 227 173 223 284 240 0 242 234 177 187 154 144 81 23 188 84 117
161 407 301 369 419 480 314 242 0 430 65 383 350 340 277 219 262 158 191
461 283 415 119 295 356 428 234 430 0 365 259 226 90 153 211 376 272 305
96 342 236 304 354 415 249 177 65 365 0 318 285 275 212 154 197 93 126
414 90 368 198 36 97 381 187 383 259 318 0 33 169 106 164 329 225 258
381 57 335 165 69 130 348 154 350 226 285 33 0 136 73 131 296 192 225
371 193 325 29 205 266 338 144 340 90 275 169 136 0 63 121 286 182 215
308 130 262 92 142 203 275 81 277 153 212 106 73 63 0 58 223 119 152
250 188 204 150 200 261 217 23 219 211 154 164 131 121 58 0 165 61 94
293 353 39 315 365 426 52 188 262 376 197 329 296 286 223 165 0 104 71
189 249 143 211 261 322 156 84 158 272 93 225 192 182 119 61 104 0 33
222 282 110 244 294 355 123 117 191 305 126 258 225 215 152 94 71 33 0
