0 266 175 123 320 155 365 105 207 202 282 246 167 42 40 77 73 112 193
266 0 305 269 92 203 145 238 366 407 67 9 314 207 197 230 207 165 84
175 305 0 187 360 185 383 68 287 305 301 289 237 129 106 70 102 152 236
123 269 187 0 328 159 382 118 241 243 272 271 172 73 42 108 90 122 217
320 92 360 328 0 241 130 279 424 441 29 74 382 260 259 279 250 213 115
155 203 185 159 241 0 306 113 261 289 232 169 196 102 83 124 88 52 144
365 145 383 382 130 306 0 314 471 492 94 105 429 314 286 312 289 254 163
105 238 68 118 279 113 314 0 190 226 245 206 154 61 36 -10 25 80 164
207 366 287 241 424 261 471 190 0 150 382 348 46 160 170 200 171 211 287
202 407 305 243 441 289 492 226 150 0 397 389 64 168 179 210 195 219 307
282 67 301 272 29 232 94 245 382 397 0 29 334 233 215 249 207 168 78
246 9 289 271 74 169 105 206 348 389 29 0 296 213 187 198 175 139 37
167 314 237 172 382 196 429 154 46 64 334 296 0 104 112 140 121 164 241
42 207 129 73 260 102 314 61 160 168 233 213 104 0 2 55 32 41 154
40 197 106 42 259 83 286 36 170 179 215 187 112 2 0 40 19 43 129
77 230 70 108 279 124 312 -10 200 210 249 198 140 55 40 0 17 59 162
73 207 102 90 250 88 289 25 171 195 207 175 121 32 19 17 0 29 106
112 165 152 122 213 52 254 80 211 219 168 139 164 41 43 59 29 0 99
193 84 236 217 115 144 163 164 287 307 78 37 241 154 129 162 106 99 0
