0 428 375 425 410 428 165 330 423 362 373 331 271 350 336 258 82 193 121
428 0 287 337 322 184 429 372 179 404 285 243 313 106 92 170 346 235 307
375 287 0 138 123 287 376 319 282 351 86 44 260 209 195 117 293 182 254
425 337 138 0 89 337 426 369 332 401 52 94 310 259 245 167 343 232 304
410 322 123 89 0 322 411 354 317 386 37 79 295 244 230 152 328 217 289
428 184 287 337 322 0 429 372 151 404 285 243 313 78 92 170 346 235 307
165 429 376 426 411 429 0 331 424 363 374 332 272 351 337 259 83 194 122
330 372 319 369 354 372 331 0 367 150 317 275 59 294 280 202 248 137 209
423 179 282 332 317 151 424 367 0 399 280 238 308 73 87 165 341 230 302
362 404 351 401 386 404 363 150 399 0 349 307 91 326 312 234 280 169 241
373 285 86 52 37 285 374 317 280 349 0 42 258 207 193 115 291 180 252
331 243 44 94 79 243 332 275 238 307 42 0 216 165 151 73 249 138 210
271 313 260 310 295 313 272 59 308 91 258 216 0 235 221 143 189 78 150
350 106 209 259 244 78 351 294 73 326 207 165 235 0 14 92 268 157 229
336 92 195 245 230 92 337 280 87 312 193 151 221 14 0 78 254 143 215
258 170 117 167 152 170 259 202 165 234 115 73 143 92 78 0 176 65 137
82 346 293 343 328 346 83 248 341 280 291 249 189 268 254 176 0 111 39
193 235 182 232 217 235 194 137 230 169 180 138 78 157 143 65 111 0 72
121 307 254 304 289 307 122 209 302 241 252 210 150 229 215 137 39 72 0
