0 340 395 290 152 260 426 272 291 401 214 100 86 275 235 180 380 332 250
340 0 354 73 288 410 388 413 187 356 334 247 230 39 87 160 328 295 199
395 354 0 350 385 489 104 505 317 165 447 322 322 321 258 223 58 91 174
290 73 350 0 242 372 338 397 106 330 292 204 187 10 68 100 304 240 129
152 288 385 242 0 198 385 223 252 376 129 56 61 271 184 170 353 300 225
260 410 489 372 198 0 518 130 349 496 54 145 173 342 300 270 474 398 322
426 388 104 338 385 518 0 531 324 186 461 358 328 330 263 234 63 113 207
272 413 505 397 223 130 531 0 378 503 82 165 176 360 302 286 483 429 329
291 187 317 106 252 349 324 378 0 323 292 209 203 104 62 89 283 249 172
401 356 165 330 376 496 186 503 323 0 450 341 334 317 253 226 131 74 155
214 334 447 292 129 54 461 82 292 450 0 81 123 293 246 203 401 343 251
100 247 322 204 56 145 358 165 209 341 81 0 0 194 136 115 321 243 159
86 230 322 187 61 173 328 176 203 334 123 0 0 172 132 101 295 239 152
275 39 321 10 271 342 330 360 104 317 293 194 172 0 53 101 283 216 142
235 87 258 68 184 300 263 302 62 253 246 136 132 53 0 28 231 167 74
180 160 223 100 170 270 234 286 89 226 203 115 101 101 28 0 196 139 59
380 328 58 304 353 474 63 483 283 131 401 321 295 283 231 196 0 49 128
332 295 91 240 300 398 113 429 249 74 343 243 239 216 167 139 49 0 93
250 199 174 129 225 322 207 329 172 155 251 159 152 142 74 59 128 93 0
