0 210 151 274 199 170 98 359 303 274 261 235 47 232 160 125 107 97 124
210 0 111 270 195 186 214 355 299 270 257 231 163 228 156 85 103 113 140
151 111 0 211 136 127 155 296 240 211 198 172 104 169 97 26 44 54 81
274 270 211 0 153 250 278 111 113 78 13 39 227 42 114 185 167 177 204
199 195 136 153 0 175 203 238 182 153 140 114 152 111 39 110 92 102 129
170 186 127 250 175 0 174 335 279 250 237 211 123 208 136 101 83 73 46
98 214 155 278 203 174 0 363 307 278 265 239 51 236 164 129 111 101 128
359 355 296 111 238 335 363 0 198 163 98 124 312 127 199 270 252 262 289
303 299 240 113 182 279 307 198 0 113 100 74 256 71 143 214 196 206 233
274 270 211 78 153 250 278 163 113 0 65 39 227 42 114 185 167 177 204
261 257 198 13 140 237 265 98 100 65 0 26 214 29 101 172 154 164 191
235 231 172 39 114 211 239 124 74 39 26 0 188 3 75 146 128 138 165
47 163 104 227 152 123 51 312 256 227 214 188 0 185 113 78 60 50 77
232 228 169 42 111 208 236 127 71 42 29 3 185 0 72 143 125 135 162
160 156 97 114 39 136 164 199 143 114 101 75 113 72 0 71 53 63 90
125 85 26 185 110 101 129 270 214 185 172 146 78 143 71 0 18 28 55
107 103 44 167 92 83 111 252 196 167 154 128 60 125 53 18 0 10 37
97 113 54 177 102 73 101 262 206 177 164 138 50 135 63 28 10 0 27
124 140 81 204 129 46 128 289 233 204 191 165 77 162 90 55 37 27 0
