0 86 438 598 594 548 585 39 326 190 507 524 437 362 5 319 65 155 228
86 0 394 554 550 504 541 115 282 146 463 480 393 318 81 275 21 111 184
438 394 0 312 308 262 299 467 126 318 221 238 151 76 433 119 373 283 210
598 554 312 0 178 272 309 627 286 478 91 248 161 236 593 279 533 443 370
594 550 308 178 0 268 305 623 282 474 87 244 157 232 589 275 529 439 366
548 504 262 272 268 0 85 577 236 428 181 24 111 186 543 229 483 393 320
585 541 299 309 305 85 0 614 273 465 218 61 148 223 580 266 520 430 357
39 115 467 627 623 577 614 0 355 219 536 553 466 391 34 348 94 184 257
326 282 126 286 282 236 273 355 0 206 195 212 125 50 321 7 261 171 98
190 146 318 478 474 428 465 219 206 0 387 404 317 242 185 199 125 35 108
507 463 221 91 87 181 218 536 195 387 0 157 70 145 502 188 442 352 279
524 480 238 248 244 24 61 553 212 404 157 0 87 162 519 205 459 369 296
437 393 151 161 157 111 148 466 125 317 70 87 0 75 432 118 372 282 209
362 318 76 236 232 186 223 391 50 242 145 162 75 0 357 43 297 207 134
5 81 433 593 589 543 580 34 321 185 502 519 432 357 0 314 60 150 223
319 275 119 279 275 229 266 348 7 199 188 205 118 43 314 0 254 164 91
65 21 373 533 529 483 520 94 261 125 442 459 372 297 60 254 0 90 163
155 111 283 443 439 393 430 184 171 35 352 369 282 207 150 164 90 0 73
228 184 210 370 366 320 357 257 98 108 279 296 209 134 223 91 163 73 0
