0 206 322 127 341 461 244 488 282 445 127 385 381 290 288 227 72 172 117
206 0 350 124 350 481 233 484 299 458 88 392 387 281 291 235 88 174 121
322 350 0 272 214 333 248 357 55 299 243 275 254 149 60 103 231 158 225
127 124 272 0 297 451 189 448 251 409 38 355 352 274 242 180 44 144 63
341 350 214 297 0 247 247 260 164 188 260 167 163 58 156 121 261 176 245
461 481 333 451 247 0 368 199 313 128 401 102 76 181 298 243 384 316 360
244 233 248 189 247 368 0 396 205 354 160 297 307 188 208 140 153 68 143
488 484 357 448 260 199 396 0 337 116 415 99 100 191 309 246 396 325 370
282 299 55 251 164 313 205 337 0 282 229 250 222 107 23 61 190 132 184
445 458 299 409 188 128 354 116 282 0 369 57 60 137 261 209 355 283 336
127 88 243 38 260 401 160 415 229 369 0 343 317 217 211 165 19 99 36
385 392 275 355 167 102 297 99 250 57 343 0 2 125 228 171 320 237 286
381 387 254 352 163 76 307 100 222 60 317 2 0 89 215 148 294 229 261
290 281 149 274 58 181 188 191 107 137 217 125 89 0 106 44 202 112 193
288 291 60 242 156 298 208 309 23 261 211 228 215 106 0 60 191 123 164
227 235 103 180 121 243 140 246 61 209 165 171 148 44 60 0 134 67 123
72 88 231 44 261 384 153 396 190 355 19 320 294 202 191 134 0 66 0
172 174 158 144 176 316 68 325 132 283 99 237 229 112 123 67 66 0 41
117 121 225 63 245 360 143 370 184 336 36 286 261 193 164 123 0 41 0
