0 394 360 250 281 399 329 148 116 428 53 371 317 231 209 163 294 118 195
394 0 497 233 261 191 471 265 402 186 316 153 76 186 185 225 462 278 348
360 497 0 389 399 525 88 281 348 523 289 491 428 332 324 275 65 240 146
250 233 389 0 92 259 350 138 274 270 191 224 144 30 59 106 334 153 225
281 261 399 92 0 286 377 162 267 304 199 256 192 73 67 135 360 174 264
399 191 525 259 286 0 499 293 405 110 333 40 117 225 207 265 471 308 394
329 471 88 350 377 499 0 258 310 505 270 447 391 300 296 235 25 194 121
148 265 281 138 162 293 258 0 154 309 102 257 188 94 69 26 240 46 141
116 402 348 274 267 405 310 154 0 408 77 389 294 224 211 157 277 116 207
428 186 523 270 304 110 505 309 408 0 369 59 113 257 226 279 474 317 384
53 316 289 191 199 333 270 102 77 369 0 293 240 166 147 67 239 70 121
371 153 491 224 256 40 447 257 389 59 293 0 96 178 153 217 438 259 323
317 76 428 144 192 117 391 188 294 113 240 96 0 100 88 164 360 206 274
231 186 332 30 73 225 300 94 224 257 166 178 100 0 3 66 305 101 205
209 185 324 59 67 207 296 69 211 226 147 153 88 3 0 58 272 105 173
163 225 275 106 135 265 235 26 157 279 67 217 164 66 58 0 213 49 136
294 462 65 334 360 471 25 240 277 474 239 438 360 305 272 213 0 178 102
118 278 240 153 174 308 194 46 116 317 70 259 206 101 105 49 178 0 93
195 348 146 225 264 394 121 141 207 384 121 323 274 205 173 136 102 93 0
