0 261 210 155 344 183 121 122 259 163 219 252 165 128 63 4 96 170 80
261 0 109 408 61 190 280 360 135 409 113 -6 72 152 188 259 323 396 342
210 109 0 361 186 153 218 328 36 355 14 136 44 91 147 231 290 364 288
155 408 361 0 488 310 288 111 410 23 369 398 337 268 201 150 69 30 66
344 61 186 488 0 248 319 428 192 469 174 72 131 187 247 312 390 447 408
183 190 153 310 248 0 168 264 199 329 136 173 106 36 137 172 273 322 261
121 280 218 288 319 168 0 224 282 285 214 246 204 129 85 139 228 280 212
122 360 328 111 428 264 224 0 352 102 318 351 292 237 162 110 19 98 13
259 135 36 410 192 199 282 352 0 412 31 140 74 123 205 258 332 389 310
163 409 355 23 469 329 285 102 412 0 354 397 333 273 216 142 57 13 67
219 113 14 369 174 136 214 318 31 354 0 111 35 99 155 215 272 357 293
252 -6 136 398 72 173 246 351 140 397 111 0 83 125 185 256 317 399 336
165 72 44 337 131 106 204 292 74 333 35 83 0 68 111 188 254 330 265
128 152 91 268 187 36 129 237 123 273 99 125 68 0 67 118 188 275 214
63 188 147 201 247 137 85 162 205 216 155 185 111 67 0 67 153 198 148
4 259 231 150 312 172 139 110 258 142 215 256 188 118 67 0 86 149 82
96 323 290 69 390 273 228 19 332 57 272 317 254 188 153 86 0 67 24
170 396 364 30 447 322 280 98 389 13 357 399 330 275 198 149 67 0 54
80 342 288 66 408 261 212 13 310 67 293 336 265 214 148 82 24 54 0
