0 157 189 171 163 219 199 147 55 165 -7 152 73 82 143 48 26 23 68
157 0 279 235 236 274 240 263 185 177 133 154 110 181 218 115 116 135 148
189 279 0 182 310 322 326 287 227 275 173 262 195 83 257 179 165 163 174
171 235 182 0 281 302 319 250 211 246 170 260 172 93 274 148 128 140 160
163 236 310 281 0 107 319 250 225 247 160 234 157 204 44 114 144 156 169
219 274 322 302 107 0 342 304 260 259 219 272 181 238 51 147 186 205 197
199 240 326 319 319 342 0 277 247 64 194 68 152 246 269 165 165 186 212
147 263 287 250 250 304 277 0 171 250 125 233 151 185 233 130 129 109 72
55 185 227 211 225 260 247 171 0 187 57 180 110 127 208 80 74 64 76
165 177 275 246 247 259 64 250 187 0 127 3 79 196 214 101 111 115 140
-7 133 173 170 160 219 194 125 57 127 0 128 44 85 140 37 28 28 32
152 154 262 260 234 272 68 233 180 3 128 0 69 168 174 93 104 109 155
73 110 195 172 157 181 152 151 110 79 44 69 0 88 102 12 31 26 52
82 181 83 93 204 238 246 185 127 196 85 168 88 0 192 83 63 45 95
143 218 257 274 44 51 269 233 208 214 140 174 102 192 0 81 108 124 153
48 115 179 148 114 147 165 130 80 101 37 93 12 83 81 0 16 21 39
26 116 165 128 144 186 165 129 74 111 28 104 31 63 108 16 0 30 49
23 135 163 140 156 205 186 109 64 115 28 109 26 45 124 21 30 0 33
68 148 174 160 169 197 212 72 76 140 32 155 52 95 153 39 49 33 0
