0 84 283 218 373 281 195 388 384 153 213 10 78 351 324 260 184 119 98
84 0 347 282 437 345 259 452 448 217 277 74 142 415 388 324 248 183 162
283 347 0 133 136 196 240 151 147 280 128 273 205 114 87 23 99 164 185
218 282 133 0 223 73 175 238 234 215 5 208 140 201 174 110 34 99 120
373 437 136 223 0 286 330 113 109 370 218 363 295 76 49 113 189 254 275
281 345 196 73 286 0 238 301 297 278 68 271 203 264 237 173 97 162 183
195 259 240 175 330 238 0 345 341 192 170 185 117 308 281 217 141 76 97
388 452 151 238 113 301 345 0 70 385 233 378 310 37 64 128 204 269 290
384 448 147 234 109 297 341 70 0 381 229 374 306 33 60 124 200 265 286
153 217 280 215 370 278 192 385 381 0 210 143 75 348 321 257 181 116 95
213 277 128 5 218 68 170 233 229 210 0 203 135 196 169 105 29 94 115
10 74 273 208 363 271 185 378 374 143 203 0 68 341 314 250 174 109 88
78 142 205 140 295 203 117 310 306 75 135 68 0 273 246 182 106 41 20
351 415 114 201 76 264 308 37 33 348 196 341 273 0 27 91 167 232 253
324 388 87 174 49 237 281 64 60 321 169 314 246 27 0 64 140 205 226
260 324 23 110 113 173 217 128 124 257 105 250 182 91 64 0 76 141 162
184 248 99 34 189 97 141 204 200 181 29 174 106 167 140 76 0 65 86
119 183 164 99 254 162 76 269 265 116 94 109 41 232 205 141 65 0 21
98 162 185 120 275 183 97 290 286 95 115 88 20 253 226 162 86 21 0
