0 298 213 440 293 138 443 332 240 527 439 127 395 92 225 145 311 173 224
298 0 327 448 141 252 451 340 248 535 447 241 403 206 73 153 319 181 232
213 327 0 469 322 97 472 361 269 556 468 86 424 121 254 174 340 202 253
440 448 469 0 443 394 93 150 334 89 1 383 45 348 375 295 129 267 216
293 141 322 443 0 247 446 335 243 530 442 236 398 201 68 148 314 176 227
138 252 97 394 247 0 397 286 194 481 393 11 349 46 179 99 265 127 178
443 451 472 93 446 397 0 153 337 180 92 386 48 351 378 298 132 270 219
332 340 361 150 335 286 153 0 226 237 149 275 105 240 267 187 21 159 108
240 248 269 334 243 194 337 226 0 421 333 183 289 148 175 95 205 67 118
527 535 556 89 530 481 180 237 421 0 88 470 132 435 462 382 216 354 303
439 447 468 1 442 393 92 149 333 88 0 382 44 347 374 294 128 266 215
127 241 86 383 236 11 386 275 183 470 382 0 338 35 168 88 254 116 167
395 403 424 45 398 349 48 105 289 132 44 338 0 303 330 250 84 222 171
92 206 121 348 201 46 351 240 148 435 347 35 303 0 133 53 219 81 132
225 73 254 375 68 179 378 267 175 462 374 168 330 133 0 80 246 108 159
145 153 174 295 148 99 298 187 95 382 294 88 250 53 80 0 166 28 79
311 319 340 129 314 265 132 21 205 216 128 254 84 219 246 166 0 138 87
173 181 202 267 176 127 270 159 67 354 266 116 222 81 108 28 138 0 51
224 232 253 216 227 178 219 108 118 303 215 167 171 132 159 79 87 51 0
