0 382 234 344 255 279 318 168 248 131 306 225 266 179 175 129 83 128 164
382 0 194 125 329 362 392 389 274 346 84 174 345 244 207 352 295 237 220
234 194 0 153 199 238 255 249 129 223 123 35 202 123 58 201 180 77 71
344 125 153 0 325 336 360 338 239 314 44 137 289 217 166 311 272 207 183
255 329 199 325 0 233 232 244 213 217 287 175 185 92 136 208 160 100 135
279 362 238 336 233 0 75 287 250 221 297 196 39 103 177 229 201 127 161
318 392 255 360 232 75 0 322 269 256 323 211 48 122 209 245 216 146 179
168 389 249 338 244 287 322 0 267 65 341 219 266 156 188 53 101 147 178
248 274 129 239 213 250 269 267 0 209 207 122 209 130 80 209 174 107 82
131 346 223 314 217 221 256 65 209 0 261 183 195 103 153 -2 40 114 136
306 84 123 44 287 297 323 341 207 261 0 94 270 184 132 265 228 154 123
225 174 35 137 175 196 211 219 122 183 94 0 162 82 35 175 142 72 35
266 345 202 289 185 39 48 266 209 195 270 162 0 74 151 193 172 113 127
179 244 123 217 92 103 122 156 130 103 184 82 74 0 57 131 93 4 48
175 207 58 166 136 177 209 188 80 153 132 35 151 57 0 145 93 52 -11
129 352 201 311 208 229 245 53 209 -2 265 175 193 131 145 0 27 91 157
83 295 180 272 160 201 216 101 174 40 228 142 172 93 93 27 0 72 123
128 237 77 207 100 127 146 147 107 114 154 72 113 4 52 91 72 0 35
164 220 71 183 135 161 179 178 82 136 123 35 127 48 -11 157 123 35 0
