0 224 126 147 240 308 198 239 330 253 251 221 184 151 172 142 80 5 65
224 0 190 87 96 164 412 453 210 133 131 77 40 365 52 82 144 219 279
126 190 0 113 206 274 314 355 296 219 217 187 150 267 138 108 46 121 181
147 87 113 0 103 171 335 376 193 116 114 84 47 288 35 5 67 142 202
240 96 206 103 0 106 428 469 226 149 147 19 56 381 68 98 160 235 295
308 164 274 171 106 0 496 537 294 217 215 87 124 449 136 166 228 303 363
198 412 314 335 428 496 0 135 518 441 439 409 372 47 360 330 268 193 133
239 453 355 376 469 537 135 0 559 482 480 450 413 88 401 371 309 234 174
330 210 296 193 226 294 518 559 0 81 79 207 170 471 158 188 250 325 385
253 133 219 116 149 217 441 482 81 0 2 130 93 394 81 111 173 248 308
251 131 217 114 147 215 439 480 79 2 0 128 91 392 79 109 171 246 306
221 77 187 84 19 87 409 450 207 130 128 0 37 362 49 79 141 216 276
184 40 150 47 56 124 372 413 170 93 91 37 0 325 12 42 104 179 239
151 365 267 288 381 449 47 88 471 394 392 362 325 0 313 283 221 146 86
172 52 138 35 68 136 360 401 158 81 79 49 12 313 0 30 92 167 227
142 82 108 5 98 166 330 371 188 111 109 79 42 283 30 0 62 137 197
80 144 46 67 160 228 268 309 250 173 171 141 104 221 92 62 0 75 135
5 219 121 142 235 303 193 234 325 248 246 216 179 146 167 137 75 0 60
65 279 181 202 295 363 133 174 385 308 306 276 239 86 227 197 135 60 0
