0 361 334 446 351 321 387 395 382 81 301 320 351 303 235 250 197 37 110
361 0 225 413 110 288 354 362 349 368 60 287 318 270 126 217 164 324 251
334 225 0 386 215 261 327 335 322 341 165 260 291 243 99 190 137 297 224
446 413 386 0 403 267 227 235 126 453 353 160 95 143 287 196 249 409 336
351 110 215 403 0 278 344 352 339 358 50 277 308 260 116 207 154 314 241
321 288 261 267 278 0 208 216 203 328 228 141 172 124 162 71 124 284 211
387 354 327 227 344 208 0 142 163 394 294 67 132 84 228 137 190 350 277
395 362 335 235 352 216 142 0 171 402 302 75 140 92 236 145 198 358 285
382 349 322 126 339 203 163 171 0 389 289 96 31 79 223 132 185 345 272
81 368 341 453 358 328 394 402 389 0 308 327 358 310 242 257 204 44 117
301 60 165 353 50 228 294 302 289 308 0 227 258 210 66 157 104 264 191
320 287 260 160 277 141 67 75 96 327 227 0 65 17 161 70 123 283 210
351 318 291 95 308 172 132 140 31 358 258 65 0 48 192 101 154 314 241
303 270 243 143 260 124 84 92 79 310 210 17 48 0 144 53 106 266 193
235 126 99 287 116 162 228 236 223 242 66 161 192 144 0 91 38 198 125
250 217 190 196 207 71 137 145 132 257 157 70 101 53 91 0 53 213 140
197 164 137 249 154 124 190 198 185 204 104 123 154 106 38 53 0 160 87
37 324 297 409 314 284 350 358 345 44 264 283 314 266 198 213 160 0 73
110 251 224 336 241 211 277 285 272 117 191 210 241 193 125 140 87 73 0
