0 234 256 278 323 253 173 165 358 385 351 262 215 154 211 205 171 97 117
234 0 148 102 135 57 213 205 170 197 163 74 19 194 23 29 63 137 157
256 148 0 192 237 167 235 227 272 299 265 176 129 216 125 119 85 159 179
278 102 192 0 191 121 257 249 226 253 219 130 83 238 79 73 107 181 201
323 135 237 191 0 154 302 294 157 184 150 61 116 283 112 118 152 226 246
253 57 167 121 154 0 232 224 189 216 182 93 38 213 42 48 82 156 176
173 213 235 257 302 232 0 30 337 364 330 241 194 19 190 184 150 76 56
165 205 227 249 294 224 30 0 329 356 322 233 186 11 182 176 142 68 48
358 170 272 226 157 189 337 329 0 41 7 96 151 318 147 153 187 261 281
385 197 299 253 184 216 364 356 41 0 34 123 178 345 174 180 214 288 308
351 163 265 219 150 182 330 322 7 34 0 89 144 311 140 146 180 254 274
262 74 176 130 61 93 241 233 96 123 89 0 55 222 51 57 91 165 185
215 19 129 83 116 38 194 186 151 178 144 55 0 175 4 10 44 118 138
154 194 216 238 283 213 19 11 318 345 311 222 175 0 171 165 131 57 37
211 23 125 79 112 42 190 182 147 174 140 51 4 171 0 6 40 114 134
205 29 119 73 118 48 184 176 153 180 146 57 10 165 6 0 34 108 128
171 63 85 107 152 82 150 142 187 214 180 91 44 131 40 34 0 74 94
97 137 159 181 226 156 76 68 261 288 254 165 118 57 114 108 74 0 20
117 157 179 201 246 176 56 48 281 308 274 185 138 37 134 128 94 20 0
