0 246 169 180 285 314 21 252 333 328 213 253 151 226 114 177 6 51 83
246 0 303 300 139 460 241 395 205 211 348 134 280 102 274 60 225 199 135
169 303 0 67 360 233 198 193 409 435 115 343 35 329 38 273 156 129 169
180 300 67 0 323 221 175 174 421 388 113 343 24 307 43 258 165 106 154
285 139 360 323 0 491 283 388 116 147 373 60 292 27 311 82 268 224 194
314 460 233 221 491 0 316 135 542 554 96 469 180 464 207 390 298 256 304
21 241 198 175 283 316 0 266 330 362 219 269 146 243 141 209 27 79 114
252 395 193 174 388 135 266 0 474 477 24 405 130 384 125 329 261 214 236
333 205 409 421 116 542 330 474 0 154 439 80 360 65 364 141 333 269 245
328 211 435 388 147 554 362 477 154 0 472 85 386 98 372 152 319 295 271
213 348 115 113 373 96 219 24 439 472 0 386 103 363 87 292 198 158 193
253 134 343 343 60 469 269 405 80 85 386 0 306 0 282 91 243 194 181
151 280 35 24 292 180 146 130 360 386 103 306 0 288 14 204 112 103 148
226 102 329 307 27 464 243 384 65 98 363 0 288 0 272 65 218 206 139
114 274 38 43 311 207 141 125 364 372 87 282 14 272 0 217 117 75 94
177 60 273 258 82 390 209 329 141 152 292 91 204 65 217 0 170 128 93
6 225 156 165 268 298 27 261 333 319 198 243 112 218 117 170 0 29 80
51 199 129 106 224 256 79 214 269 295 158 194 103 206 75 128 29 0 24
83 135 169 154 194 304 114 236 245 271 193 181 148 139 94 93 80 24 0
