0 138 162 174 286 187 192 233 242 120 196 145 127 116 96 106 75 55 113
138 0 237 154 142 141 170 210 114 183 76 17 127 72 76 195 74 113 180
162 237 0 271 372 263 274 319 331 61 267 225 214 185 173 59 185 132 82
174 154 271 0 298 144 199 201 277 220 203 130 103 77 89 228 97 146 213
286 142 372 298 0 267 291 361 125 320 91 151 257 215 174 303 190 233 288
187 141 263 144 267 0 208 111 248 237 190 140 41 66 79 214 107 138 197
192 170 274 199 291 208 0 264 265 226 216 165 151 132 108 210 118 144 200
233 210 319 201 361 111 264 0 304 292 265 213 107 128 151 277 160 190 252
242 114 331 277 125 248 265 304 0 295 64 95 214 192 147 295 163 196 263
120 183 61 220 320 237 226 292 295 0 243 199 188 144 129 15 116 80 10
196 76 267 203 91 190 216 265 64 243 0 52 157 127 132 224 116 140 206
145 17 225 130 151 140 165 213 95 199 52 0 127 88 45 175 54 109 164
127 127 214 103 257 41 151 107 214 188 157 127 0 51 60 185 54 110 172
116 72 185 77 215 66 132 128 192 144 127 88 51 0 22 156 42 84 133
96 76 173 89 174 79 108 151 147 129 132 45 60 22 0 133 -4 34 101
106 195 59 228 303 214 210 277 295 15 224 175 185 156 133 0 123 92 14
75 74 185 97 190 107 118 160 163 116 116 54 54 42 -4 123 0 42 98
55 113 132 146 233 138 144 190 196 80 140 109 110 84 34 92 42 0 54
113 180 82 213 288 197 200 252 263 10 206 164 172 133 101 14 98 54 0
