0 454 339 120 455 493 430 472 239 130 450 435 388 367 309 36 217 74 125
454 0 175 502 175 213 108 192 259 436 170 155 66 87 145 418 237 380 329
339 175 0 387 176 214 151 193 144 321 171 156 109 88 30 303 122 265 214
120 502 387 0 503 541 478 520 287 178 498 483 436 415 357 84 265 122 173
455 175 176 503 0 78 151 57 260 437 35 20 109 88 146 419 238 381 330
493 213 214 541 78 0 189 65 298 475 43 58 147 126 184 457 276 419 368
430 108 151 478 151 189 0 168 235 412 146 131 42 63 121 394 213 356 305
472 192 193 520 57 65 168 0 277 454 22 37 126 105 163 436 255 398 347
239 259 144 287 260 298 235 277 0 221 255 240 193 172 114 203 22 165 114
130 436 321 178 437 475 412 454 221 0 432 417 370 349 291 94 199 56 107
450 170 171 498 35 43 146 22 255 432 0 15 104 83 141 414 233 376 325
435 155 156 483 20 58 131 37 240 417 15 0 89 68 126 399 218 361 310
388 66 109 436 109 147 42 126 193 370 104 89 0 21 79 352 171 314 263
367 87 88 415 88 126 63 105 172 349 83 68 21 0 58 331 150 293 242
309 145 30 357 146 184 121 163 114 291 141 126 79 58 0 273 92 235 184
36 418 303 84 419 457 394 436 203 94 414 399 352 331 273 0 181 38 89
217 237 122 265 238 276 213 255 22 199 233 218 171 150 92 181 0 143 92
74 380 265 122 381 419 356 398 165 56 376 361 314 293 235 38 143 0 51
125 329 214 173 330 368 305 347 114 107 325 310 263 242 184 89 92 51 0
