0 336 260 408 293 394 240 321 296 133 196 176 404 304 299 71 157 230 233
336 0 289 204 326 190 159 97 329 366 261 213 196 85 83 306 188 109 121
260 289 0 374 183 334 208 270 181 287 104 70 336 260 233 197 104 163 185
408 204 374 0 416 29 207 152 418 428 311 291 17 118 135 369 273 198 194
293 326 183 416 0 391 245 307 165 317 73 113 385 281 262 235 158 201 221
394 190 334 29 391 0 199 118 373 408 307 265 11 113 119 320 236 158 159
240 159 208 207 245 199 0 133 242 251 156 132 196 106 87 190 101 30 28
321 97 270 152 307 118 133 0 324 359 254 199 116 27 50 269 180 99 105
296 329 181 418 165 373 242 324 0 286 83 100 373 293 271 218 146 210 229
133 366 287 428 317 408 251 359 286 0 219 183 398 298 301 86 158 225 232
196 261 104 311 73 307 156 254 83 219 0 38 305 199 179 156 60 126 128
176 213 70 291 113 265 132 199 100 183 38 0 267 194 157 131 34 105 104
404 196 336 17 385 11 196 116 373 398 305 267 0 101 105 331 239 164 145
304 85 260 118 281 113 106 27 293 298 199 194 101 0 9 254 134 80 78
299 83 233 135 262 119 87 50 271 301 179 157 105 9 0 203 126 78 28
71 306 197 369 235 320 190 269 218 86 156 131 331 254 203 0 84 144 172
157 188 104 273 158 236 101 180 146 158 60 34 239 134 126 84 0 68 66
230 109 163 198 201 158 30 99 210 225 126 105 164 80 78 144 68 0 4
233 121 185 194 221 159 28 105 229 232 128 104 145 78 28 172 66 4 0
