0 302 312 190 391 119 301 209 326 432 66 341 295 274 240 224 188 114 163
302 0 166 264 245 289 155 135 180 286 236 195 149 128 94 78 114 188 139
312 166 0 274 155 299 133 145 90 196 246 105 59 38 72 88 124 198 149
190 264 274 0 353 177 263 171 288 394 124 303 257 236 202 186 150 76 125
391 245 155 353 0 378 212 224 127 141 325 50 96 117 151 167 203 277 228
119 289 299 177 378 0 288 196 313 419 53 328 282 261 227 211 175 101 150
301 155 133 263 212 288 0 134 147 253 235 162 116 95 61 77 113 187 138
209 135 145 171 224 196 134 0 159 265 143 174 128 107 73 57 21 95 46
326 180 90 288 127 313 147 159 0 168 260 77 31 52 86 102 138 212 163
432 286 196 394 141 419 253 265 168 0 366 91 137 158 192 208 244 318 269
66 236 246 124 325 53 235 143 260 366 0 275 229 208 174 158 122 48 97
341 195 105 303 50 328 162 174 77 91 275 0 46 67 101 117 153 227 178
295 149 59 257 96 282 116 128 31 137 229 46 0 21 55 71 107 181 132
274 128 38 236 117 261 95 107 52 158 208 67 21 0 34 50 86 160 111
240 94 72 202 151 227 61 73 86 192 174 101 55 34 0 16 52 126 77
224 78 88 186 167 211 77 57 102 208 158 117 71 50 16 0 36 110 61
188 114 124 150 203 175 113 21 138 244 122 153 107 86 52 36 0 74 25
114 188 198 76 277 101 187 95 212 318 48 227 181 160 126 110 74 0 49
163 139 149 125 228 150 138 46 163 269 97 178 132 111 77 61 25 49 0
