0 265 172 123 313 150 358 96 196 213 272 240 141 43 53 94 66 101 193
265 0 305 282 98 213 143 229 375 392 57 25 320 222 212 227 199 164 72
172 305 0 189 353 190 398 80 282 299 312 280 227 129 119 78 106 141 233
123 282 189 0 330 167 375 113 233 250 289 257 178 80 70 111 83 118 210
313 98 353 330 0 261 127 277 423 440 41 73 368 270 260 275 247 212 120
150 213 190 167 261 0 306 114 260 277 220 188 205 107 97 112 84 49 141
358 143 398 375 127 306 0 322 468 485 86 118 413 315 305 320 292 257 165
96 229 80 113 277 114 322 0 206 223 236 204 151 53 43 2 30 65 157
196 375 282 233 423 260 468 206 0 127 382 350 55 153 163 204 176 211 303
213 392 299 250 440 277 485 223 127 0 399 367 72 170 180 221 193 228 320
272 57 312 289 41 220 86 236 382 399 0 32 327 229 219 234 206 171 79
240 25 280 257 73 188 118 204 350 367 32 0 295 197 187 202 174 139 47
141 320 227 178 368 205 413 151 55 72 327 295 0 98 108 149 121 156 248
43 222 129 80 270 107 315 53 153 170 229 197 98 0 10 51 23 58 150
53 212 119 70 260 97 305 43 163 180 219 187 108 10 0 41 13 48 140
94 227 78 111 275 112 320 2 204 221 234 202 149 51 41 0 28 63 155
66 199 106 83 247 84 292 30 176 193 206 174 121 23 13 28 0 35 127
101 164 141 118 212 49 257 65 211 228 171 139 156 58 48 63 35 0 92
193 72 233 210 120 141 165 157 303 320 79 47 248 150 140 155 127 92 0
