0 178 201 219 112 329 146 91 291 289 251 228 148 133 37 127 106 45 55
178 0 268 192 131 336 225 205 282 267 235 219 157 108 151 219 88 147 147
201 268 0 315 219 406 68 190 367 404 343 320 269 199 136 50 204 144 126
219 192 315 0 102 209 258 229 157 177 120 103 40 122 183 243 113 174 189
112 131 219 102 0 213 152 117 160 155 124 104 46 -3 68 144 23 61 73
329 336 406 209 213 0 357 320 110 176 87 108 146 193 286 355 226 272 275
146 225 68 258 152 357 0 123 316 330 277 262 211 141 89 18 121 81 69
91 205 190 229 117 320 123 0 278 303 244 228 164 127 51 111 93 41 66
291 282 367 157 160 110 316 278 0 103 16 44 91 137 218 320 169 216 242
289 267 404 177 155 176 330 303 103 0 74 67 108 175 245 315 203 226 247
251 235 343 120 124 87 277 244 16 74 0 -2 76 115 186 281 161 182 209
228 219 320 103 104 108 262 228 44 67 -2 0 72 87 176 261 115 174 186
148 157 269 40 46 146 211 164 91 108 76 72 0 53 141 208 77 135 153
133 108 199 122 -3 193 141 127 137 175 115 87 53 0 68 151 26 85 85
37 151 136 183 68 286 89 51 218 245 186 176 141 68 0 91 67 -7 32
127 219 50 243 144 355 18 111 320 315 281 261 208 151 91 0 123 71 51
106 88 204 113 23 226 121 93 169 203 161 115 77 26 67 123 0 55 59
45 147 144 174 61 272 81 41 216 226 182 174 135 85 -7 71 55 0 9
55 147 126 189 73 275 69 66 242 247 209 186 153 85 32 51 59 9 0
