0 438 344 402 444 527 350 270 157 447 79 417 360 369 283 263 304 171 223
438 0 382 237 127 214 411 193 406 279 339 94 54 201 148 172 353 259 302
344 382 0 352 400 465 103 218 294 424 244 386 343 327 257 195 43 145 117
402 237 352 0 239 295 368 169 371 121 298 196 166 22 94 154 307 204 256
444 127 400 239 0 136 415 224 415 283 355 45 62 209 136 202 371 255 291
527 214 465 295 136 0 457 283 467 366 415 99 123 272 207 242 435 306 354
350 411 103 368 415 457 0 232 310 427 248 388 358 336 270 219 48 154 128
270 193 218 169 224 283 232 0 239 248 166 193 150 150 72 38 195 76 106
157 406 294 371 415 467 310 239 0 420 43 368 345 352 295 234 265 158 186
447 279 424 121 283 366 427 248 420 0 381 260 254 94 150 210 394 290 312
79 339 244 298 355 415 248 166 43 381 0 326 299 280 203 153 196 89 110
417 94 386 196 45 99 388 193 368 260 326 0 41 166 107 146 333 223 269
360 54 343 166 62 123 358 150 345 254 299 41 0 139 76 145 282 191 222
369 201 327 22 209 272 336 150 352 94 280 166 139 0 71 124 279 199 221
283 148 257 94 136 207 270 72 295 150 203 107 76 71 0 67 217 107 157
263 172 195 154 202 242 219 38 234 210 153 146 145 124 67 0 166 47 88
304 353 43 307 371 435 48 195 265 394 196 333 282 279 217 166 0 112 71
171 259 145 204 255 306 154 76 158 290 89 223 191 199 107 47 112 0 10
223 302 117 256 291 354 128 106 186 312 110 269 222 221 157 88 71 10 0
