0 186 376 532 503 504 479 158 352 270 435 448 430 333 96 318 101 176 258
186 0 360 516 487 488 463 152 336 254 419 432 414 317 90 302 85 160 242
376 360 0 242 213 214 189 342 92 294 145 158 140 43 280 58 275 200 118
532 516 242 0 165 176 151 498 248 450 97 120 102 199 436 214 431 356 274
503 487 213 165 0 147 122 469 219 421 68 91 73 170 407 185 402 327 245
504 488 214 176 147 0 87 470 220 422 79 56 74 171 408 186 403 328 246
479 463 189 151 122 87 0 445 195 397 54 31 49 146 383 161 378 303 221
158 152 342 498 469 470 445 0 318 236 401 414 396 299 62 284 67 142 224
352 336 92 248 219 220 195 318 0 270 151 164 146 49 256 34 251 176 94
270 254 294 450 421 422 397 236 270 0 353 366 348 251 174 236 169 94 176
435 419 145 97 68 79 54 401 151 353 0 23 5 102 339 117 334 259 177
448 432 158 120 91 56 31 414 164 366 23 0 18 115 352 130 347 272 190
430 414 140 102 73 74 49 396 146 348 5 18 0 97 334 112 329 254 172
333 317 43 199 170 171 146 299 49 251 102 115 97 0 237 15 232 157 75
96 90 280 436 407 408 383 62 256 174 339 352 334 237 0 222 5 80 162
318 302 58 214 185 186 161 284 34 236 117 130 112 15 222 0 217 142 60
101 85 275 431 402 403 378 67 251 169 334 347 329 232 5 217 0 75 157
176 160 200 356 327 328 303 142 176 94 259 272 254 157 80 142 75 0 82
258 242 118 274 245 246 221 224 94 176 177 190 172 75 162 60 157 82 0
