0 422 366 421 410 416 171 341 424 369 379 318 275 326 339 243 78 180 141
422 0 286 331 334 193 428 381 166 417 290 235 320 101 89 180 338 229 306
366 286 0 142 112 302 398 335 291 370 100 51 255 205 203 112 292 174 238
421 331 142 0 106 351 425 361 338 388 44 98 329 275 224 170 343 252 308
410 334 112 106 0 318 404 346 312 394 50 78 301 242 219 142 336 209 280
416 193 302 351 318 0 415 361 146 392 291 255 320 74 97 181 334 238 329
171 428 398 425 404 415 0 322 425 369 371 319 286 368 350 277 58 203 137
341 381 335 361 346 361 322 0 374 150 327 260 65 296 286 199 253 151 214
424 166 291 338 312 146 425 374 0 415 287 223 299 64 90 181 344 240 313
369 417 370 388 394 392 369 150 415 0 361 308 74 325 328 240 272 161 241
379 290 100 44 50 291 371 327 287 361 0 41 251 207 182 124 285 188 263
318 235 51 98 78 255 319 260 223 308 41 0 213 166 159 63 264 136 210
275 320 255 329 301 320 286 65 299 74 251 213 0 231 221 133 175 65 135
326 101 205 275 242 74 368 296 64 325 207 166 231 0 7 86 268 169 230
339 89 203 224 219 97 350 286 90 328 182 159 221 7 0 68 240 143 226
243 180 112 170 142 181 277 199 181 240 124 63 133 86 68 0 179 61 150
78 338 292 343 336 334 58 253 344 272 285 264 175 268 240 179 0 117 36
180 229 174 252 209 238 203 151 240 161 188 136 65 169 143 61 117 0 83
141 306 238 308 280 329 137 214 313 241 263 210 135 230 226 150 36 83 0
