0 145 193 367 203 357 477 396 237 443 405 307 351 265 202 154 107 75 38
145 0 124 362 198 352 472 391 232 438 400 302 346 260 197 149 38 70 107
193 124 0 410 246 400 520 439 280 486 448 350 394 308 245 197 86 118 155
367 362 410 0 262 194 230 233 200 196 158 60 188 102 165 213 324 292 329
203 198 246 262 0 252 372 291 132 338 300 202 246 160 97 49 160 128 165
357 352 400 194 252 0 304 51 190 270 232 134 6 92 155 203 314 282 319
477 472 520 230 372 304 0 343 310 110 72 170 298 212 275 323 434 402 439
396 391 439 233 291 51 343 0 229 309 271 173 45 131 194 242 353 321 358
237 232 280 200 132 190 310 229 0 276 238 140 184 98 35 83 194 162 199
443 438 486 196 338 270 110 309 276 0 38 136 264 178 241 289 400 368 405
405 400 448 158 300 232 72 271 238 38 0 98 226 140 203 251 362 330 367
307 302 350 60 202 134 170 173 140 136 98 0 128 42 105 153 264 232 269
351 346 394 188 246 6 298 45 184 264 226 128 0 86 149 197 308 276 313
265 260 308 102 160 92 212 131 98 178 140 42 86 0 63 111 222 190 227
202 197 245 165 97 155 275 194 35 241 203 105 149 63 0 48 159 127 164
154 149 197 213 49 203 323 242 83 289 251 153 197 111 48 0 111 79 116
107 38 86 324 160 314 434 353 194 400 362 264 308 222 159 111 0 32 69
75 70 118 292 128 282 402 321 162 368 330 232 276 190 127 79 32 0 37
38 107 155 329 165 319 439 358 199 405 367 269 313 227 164 116 69 37 0
