0 213 244 166 339 331 108 244 106 164 107 277 106 222 198 33 80 168 220
213 0 185 323 169 133 194 63 256 300 236 99 230 55 -1 177 143 88 149
244 185 0 372 327 318 231 216 299 344 291 241 290 199 165 213 191 121 32
166 323 372 0 442 450 206 332 84 121 57 405 78 337 312 131 164 232 309
339 169 327 442 0 147 338 141 395 443 397 64 379 128 155 328 280 204 294
331 133 318 450 147 0 311 138 376 427 369 59 365 92 142 319 264 199 289
108 194 231 206 338 311 0 231 155 204 136 250 137 192 174 85 39 121 186
244 63 216 332 141 138 231 0 287 328 277 45 262 23 44 219 180 109 183
106 256 299 84 395 376 155 287 0 52 30 311 15 267 229 67 102 191 257
164 300 344 121 443 427 204 328 52 0 55 359 49 316 284 122 143 228 311
107 236 291 57 397 369 136 277 30 55 0 304 -5 235 255 61 108 170 254
277 99 241 405 64 59 250 45 311 359 304 0 293 54 71 242 198 136 193
106 230 290 78 379 365 137 262 15 49 -5 293 0 272 230 62 81 163 255
222 55 199 337 128 92 192 23 267 316 235 54 272 0 36 199 172 95 152
198 -1 165 312 155 142 174 44 229 284 255 71 230 36 0 167 134 55 130
33 177 213 131 328 319 85 219 67 122 61 242 62 199 167 0 24 108 193
80 143 191 164 280 264 39 180 102 143 108 198 81 172 134 24 0 81 144
168 88 121 232 204 199 121 109 191 228 170 136 163 95 55 108 81 0 70
220 149 32 309 294 289 186 183 257 311 254 193 255 152 130 193 144 70 0
