0 273 220 251 230 213 26 178 177 326 95 234 173 119 237 17 191 74 151
273 0 127 162 331 334 292 295 260 94 206 126 272 211 31 254 87 206 109
220 127 0 33 258 288 242 253 213 172 168 -21 232 160 91 214 42 132 53
251 162 33 0 302 299 266 291 243 209 194 18 263 190 109 234 52 161 98
230 331 258 302 0 82 215 206 155 343 99 288 40 116 284 191 222 134 214
213 334 288 299 82 0 239 208 155 381 114 278 55 88 301 202 252 148 211
26 292 242 266 215 239 0 212 188 332 110 243 188 124 251 12 206 87 164
178 295 253 291 206 208 212 0 139 355 83 258 175 97 282 182 222 113 183
177 260 213 243 155 155 188 139 0 312 44 225 124 58 243 133 164 74 139
326 94 172 209 343 381 332 355 312 0 250 166 329 262 87 301 134 240 180
95 206 168 194 99 114 110 83 44 250 0 169 61 -21 183 94 141 28 111
234 126 -21 18 288 278 243 258 225 166 169 0 240 167 85 207 42 168 84
173 272 232 263 40 55 188 175 124 329 61 240 0 73 275 165 196 86 167
119 211 160 190 116 88 124 97 58 262 -21 167 73 0 179 79 137 30 84
237 31 91 109 284 301 251 282 243 87 183 85 275 179 0 220 47 160 106
17 254 214 234 191 202 12 182 133 301 94 207 165 79 220 0 174 61 136
191 87 42 52 222 252 206 222 164 134 141 42 196 137 47 174 0 120 39
74 206 132 161 134 148 87 113 74 240 28 168 86 30 160 61 120 0 63
151 109 53 98 214 211 164 183 139 180 111 84 167 84 106 136 39 63 0
