0 212 216 166 194 260 202 251 270 212 196 160 162 89 170 180 174 155 100
212 0 231 197 98 102 50 105 158 39 25 39 165 125 6 46 71 56 122
216 231 0 67 224 288 238 282 282 242 220 200 69 123 209 209 206 177 134
166 197 67 0 161 245 200 240 241 172 160 148 2 75 165 148 162 99 77
194 98 224 161 0 155 89 141 102 89 72 68 162 86 79 86 23 61 100
260 102 288 245 155 0 98 146 240 86 72 79 230 171 58 72 137 119 163
202 50 238 200 89 98 0 89 176 29 18 19 180 115 21 34 93 49 115
251 105 282 240 141 146 89 0 213 76 48 63 212 157 96 79 135 100 141
270 158 282 241 102 240 176 213 0 150 156 139 235 176 160 158 95 129 161
212 39 242 172 89 86 29 76 150 0 8 18 161 119 23 30 77 52 116
196 25 220 160 72 72 18 48 156 8 0 3 159 97 -18 7 56 27 90
160 39 200 148 68 79 19 63 139 18 3 0 147 104 -1 -4 68 34 97
162 165 69 2 162 230 180 212 235 161 159 147 0 76 167 141 150 108 71
89 125 123 75 86 171 115 157 176 119 97 104 76 0 91 93 86 74 6
170 6 209 165 79 58 21 96 160 23 -18 -1 167 91 0 9 64 37 85
180 46 209 148 86 72 34 79 158 30 7 -4 141 93 9 0 73 32 86
174 71 206 162 23 137 93 135 95 77 56 68 150 86 64 73 0 32 73
155 56 177 99 61 119 49 100 129 52 27 34 108 74 37 32 32 0 51
100 122 134 77 100 163 115 141 161 116 90 97 71 6 85 86 73 51 0
