0 280 118 58 195 235 209 262 58 39 187 125 79 4 23 14 73 116 118
280 0 367 224 463 477 240 136 294 281 78 389 330 257 275 238 208 144 155
118 367 0 169 196 222 339 390 180 171 324 120 61 125 147 130 168 222 256
58 224 169 0 256 280 156 221 109 98 161 175 111 55 60 50 -9 77 61
195 463 196 256 0 146 413 478 266 252 397 66 139 196 228 208 256 323 315
235 477 222 280 146 0 458 512 288 287 412 96 170 218 260 235 281 373 346
209 240 339 156 413 458 0 240 255 261 157 340 278 200 226 214 153 98 86
262 136 390 221 478 512 240 0 309 316 82 401 365 287 263 271 225 169 138
58 294 180 109 266 288 255 309 0 70 226 190 118 65 12 50 96 163 158
39 281 171 98 252 287 261 316 70 0 245 190 124 56 19 55 86 144 164
187 78 324 161 397 412 157 82 226 245 0 337 271 196 198 178 157 78 95
125 389 120 175 66 96 340 401 190 190 337 0 64 157 159 138 184 251 263
79 330 61 111 139 170 278 365 118 124 271 64 0 65 94 69 105 177 189
4 257 125 55 196 218 200 287 65 56 196 157 65 0 26 24 34 125 124
23 275 147 60 228 260 226 263 12 19 198 159 94 26 0 30 67 116 145
14 238 130 50 208 235 214 271 50 55 178 138 69 24 30 0 44 97 108
73 208 168 -9 256 281 153 225 96 86 157 184 105 34 67 44 0 78 94
116 144 222 77 323 373 98 169 163 144 78 251 177 125 116 97 78 0 17
118 155 256 61 315 346 86 138 158 164 95 263 189 124 145 108 94 17 0
