0 206 154 262 201 155 88 362 301 289 269 221 53 235 168 129 97 84 132
206 0 116 297 184 187 202 356 288 265 252 240 173 230 134 91 97 114 148
154 116 0 203 134 116 162 290 237 210 194 176 116 165 108 40 56 38 78
262 297 203 0 153 246 272 97 126 93 1 33 227 52 111 194 155 177 202
201 184 134 153 0 181 196 260 178 141 152 118 146 116 40 116 106 109 127
155 187 116 246 181 0 169 314 272 243 233 205 123 212 131 94 75 81 56
88 202 162 272 196 169 0 381 302 273 267 232 54 228 163 128 120 108 123
362 356 290 97 260 314 381 0 195 154 84 124 305 123 194 270 246 243 288
301 288 237 126 178 272 302 195 0 118 93 84 264 75 137 213 188 230 232
289 265 210 93 141 243 273 154 118 0 63 53 230 45 117 185 179 173 215
269 252 194 1 152 233 267 84 93 63 0 30 227 30 104 164 153 150 197
221 240 176 33 118 205 232 124 84 53 30 0 206 0 92 164 117 140 155
53 173 116 227 146 123 54 305 264 230 227 206 0 178 116 78 59 36 69
235 230 165 52 116 212 228 123 75 45 30 0 178 0 83 143 143 131 153
168 134 108 111 40 131 163 194 137 117 104 92 116 83 0 76 36 55 94
129 91 40 194 116 94 128 270 213 185 164 164 78 143 76 0 13 7 62
97 97 56 155 106 75 120 246 188 179 153 117 59 143 36 13 0 27 48
84 114 38 177 109 81 108 243 230 173 150 140 36 131 55 7 27 0 27
132 148 78 202 127 56 123 288 232 215 197 155 69 153 94 62 48 27 0
