0 418 498 327 528 563 262 194 405 355 93 485 497 398 348 326 290 174 242
418 0 134 218 157 183 332 400 203 138 338 141 132 32 146 116 172 243 299
498 134 0 290 61 90 391 482 277 218 397 20 1 92 205 188 237 306 364
327 218 290 0 328 358 241 320 240 156 239 310 287 201 133 122 51 156 196
528 157 61 328 0 96 435 524 314 242 450 24 57 118 256 184 268 354 383
563 183 90 358 96 0 451 538 341 271 465 63 76 169 287 220 287 376 427
262 332 391 241 435 451 0 248 329 252 179 401 395 301 246 227 165 83 47
194 400 482 320 524 538 248 0 413 320 88 490 466 382 319 304 247 173 217
405 203 277 240 314 341 329 413 0 74 343 286 288 183 75 115 154 232 316
355 138 218 156 242 271 252 320 74 0 248 220 207 124 15 30 67 165 210
93 338 397 239 450 465 179 88 343 248 0 401 393 279 243 223 139 78 129
485 141 20 310 24 63 401 490 286 220 401 0 5 99 197 177 222 312 363
497 132 1 287 57 76 395 466 288 207 393 5 0 98 210 158 212 297 345
398 32 92 201 118 169 301 382 183 124 279 99 98 0 118 86 129 212 266
348 146 205 133 256 287 246 319 75 15 243 197 210 118 0 58 67 173 221
326 116 188 122 184 220 227 304 115 30 223 177 158 86 58 0 55 132 175
290 172 237 51 268 287 165 247 154 67 139 222 212 129 67 55 0 100 142
174 243 306 156 354 376 83 173 232 165 78 312 297 212 173 132 100 0 48
242 299 364 196 383 427 47 217 316 210 129 363 345 266 221 175 142 48 0
