0 229 292 126 336 372 145 288 259 211 147 298 107 201 218 13 94 198 262
229 0 101 312 135 195 202 137 434 415 364 131 297 24 30 237 153 53 127
292 101 0 398 183 239 269 225 546 523 437 174 377 81 103 293 211 146 202
126 312 398 0 417 472 235 382 165 129 77 410 25 313 300 107 176 256 352
336 135 183 417 0 93 312 240 540 511 437 11 383 100 109 313 247 132 212
372 195 239 472 93 0 334 289 594 564 506 76 443 167 153 368 300 209 279
145 202 269 235 312 334 0 248 351 346 265 291 191 172 168 118 48 167 237
288 137 225 382 240 289 248 0 486 470 389 241 338 127 110 284 186 104 9
259 434 546 165 540 594 351 486 0 174 102 518 151 424 414 245 306 389 483
211 415 523 129 511 564 346 470 174 0 64 520 135 408 397 208 276 376 464
147 364 437 77 437 506 265 389 102 64 0 450 52 346 354 150 188 309 382
298 131 174 410 11 76 291 241 518 520 450 0 393 79 99 304 224 137 210
107 297 377 25 383 443 191 338 151 135 52 393 0 288 291 79 171 270 332
201 24 81 313 100 167 172 127 424 408 346 79 288 0 -12 200 140 35 116
218 30 103 300 109 153 168 110 414 397 354 99 291 -12 0 222 133 23 117
13 237 293 107 313 368 118 284 245 208 150 304 79 200 222 0 70 159 259
94 153 211 176 247 300 48 186 306 276 188 224 171 140 133 70 0 89 177
198 53 146 256 132 209 167 104 389 376 309 137 270 35 23 159 89 0 75
262 127 202 352 212 279 237 9 483 464 382 210 332 116 117 259 177 75 0
