0 239 294 327 194 153 189 235 363 297 174 256 160 79 272 160 123 187 261
239 0 377 421 108 251 51 326 437 369 13 354 70 168 362 231 193 296 353
294 377 0 217 344 199 363 259 94 207 336 167 310 231 24 195 165 95 169
327 421 217 0 395 227 397 296 280 95 352 61 349 231 209 204 210 105 65
194 108 344 395 0 218 107 306 437 379 73 318 67 119 327 221 203 242 325
153 251 199 227 218 0 233 80 249 207 190 176 177 87 166 14 17 96 162
189 51 363 397 107 233 0 294 436 381 24 321 56 132 346 218 205 248 329
235 326 259 296 306 80 294 0 326 286 280 260 250 169 263 93 126 186 250
363 437 94 280 437 249 436 326 0 268 403 252 364 289 94 269 220 153 239
297 369 207 95 379 207 381 286 268 0 361 44 314 212 170 190 169 108 21
174 13 336 352 73 190 24 280 403 361 0 313 30 141 312 201 160 255 294
256 354 167 61 318 176 321 260 252 44 313 0 284 198 178 168 151 76 -5
160 70 310 349 67 177 56 250 364 314 30 284 0 90 304 180 155 201 277
79 168 231 231 119 87 132 169 289 212 141 198 90 0 194 77 49 136 208
272 362 24 209 327 166 346 263 94 170 312 178 304 194 0 164 158 79 162
160 231 195 204 221 14 218 93 269 190 201 168 180 77 164 0 11 77 153
123 193 165 210 203 17 205 126 220 169 160 151 155 49 158 11 0 54 132
187 296 95 105 242 96 248 186 153 108 255 76 201 136 79 77 54 0 58
261 353 169 65 325 162 329 250 239 21 294 -5 277 208 162 153 132 58 0
