0 298 430 341 439 311 241 493 374 176 292 232 424 153 332 81 326 174 246
298 0 566 175 575 145 233 629 510 312 126 66 560 145 468 217 462 310 382
430 566 0 609 205 579 509 259 152 258 560 500 190 421 98 349 104 256 184
341 175 609 0 618 68 276 672 553 355 49 109 603 188 511 260 505 353 425
439 575 205 618 0 588 518 84 161 267 569 509 15 430 107 358 113 265 193
311 145 579 68 588 0 246 642 523 325 19 79 573 158 481 230 475 323 395
241 233 509 276 518 246 0 572 453 255 227 167 503 88 411 160 405 253 325
493 629 259 672 84 642 572 0 215 321 623 563 69 484 161 412 167 319 247
374 510 152 553 161 523 453 215 0 202 504 444 146 365 54 293 48 200 128
176 312 258 355 267 325 255 321 202 0 306 246 252 167 160 95 154 2 74
292 126 560 49 569 19 227 623 504 306 0 60 554 139 462 211 456 304 376
232 66 500 109 509 79 167 563 444 246 60 0 494 79 402 151 396 244 316
424 560 190 603 15 573 503 69 146 252 554 494 0 415 92 343 98 250 178
153 145 421 188 430 158 88 484 365 167 139 79 415 0 323 72 317 165 237
332 468 98 511 107 481 411 161 54 160 462 402 92 323 0 251 6 158 86
81 217 349 260 358 230 160 412 293 95 211 151 343 72 251 0 245 93 165
326 462 104 505 113 475 405 167 48 154 456 396 98 317 6 245 0 152 80
174 310 256 353 265 323 253 319 200 2 304 244 250 165 158 93 152 0 72
246 382 184 425 193 395 325 247 128 74 376 316 178 237 86 165 80 72 0
