0 326 416 289 156 264 437 275 286 409 206 112 94 274 222 189 379 330 242
326 0 364 67 294 402 385 413 168 357 344 250 232 52 104 137 327 278 190
416 364 0 327 384 492 95 503 324 165 434 340 322 312 260 227 37 86 174
289 67 327 0 257 365 348 376 131 320 307 213 195 15 67 100 290 241 153
156 294 384 257 0 196 405 207 254 377 138 44 62 242 190 157 347 298 210
264 402 492 365 196 0 513 127 362 485 58 152 170 350 298 265 455 406 318
437 385 95 348 405 513 0 524 345 186 455 361 343 333 281 248 58 107 195
275 413 503 376 207 127 524 0 373 496 69 163 181 361 309 276 466 417 329
286 168 324 131 254 362 345 373 0 317 304 210 192 116 64 97 287 238 150
409 357 165 320 377 485 186 496 317 0 427 333 315 305 253 220 128 79 167
206 344 434 307 138 58 455 69 304 427 0 94 112 292 240 207 397 348 260
112 250 340 213 44 152 361 163 210 333 94 0 18 198 146 113 303 254 166
94 232 322 195 62 170 343 181 192 315 112 18 0 180 128 95 285 236 148
274 52 312 15 242 350 333 361 116 305 292 198 180 0 52 85 275 226 138
222 104 260 67 190 298 281 309 64 253 240 146 128 52 0 33 223 174 86
189 137 227 100 157 265 248 276 97 220 207 113 95 85 33 0 190 141 53
379 327 37 290 347 455 58 466 287 128 397 303 285 275 223 190 0 49 137
330 278 86 241 298 406 107 417 238 79 348 254 236 226 174 141 49 0 88
242 190 174 153 210 318 195 329 150 167 260 166 148 138 86 53 137 88 0
