0 31 244 249 365 224 127 283 355 200 209 156 22 272 199 130 59 88 150
31 0 231 236 352 211 114 270 342 187 196 143 9 259 186 117 46 75 137
244 231 0 375 491 156 253 215 481 184 141 88 222 398 325 114 185 214 276
249 236 375 0 216 355 200 414 206 331 340 287 227 123 50 261 190 161 99
365 352 491 216 0 471 316 530 176 447 456 403 343 93 166 377 306 277 215
224 211 156 355 471 0 233 89 461 164 15 68 202 378 305 94 165 194 256
127 114 253 200 316 233 0 292 306 209 218 165 105 223 150 139 68 39 101
283 270 215 414 530 89 292 0 520 223 74 127 261 437 364 153 224 253 315
355 342 481 206 176 461 306 520 0 437 446 393 333 83 156 367 296 267 205
200 187 184 331 447 164 209 223 437 0 149 96 178 354 281 70 141 170 232
209 196 141 340 456 15 218 74 446 149 0 53 187 363 290 79 150 179 241
156 143 88 287 403 68 165 127 393 96 53 0 134 310 237 26 97 126 188
22 9 222 227 343 202 105 261 333 178 187 134 0 250 177 108 37 66 128
272 259 398 123 93 378 223 437 83 354 363 310 250 0 73 284 213 184 122
199 186 325 50 166 305 150 364 156 281 290 237 177 73 0 211 140 111 49
130 117 114 261 377 94 139 153 367 70 79 26 108 284 211 0 71 100 162
59 46 185 190 306 165 68 224 296 141 150 97 37 213 140 71 0 29 91
88 75 214 161 277 194 39 253 267 170 179 126 66 184 111 100 29 0 62
150 137 276 99 215 256 101 315 205 232 241 188 128 122 49 162 91 62 0
