0 308 220 132 206 185 156 285 148 90 139 65 264 129 167 65 57 70 94
308 0 193 337 415 375 347 72 351 267 313 247 45 351 130 256 247 235 203
220 193 0 294 344 298 275 190 285 210 265 190 149 276 54 190 192 171 148
132 337 294 0 223 219 161 332 165 136 130 90 303 192 229 110 105 126 159
206 415 344 223 0 105 252 411 267 214 258 184 374 48 289 147 151 173 194
185 375 298 219 105 0 218 365 217 158 205 144 323 31 227 125 134 135 161
156 347 275 161 252 218 0 322 24 126 32 82 314 193 203 104 97 102 145
285 72 190 332 411 365 322 0 307 249 288 244 18 327 113 239 250 209 178
148 351 285 165 267 217 24 307 0 136 -4 75 305 192 219 110 107 134 144
90 267 210 136 214 158 126 249 136 0 104 53 214 135 133 43 43 26 53
139 313 265 130 258 205 32 288 -4 104 0 66 284 189 212 58 67 93 130
65 247 190 90 184 144 82 244 75 53 66 0 217 103 146 22 31 30 36
264 45 149 303 374 323 314 18 305 214 284 217 0 300 90 210 212 185 179
129 351 276 192 48 31 193 327 192 135 189 103 300 0 194 96 89 104 134
167 130 54 229 289 227 203 113 219 133 212 146 90 194 0 120 110 97 94
65 256 190 110 147 125 104 239 110 43 58 22 210 96 120 0 -26 31 43
57 247 192 105 151 134 97 250 107 43 67 31 212 89 110 -26 0 17 43
70 235 171 126 173 135 102 209 134 26 93 30 185 104 97 31 17 0 31
94 203 148 159 194 161 145 178 144 53 130 36 179 134 94 43 43 31 0
