0 241 307 264 342 186 117 452 428 265 170 390 206 295 158 218 101 171 221
241 0 222 197 124 121 202 228 214 226 119 171 140 88 98 8 143 76 33
307 222 0 135 327 161 247 432 438 240 171 378 55 282 118 222 208 124 175
264 197 135 0 300 142 214 393 385 215 133 347 48 250 77 179 180 108 150
342 124 327 300 0 259 303 170 177 295 227 131 246 40 191 119 267 173 150
186 121 161 142 259 0 133 326 326 88 -4 273 98 188 21 123 101 46 74
117 202 247 214 303 133 0 400 407 243 146 348 181 236 117 186 40 109 142
452 228 432 393 170 326 400 0 101 404 333 39 354 126 319 205 360 290 246
428 214 438 385 177 326 407 101 0 414 319 36 335 135 295 192 363 292 243
265 226 240 215 295 88 243 404 414 0 102 360 170 263 125 201 169 111 160
170 119 171 133 227 -4 146 333 319 102 0 277 65 195 13 116 97 34 79
390 171 378 347 131 273 348 39 36 360 277 0 298 98 245 167 314 243 186
206 140 55 48 246 98 181 354 335 170 65 298 0 206 66 123 123 54 81
295 88 282 250 40 188 236 126 135 263 195 98 206 0 177 62 209 148 110
158 98 118 77 191 21 117 319 295 125 13 245 66 177 0 59 92 6 63
218 8 222 179 119 123 186 205 192 201 116 167 123 62 59 0 144 71 44
101 143 208 180 267 101 40 360 363 169 97 314 123 209 92 144 0 78 103
171 76 124 108 173 46 109 290 292 111 34 243 54 148 6 71 78 0 45
221 33 175 150 150 74 142 246 243 160 79 186 81 110 63 44 103 45 0
