0 190 476 618 622 649 638 160 424 291 616 553 525 471 92 396 158 231 297
190 0 350 492 496 523 512 166 298 165 490 427 399 345 98 270 32 105 171
476 350 0 152 156 183 172 452 108 305 150 87 59 5 384 80 318 245 179
618 492 152 0 8 217 206 594 250 447 2 121 93 147 526 222 460 387 321
622 496 156 8 0 221 210 598 254 451 6 125 97 151 530 226 464 391 325
649 523 183 217 221 0 181 625 281 478 215 96 124 178 557 253 491 418 352
638 512 172 206 210 181 0 614 270 467 204 85 113 167 546 242 480 407 341
160 166 452 594 598 625 614 0 400 267 592 529 501 447 68 372 134 207 273
424 298 108 250 254 281 270 400 0 253 248 185 157 103 332 28 266 193 127
291 165 305 447 451 478 467 267 253 0 445 382 354 300 199 225 133 60 126
616 490 150 2 6 215 204 592 248 445 0 119 91 145 524 220 458 385 319
553 427 87 121 125 96 85 529 185 382 119 0 28 82 461 157 395 322 256
525 399 59 93 97 124 113 501 157 354 91 28 0 54 433 129 367 294 228
471 345 5 147 151 178 167 447 103 300 145 82 54 0 379 75 313 240 174
92 98 384 526 530 557 546 68 332 199 524 461 433 379 0 304 66 139 205
396 270 80 222 226 253 242 372 28 225 220 157 129 75 304 0 238 165 99
158 32 318 460 464 491 480 134 266 133 458 395 367 313 66 238 0 73 139
231 105 245 387 391 418 407 207 193 60 385 322 294 240 139 165 73 0 66
297 171 179 321 325 352 341 273 127 126 319 256 228 174 205 99 139 66 0
