0 64 238 233 150 321 21 252 283 306 208 230 129 136 134 82 18 42 57
64 0 223 224 84 273 88 274 226 239 206 161 123 62 124 -9 76 58 28
238 223 0 157 319 267 235 225 440 448 157 391 88 268 108 225 220 200 194
233 224 157 0 310 250 242 207 430 451 192 388 80 293 105 208 235 187 194
150 84 319 310 0 359 149 322 164 183 306 107 204 25 201 76 153 119 120
321 273 267 250 359 0 288 112 488 522 66 443 155 356 168 301 281 238 274
21 88 235 242 149 288 0 261 286 318 229 239 150 143 157 93 7 26 59
252 274 225 207 322 112 261 0 446 468 31 402 136 306 127 237 233 221 231
283 226 440 430 164 488 286 446 0 106 429 34 345 142 347 210 286 233 227
306 239 448 451 183 522 318 468 106 0 456 68 366 168 351 214 310 273 247
208 206 157 192 306 66 229 31 429 456 0 370 101 278 69 219 210 195 193
230 161 391 388 107 443 239 402 34 68 370 0 297 91 281 157 234 191 180
129 123 88 80 204 155 150 136 345 366 101 297 0 194 18 153 142 109 95
136 62 268 293 25 356 143 306 142 168 278 91 194 0 194 63 129 97 89
134 124 108 105 201 168 157 127 347 351 69 281 18 194 0 114 118 86 110
82 -9 225 208 76 301 93 237 210 214 219 157 153 63 114 0 78 53 1
18 76 220 235 153 281 7 233 286 310 210 234 142 129 118 78 0 32 31
42 58 200 187 119 238 26 221 233 273 195 191 109 97 86 53 32 0 3
57 28 194 194 120 274 59 231 227 247 193 180 95 89 110 1 31 3 0
