0 405 264 313 108 255 252 325 207 191 311 116 180 90 2 63 246 229 161
405 0 211 260 509 656 653 108 486 470 94 395 581 491 403 342 193 176 244
264 211 0 85 368 515 512 131 345 329 117 254 440 350 262 201 18 35 103
313 260 85 0 417 564 561 180 394 378 166 303 489 399 311 250 67 84 152
108 509 368 417 0 183 180 429 311 295 415 220 108 18 106 167 350 333 265
255 656 515 564 183 0 147 576 458 442 562 367 75 165 253 314 497 480 412
252 653 512 561 180 147 0 573 455 439 559 364 72 162 250 311 494 477 409
325 108 131 180 429 576 573 0 406 390 14 315 501 411 323 262 113 96 164
207 486 345 394 311 458 455 406 0 166 392 91 383 293 205 144 327 310 242
191 470 329 378 295 442 439 390 166 0 376 75 367 277 189 128 311 294 226
311 94 117 166 415 562 559 14 392 376 0 301 487 397 309 248 99 82 150
116 395 254 303 220 367 364 315 91 75 301 0 292 202 114 53 236 219 151
180 581 440 489 108 75 72 501 383 367 487 292 0 90 178 239 422 405 337
90 491 350 399 18 165 162 411 293 277 397 202 90 0 88 149 332 315 247
2 403 262 311 106 253 250 323 205 189 309 114 178 88 0 61 244 227 159
63 342 201 250 167 314 311 262 144 128 248 53 239 149 61 0 183 166 98
246 193 18 67 350 497 494 113 327 311 99 236 422 332 244 183 0 17 85
229 176 35 84 333 480 477 96 310 294 82 219 405 315 227 166 17 0 68
161 244 103 152 265 412 409 164 242 226 150 151 337 247 159 98 85 68 0
