0 230 175 161 263 307 26 248 320 337 211 254 138 234 125 181 3 45 82
230 0 315 301 131 447 250 388 188 205 351 122 278 102 265 49 227 185 148
175 315 0 60 348 232 195 173 405 422 136 339 37 319 50 266 172 130 167
161 301 60 0 334 218 181 159 391 408 122 325 23 305 36 252 158 116 153
263 131 348 334 0 480 283 421 115 132 384 49 311 29 298 82 260 218 181
307 447 232 218 480 0 327 133 537 554 96 471 195 451 182 398 304 262 299
26 250 195 181 283 327 0 268 340 357 231 274 158 254 145 201 23 65 102
248 388 173 159 421 133 268 0 478 495 37 412 136 392 123 339 245 203 240
320 188 405 391 115 537 340 478 0 149 441 66 368 86 355 139 317 275 238
337 205 422 408 132 554 357 495 149 0 458 83 385 103 372 156 334 292 255
211 351 136 122 384 96 231 37 441 458 0 375 99 355 86 302 208 166 203
254 122 339 325 49 471 274 412 66 83 375 0 302 20 289 73 251 209 172
138 278 37 23 311 195 158 136 368 385 99 302 0 282 13 229 135 93 130
234 102 319 305 29 451 254 392 86 103 355 20 282 0 269 53 231 189 152
125 265 50 36 298 182 145 123 355 372 86 289 13 269 0 216 122 80 117
181 49 266 252 82 398 201 339 139 156 302 73 229 53 216 0 178 136 99
3 227 172 158 260 304 23 245 317 334 208 251 135 231 122 178 0 42 79
45 185 130 116 218 262 65 203 275 292 166 209 93 189 80 136 42 0 37
82 148 167 153 181 299 102 240 238 255 203 172 130 152 117 99 79 37 0
