     20
object000 0 380 526 222 424 459 498 197 195 266 316 523 381 185 237 261 206 215 235 458
object001 380 0 401 525 128 162 372 453 460 563 597 396 672 470 389 430 483 513 523 358
object002 526 401 0 640 435 491 341 590 600 702 746 337 827 610 546 561 647 631 657 130
object003 222 525 640 0 571 590 624 332 330 239 293 645 347 336 370 425 348 368 217 625
object004 424 128 435 571 0 105 404 481 479 592 649 431 709 516 456 483 524 563 569 397
object005 459 162 491 590 105 0 453 546 534 643 671 485 754 535 466 499 581 577 599 413
object006 498 372 341 624 404 453 0 559 560 651 722 208 773 585 494 557 598 601 639 284
object007 197 453 590 332 481 546 559 0 214 359 422 599 485 241 321 347 105 236 330 559
object008 195 460 600 330 479 534 560 214 0 345 399 581 470 232 296 350 254 113 339 522
object009 266 563 702 239 592 643 651 359 345 0 185 691 249 365 415 453 389 411 71 638
object010 316 597 746 293 649 671 722 422 399 185 0 739 115 422 445 506 431 444 160 697
object011 523 396 337 645 431 485 208 599 581 691 739 0 793 585 521 567 611 636 662 294
object012 381 672 827 347 709 754 773 485 470 249 115 793 0 482 513 570 491 516 206 747
object013 185 470 610 336 516 535 585 241 232 365 422 585 482 0 308 375 256 282 332 555
object014 237 389 546 370 456 466 494 321 296 415 445 521 513 308 0 145 331 353 361 480
object015 261 430 561 425 483 499 557 347 350 453 506 567 570 375 145 0 366 366 420 532
object016 206 483 647 348 524 581 598 105 254 389 431 611 491 256 331 366 0 276 361 561
object017 215 513 631 368 563 577 601 236 113 411 444 636 516 282 353 366 276 0 377 570
object018 235 523 657 217 569 599 639 330 339 71 160 662 206 332 361 420 361 377 0 619
object019 458 358 130 625 397 413 284 559 522 638 697 294 747 555 480 532 561 570 619 0
