0 341 386 288 266 227 189 312 394 339 343 188 373 264 352 170 392 305 269 370
341 0 209 459 461 422 384 331 413 358 362 353 392 435 371 335 215 476 464 149
386 209 0 504 506 467 429 376 458 403 407 398 437 480 416 380 144 521 509 238
288 459 504 0 408 369 331 430 512 457 461 306 491 294 470 288 510 335 411 488
266 461 506 408 0 89 225 432 514 459 463 308 493 384 472 290 512 425 305 490
227 422 467 369 89 0 186 393 475 420 424 269 454 345 433 251 473 386 266 451
189 384 429 331 225 186 0 355 437 382 386 231 416 307 395 213 435 348 96 413
312 331 376 430 432 393 355 0 168 175 179 324 209 406 188 306 382 447 435 360
394 413 458 512 514 475 437 168 0 257 261 406 291 488 270 388 464 529 517 442
339 358 403 457 459 420 382 175 257 0 132 351 206 433 185 333 409 474 462 387
343 362 407 461 463 424 386 179 261 132 0 355 210 437 189 337 413 478 466 391
188 353 398 306 308 269 231 324 406 351 355 0 385 282 364 174 404 323 311 382
373 392 437 491 493 454 416 209 291 206 210 385 0 467 47 367 443 508 496 421
264 435 480 294 384 345 307 406 488 433 437 282 467 0 446 264 486 157 387 464
352 371 416 470 472 433 395 188 270 185 189 364 47 446 0 346 422 487 475 400
170 335 380 288 290 251 213 306 388 333 337 174 367 264 346 0 386 305 293 364
392 215 144 510 512 473 435 382 464 409 413 404 443 486 422 386 0 527 515 244
305 476 521 335 425 386 348 447 529 474 478 323 508 157 487 305 527 0 428 505
269 464 509 411 305 266 96 435 517 462 466 311 496 387 475 293 515 428 0 493
370 149 238 488 490 451 413 360 442 387 391 382 421 464 400 364 244 505 493 0
