0 200 462 183 446 444 421 560 504 426 484 546 520 310 284 328 500 468 262 518
200 0 405 110 386 403 351 478 468 375 429 474 475 243 213 256 452 437 201 481
462 405 0 372 191 183 251 401 338 35 326 386 262 495 493 523 335 282 482 250
183 110 372 0 369 377 340 476 453 341 413 454 466 196 175 228 416 403 149 434
446 386 191 369 0 163 221 351 326 169 317 346 249 495 470 502 305 282 440 222
444 403 183 377 163 0 242 379 321 151 283 336 146 499 487 531 333 295 444 237
421 351 251 340 221 242 0 157 247 215 214 250 324 459 463 489 108 166 424 313
560 478 401 476 351 379 157 0 382 362 336 395 444 611 581 617 253 307 580 467
504 468 338 453 326 321 247 382 0 326 198 226 427 570 537 583 314 282 525 414
426 375 35 341 169 151 215 362 326 0 303 336 228 466 477 500 315 265 446 227
484 429 326 413 317 283 214 336 198 303 0 106 374 520 517 550 274 260 492 386
546 474 386 454 346 336 250 395 226 336 106 0 439 585 581 616 348 305 544 436
520 475 262 466 249 146 324 444 427 228 374 439 0 555 552 614 400 375 536 320
310 243 495 196 495 499 459 611 570 466 520 585 555 0 141 203 557 511 137 582
284 213 493 175 470 487 463 581 537 477 517 581 552 141 0 184 531 503 111 569
328 256 523 228 502 531 489 617 583 500 550 616 614 203 184 0 551 517 114 609
500 452 335 416 305 333 108 253 314 315 274 348 400 557 531 551 0 241 507 398
468 437 282 403 282 295 166 307 282 265 260 305 375 511 503 517 241 0 479 385
262 201 482 149 440 444 424 580 525 446 492 544 536 137 111 114 507 479 0 539
518 481 250 434 222 237 313 467 414 227 386 436 320 582 569 609 398 385 539 0
