0 396 141 394 258 291 427 365 457 447 305 436 233 278 337 333 296 238 314 324
396 0 467 166 402 435 265 203 295 285 631 208 559 422 337 333 622 382 640 94
141 467 0 465 329 362 498 436 528 518 314 507 242 349 408 404 305 309 323 395
394 166 465 0 400 433 263 201 293 283 629 138 557 420 335 331 620 380 638 94
258 402 329 400 0 149 433 371 463 453 493 442 421 240 343 339 484 56 502 330
291 435 362 433 149 0 466 404 496 486 526 475 454 273 376 372 517 129 535 363
427 265 498 263 433 466 0 94 228 218 662 305 590 453 368 364 653 413 671 193
365 203 436 201 371 404 94 0 166 156 600 243 528 391 306 302 591 351 609 131
457 295 528 293 463 496 228 166 0 132 692 335 620 483 398 394 683 443 701 223
447 285 518 283 453 486 218 156 132 0 682 325 610 473 388 384 673 433 691 213
305 631 314 629 493 526 662 600 692 682 0 671 238 513 572 568 301 473 183 559
436 208 507 138 442 475 305 243 335 325 671 0 599 462 377 373 662 422 680 136
233 559 242 557 421 454 590 528 620 610 238 599 0 441 500 496 85 401 247 487
278 422 349 420 240 273 453 391 483 473 513 462 441 0 363 359 504 220 522 350
337 337 408 335 343 376 368 306 398 388 572 377 500 363 0 142 563 323 581 265
333 333 404 331 339 372 364 302 394 384 568 373 496 359 142 0 559 319 577 261
296 622 305 620 484 517 653 591 683 673 301 662 85 504 563 559 0 464 310 550
238 382 309 380 56 129 413 351 443 433 473 422 401 220 323 319 464 0 482 310
314 640 323 638 502 535 671 609 701 691 183 680 247 522 581 577 310 482 0 568
324 94 395 94 330 363 193 131 223 213 559 136 487 350 265 261 550 310 568 0
