     20
object000 0 252 341 347 274 338 395 393 397 275 417 500 425 362 263 330 232 465 396 432
object001 252 0 287 291 378 190 221 245 264 409 279 361 299 492 230 446 363 321 516 307
object002 341 287 0 180 460 322 394 429 397 465 439 523 450 551 137 528 409 496 577 440
object003 347 291 180 0 453 349 401 425 413 470 424 537 447 563 141 510 414 493 586 463
object004 274 378 460 453 0 420 529 503 514 252 526 626 532 314 390 289 187 592 194 563
object005 338 190 322 349 420 0 244 253 230 447 299 377 273 539 262 505 407 338 560 296
object006 395 221 394 401 529 244 0 160 217 546 258 329 248 616 342 586 466 298 635 180
object007 393 245 429 425 503 253 160 0 250 539 276 370 265 632 355 582 495 313 648 151
object008 397 264 397 413 514 230 217 250 0 533 118 96 21 637 354 588 478 162 654 276
object009 275 409 465 470 252 447 546 539 533 0 574 641 553 301 404 275 146 610 349 569
object010 417 279 439 424 526 299 258 276 118 574 0 217 145 639 354 622 511 149 656 291
object011 500 361 523 537 626 377 329 370 96 641 217 0 106 712 432 703 589 295 744 398
object012 425 299 450 447 532 273 248 265 21 553 145 106 0 652 352 612 507 182 666 311
object013 362 492 551 563 314 539 616 632 637 301 639 712 652 0 488 184 257 703 441 669
object014 263 230 137 141 390 262 342 355 354 404 354 432 352 488 0 455 347 409 517 387
object015 330 446 528 510 289 505 586 582 588 275 622 703 612 184 455 0 228 650 423 618
object016 232 363 409 414 187 407 466 495 478 146 511 589 507 257 347 228 0 554 301 530
object017 465 321 496 493 592 338 298 313 162 610 149 295 182 703 409 650 554 0 721 339
object018 396 516 577 586 194 560 635 648 654 349 656 744 666 441 517 423 301 721 0 673
object019 432 307 440 463 563 296 180 151 276 569 291 398 311 669 387 618 530 339 673 0
