0 348 389 300 284 222 172 300 378 339 355 195 375 259 354 167 370 310 276 380
348 0 199 450 458 423 397 319 410 363 354 368 397 426 381 332 229 482 471 138
389 199 0 492 493 453 417 371 462 408 377 423 450 477 412 377 161 516 508 241
300 450 492 0 403 373 327 449 511 444 471 298 471 300 478 275 515 342 422 491
284 458 493 403 0 107 222 443 526 453 478 311 495 387 474 284 513 427 303 481
222 423 453 373 107 0 190 400 466 426 422 259 436 341 442 250 478 390 274 441
172 397 417 327 222 190 0 334 438 379 380 237 419 331 390 213 435 360 93 407
300 319 371 449 443 400 334 0 159 170 186 332 205 407 191 306 391 454 424 352
378 410 462 511 526 466 438 159 0 254 249 414 293 494 263 391 476 535 512 445
339 363 408 444 453 426 379 170 254 0 135 356 225 422 183 349 411 485 448 391
355 354 377 471 478 422 380 186 249 135 0 344 206 434 168 314 420 478 456 385
195 368 423 298 311 259 237 332 414 356 344 0 387 275 372 167 390 317 309 387
375 397 450 471 495 436 419 205 293 225 206 387 0 449 38 379 429 501 501 411
259 426 477 300 387 341 331 407 494 422 434 275 449 0 424 277 487 158 397 466
354 381 412 478 474 442 390 191 263 183 168 372 38 424 0 346 417 487 483 408
167 332 377 275 284 250 213 306 391 349 314 167 379 277 346 0 386 297 305 372
370 229 161 515 513 478 435 391 476 411 420 390 429 487 417 386 0 529 522 230
310 482 516 342 427 390 360 454 535 485 478 317 501 158 487 297 529 0 421 502
276 471 508 422 303 274 93 424 512 448 456 309 501 397 483 305 522 421 0 474
380 138 241 491 481 441 407 352 445 391 385 387 411 466 408 372 230 502 474 0
