     20
object000 0 404 133 408 252 289 446 366 451 416 308 457 213 281 330 324 290 243 326 318
object001 404 0 458 167 405 435 273 198 304 289 625 204 573 401 339 313 628 392 639 95
object002 133 458 0 473 315 362 490 427 516 528 289 513 239 348 420 403 301 290 317 369
object003 408 167 473 0 383 430 266 198 294 295 642 141 543 437 343 316 625 393 648 95
object004 252 405 315 383 0 184 432 383 481 451 498 447 421 255 341 355 477 61 501 341
object005 289 435 362 430 184 0 459 406 491 490 539 486 441 262 372 381 506 118 541 360
object006 446 273 490 266 432 459 0 83 215 220 656 279 589 464 381 362 656 422 661 202
object007 366 198 427 198 383 406 83 0 163 165 587 247 516 390 302 307 595 356 585 117
object008 451 304 516 294 481 491 215 163 0 122 695 324 628 468 403 410 678 444 712 208
object009 416 289 528 295 451 490 220 165 122 0 668 337 618 469 398 384 666 436 686 209
object010 308 625 289 642 498 539 656 587 695 668 0 679 237 526 572 568 289 472 191 550
object011 457 204 513 141 447 486 279 247 324 337 679 0 589 449 394 363 660 426 696 143
object012 213 573 239 543 421 441 589 516 628 618 237 589 0 449 497 490 102 397 259 489
object013 281 401 348 437 255 262 464 390 468 469 526 449 449 0 359 353 509 225 532 351
object014 330 339 420 343 341 372 381 302 403 398 572 394 497 359 0 143 558 329 581 278
object015 324 313 403 316 355 381 362 307 410 384 568 363 490 353 143 0 547 313 600 252
object016 290 628 301 625 477 506 656 595 678 666 289 660 102 509 558 547 0 479 306 550
object017 243 392 290 393 61 118 422 356 444 436 472 426 397 225 329 313 479 0 494 304
object018 326 639 317 648 501 541 661 585 712 686 191 696 259 532 581 600 306 494 0 565
object019 318 95 369 95 341 360 202 117 208 209 550 143 489 351 278 252 550 304 565 0
