     20
object000 0 254 564 457 491 424 333 434 562 488 617 661 685 424 338 555 488 345 448 762
object001 254 0 625 527 534 487 234 463 633 579 702 723 739 500 413 612 570 248 544 813
object002 564 625 0 271 460 406 728 560 841 665 912 936 964 414 634 153 660 747 451 357
object003 457 527 271 0 331 289 608 456 721 548 801 829 857 299 519 241 547 635 332 445
object004 491 534 460 331 0 242 613 466 764 542 827 867 871 259 512 443 548 633 126 625
object005 424 487 406 289 242 0 558 389 697 504 748 799 803 0 457 382 498 583 224 588
object006 333 234 728 608 613 558 0 561 717 642 786 802 818 566 473 705 661 151 620 926
object007 434 463 560 456 466 389 561 0 673 203 742 786 803 387 446 537 184 576 440 736
object008 562 633 841 721 764 697 717 673 0 783 403 429 441 689 253 854 786 733 742 1030
object009 488 579 665 548 542 504 642 203 783 0 849 891 923 492 576 630 120 664 542 827
object010 617 702 912 801 827 748 786 742 403 849 0 143 155 728 323 891 856 790 797 1103
object011 661 723 936 829 867 799 802 786 429 891 143 0 32 807 363 929 882 838 842 1125
object012 685 739 964 857 871 803 818 803 441 923 155 32 0 805 372 952 892 844 861 1150
object013 424 500 414 299 259 0 566 387 689 492 728 807 805 0 455 385 490 583 232 600
object014 338 413 634 519 512 457 473 446 253 576 323 363 372 455 0 602 565 507 511 802
object015 555 612 153 241 443 382 705 537 854 630 891 929 952 385 602 0 648 729 443 213
object016 488 570 660 547 548 498 661 184 786 120 856 882 892 490 565 648 0 670 524 833
object017 345 248 747 635 633 583 151 576 733 664 790 838 844 583 507 729 670 0 617 942
object018 448 544 451 332 126 224 620 440 742 542 797 842 861 232 511 443 524 617 0 629
object019 762 813 357 445 625 588 926 736 1030 827 1103 1125 1150 600 802 213 833 942 629 0
