0 452 540 519 322 299 266 547 501 477 487 522 485 332 416 444 593 375 341 460
452 0 210 619 574 523 514 275 214 209 222 240 246 424 354 379 261 497 588 37
540 210 0 700 622 605 583 386 300 280 295 311 286 513 412 428 89 569 654 217
519 619 700 0 596 574 560 742 651 636 644 677 678 326 592 585 729 376 602 600
322 574 622 596 0 97 223 682 586 568 591 606 600 417 529 542 674 490 267 531
299 523 605 574 97 0 178 617 559 548 562 587 563 385 461 514 644 436 239 515
266 514 583 560 223 178 0 609 554 529 531 540 542 358 470 498 647 436 138 496
547 275 386 742 682 617 609 0 226 291 308 309 317 538 450 482 401 590 667 280
501 214 300 651 586 559 554 226 0 227 232 254 251 472 376 399 332 546 624 202
477 209 280 636 568 548 529 291 227 0 41 184 189 438 361 390 318 497 597 202
487 222 295 644 591 562 531 308 232 41 0 219 209 474 353 408 341 526 604 194
522 240 311 677 606 587 540 309 254 184 219 0 132 477 378 433 374 533 609 214
485 246 286 678 600 563 542 317 251 189 209 132 0 485 399 405 332 559 616 218
332 424 513 326 417 385 358 538 472 438 474 477 485 0 394 411 571 75 439 416
416 354 412 592 529 461 470 450 376 361 353 378 399 394 0 151 460 435 513 329
444 379 428 585 542 514 498 482 399 390 408 433 405 411 151 0 494 471 558 336
593 261 89 729 674 644 647 401 332 318 341 374 332 571 460 494 0 606 688 236
375 497 569 376 490 436 436 590 546 497 526 533 559 75 435 471 606 0 487 473
341 588 654 602 267 239 138 667 624 597 604 609 616 439 513 558 688 487 0 554
460 37 217 600 531 515 496 280 202 202 194 214 218 416 329 336 236 473 554 0
