0 211 388 210 439 422 379 528 416 398 374 362 500 333 340 314 492 314 298 508
211 0 418 102 461 432 390 555 432 412 393 359 554 232 242 228 509 328 203 530
388 418 0 410 306 293 349 524 396 200 351 326 384 569 541 520 496 312 508 367
210 102 410 0 423 411 398 538 424 420 371 370 519 208 186 169 511 315 166 489
439 461 306 423 0 148 378 550 424 309 397 387 263 590 582 578 493 336 538 198
422 432 293 411 148 0 356 528 402 285 358 372 194 575 556 543 504 299 521 212
379 390 349 398 378 356 0 282 287 345 250 241 463 533 505 495 114 176 459 468
528 555 524 538 550 528 282 0 461 526 405 415 638 698 659 670 403 349 640 642
416 432 396 424 424 402 287 461 0 402 92 113 512 560 559 512 421 248 515 510
398 412 200 420 309 285 345 526 402 0 361 349 392 556 550 526 478 300 500 386
374 393 351 371 397 358 250 405 92 361 0 48 465 521 505 501 381 196 457 465
362 359 326 370 387 372 241 415 113 349 48 0 459 518 512 515 377 190 468 456
500 554 384 519 263 194 463 638 512 392 465 459 0 672 667 644 593 429 632 329
333 232 569 208 590 575 533 698 560 556 521 518 672 0 201 230 663 484 208 669
340 242 541 186 582 556 505 659 559 550 505 512 667 201 0 217 648 446 195 657
314 228 520 169 578 543 495 670 512 526 501 515 644 230 217 0 637 455 23 641
492 509 496 511 493 504 114 403 421 478 381 377 593 663 648 637 0 301 592 595
314 328 312 315 336 299 176 349 248 300 196 190 429 484 446 455 301 0 414 424
298 203 508 166 538 521 459 640 515 500 457 468 632 208 195 23 592 414 0 616
508 530 367 489 198 212 468 642 510 386 465 456 329 669 657 641 595 424 616 0
