0 208 403 196 434 409 375 540 412 404 373 365 518 350 336 322 502 319 297 506
208 0 417 98 448 423 389 554 426 418 387 379 532 252 238 224 516 333 199 520
403 417 0 405 303 278 356 521 393 191 354 346 387 559 545 531 483 300 506 375
196 98 405 0 436 411 377 542 414 406 375 367 520 202 188 174 504 321 149 508
434 448 303 436 0 145 387 552 424 304 385 377 254 590 576 562 514 331 537 208
409 423 278 411 145 0 362 527 399 279 360 352 203 565 551 537 489 306 512 217
375 389 356 377 387 362 0 273 293 357 254 246 471 531 517 503 129 188 478 459
540 554 521 542 552 527 273 0 458 522 419 411 636 696 682 668 400 353 643 624
412 426 393 414 424 399 293 458 0 394 101 93 508 568 554 540 420 237 515 496
404 418 191 406 304 279 357 522 394 0 355 347 388 560 546 532 484 301 507 376
373 387 354 375 385 360 254 419 101 355 0 46 469 529 515 501 381 198 476 457
365 379 346 367 377 352 246 411 93 347 46 0 461 521 507 493 373 190 468 449
518 532 387 520 254 203 471 636 508 388 469 461 0 674 660 646 598 415 621 326
350 252 559 202 590 565 531 696 568 560 529 521 674 0 184 238 658 475 213 662
336 238 545 188 576 551 517 682 554 546 515 507 660 184 0 224 644 461 199 648
322 224 531 174 562 537 503 668 540 532 501 493 646 238 224 0 630 447 33 634
502 516 483 504 514 489 129 400 420 484 381 373 598 658 644 630 0 315 605 586
319 333 300 321 331 306 188 353 237 301 198 190 415 475 461 447 315 0 422 403
297 199 506 149 537 512 478 643 515 507 476 468 621 213 199 33 605 422 0 609
506 520 375 508 208 217 459 624 496 376 457 449 326 662 648 634 586 403 609 0
