0 346 95 189 333 264 203 251 297 255 298 280 408 387 326 386 239 365 345 300
346 0 317 411 447 486 253 473 313 477 520 394 522 609 548 500 255 587 163 522
95 317 0 144 304 219 174 206 268 210 253 251 379 342 281 357 210 320 316 255
189 411 144 0 398 135 268 130 362 134 169 345 473 258 205 451 304 236 410 179
333 447 304 398 0 473 304 460 398 464 507 215 177 596 535 155 340 574 446 509
264 486 219 135 473 0 343 205 437 209 70 420 548 159 280 526 379 137 485 254
203 253 174 268 304 343 0 330 204 334 377 251 379 466 405 357 146 444 252 379
251 473 206 130 460 205 330 0 424 100 239 407 535 328 97 513 366 306 472 145
297 313 268 362 398 437 204 424 0 428 471 345 473 560 499 451 112 538 312 473
255 477 210 134 464 209 334 100 428 0 243 411 539 332 175 517 370 310 476 85
298 520 253 169 507 70 377 239 471 243 0 454 582 173 314 560 413 151 519 288
280 394 251 345 215 420 251 407 345 411 454 0 290 543 482 268 287 521 393 456
408 522 379 473 177 548 379 535 473 539 582 290 0 671 610 160 415 649 521 584
387 609 342 258 596 159 466 328 560 332 173 543 671 0 403 649 502 62 608 377
326 548 281 205 535 280 405 97 499 175 314 482 610 403 0 588 441 381 547 220
386 500 357 451 155 526 357 513 451 517 560 268 160 649 588 0 393 627 499 562
239 255 210 304 340 379 146 366 112 370 413 287 415 502 441 393 0 480 254 415
365 587 320 236 574 137 444 306 538 310 151 521 649 62 381 627 480 0 586 355
345 163 316 410 446 485 252 472 312 476 519 393 521 608 547 499 254 586 0 521
300 522 255 179 509 254 379 145 473 85 288 456 584 377 220 562 415 355 521 0
