0 89 349 335 345 357 383 397 363 288 408 232 393 351 284 305 252 205 389 306
89 0 318 304 314 326 352 366 332 257 377 201 362 320 253 274 221 174 358 275
349 318 0 288 402 254 134 454 114 345 159 335 450 408 237 202 163 308 446 363
335 304 288 0 388 296 322 440 302 331 347 321 436 394 115 244 191 294 432 349
345 314 402 388 0 410 436 250 416 253 461 331 246 204 337 358 305 304 126 271
357 326 254 296 410 0 288 462 268 353 313 343 458 416 245 132 171 316 454 371
383 352 134 322 436 288 0 488 54 379 155 369 484 442 271 236 197 342 480 397
397 366 454 440 250 462 488 0 468 305 513 383 126 104 389 410 357 356 294 323
363 332 114 302 416 268 54 468 0 359 135 349 464 422 251 216 177 322 460 377
288 257 345 331 253 353 379 305 359 0 404 274 301 259 280 301 248 247 297 40
408 377 159 347 461 313 155 513 135 404 0 394 509 467 296 261 222 367 505 422
232 201 335 321 331 343 369 383 349 274 394 0 379 337 270 291 238 161 375 292
393 362 450 436 246 458 484 126 464 301 509 379 0 100 385 406 353 352 290 319
351 320 408 394 204 416 442 104 422 259 467 337 100 0 343 364 311 310 248 277
284 253 237 115 337 245 271 389 251 280 296 270 385 343 0 193 140 243 381 298
305 274 202 244 358 132 236 410 216 301 261 291 406 364 193 0 119 264 402 319
252 221 163 191 305 171 197 357 177 248 222 238 353 311 140 119 0 211 349 266
205 174 308 294 304 316 342 356 322 247 367 161 352 310 243 264 211 0 348 265
389 358 446 432 126 454 480 294 460 297 505 375 290 248 381 402 349 348 0 315
306 275 363 349 271 371 397 323 377 40 422 292 319 277 298 319 266 265 315 0
