0 363 175 282 285 235 330 241 238 262 292 60 389 316 300 326 332 263 253 280
363 0 308 321 352 236 183 248 372 333 398 297 419 413 378 321 488 464 410 401
175 308 0 302 373 129 220 191 380 49 449 321 410 518 388 399 550 422 354 429
282 321 302 0 113 385 355 300 104 320 400 296 222 220 144 354 232 308 143 344
285 352 373 113 0 315 391 386 166 379 328 179 129 147 105 354 216 411 158 370
235 236 129 385 315 0 217 250 357 209 333 376 457 422 426 285 440 316 403 371
330 183 220 355 391 217 0 303 252 207 312 286 473 364 342 373 527 480 367 398
241 248 191 300 386 250 303 0 252 217 494 262 435 506 379 375 407 442 519 447
238 372 380 104 166 357 252 252 0 280 315 288 240 242 159 294 321 330 216 236
262 333 49 320 379 209 207 217 280 0 425 299 533 510 443 385 511 478 411 379
292 398 449 400 328 333 312 494 315 425 0 268 553 433 393 137 463 185 392 225
60 297 321 296 179 376 286 262 288 299 268 0 382 334 363 322 402 265 320 329
389 419 410 222 129 457 473 435 240 533 553 382 0 118 103 442 345 478 230 534
316 413 518 220 147 422 364 506 242 510 433 334 118 0 329 460 249 471 252 433
300 378 388 144 105 426 342 379 159 443 393 363 103 329 0 411 181 368 190 338
326 321 399 354 354 285 373 375 294 385 137 322 442 460 411 0 443 216 430 -12
332 488 550 232 216 440 527 407 321 511 463 402 345 249 181 443 0 514 164 439
263 464 422 308 411 316 480 442 330 478 185 265 478 471 368 216 514 0 485 177
253 410 354 143 158 403 367 519 216 411 392 320 230 252 190 430 164 485 0 378
280 401 429 344 370 371 398 447 236 379 225 329 534 433 338 -12 439 177 378 0
