     20
object000 0 287 440 448 137 466 178 303 383 383 382 94 239 370 416 187 413 478 323 507
object001 287 0 368 170 187 142 467 365 445 263 291 301 384 395 153 417 434 377 101 381
object002 440 368 0 509 378 512 572 528 601 164 316 482 586 550 461 559 620 148 360 37
object003 448 170 509 0 352 103 508 504 556 387 405 436 586 516 170 538 631 557 273 561
object004 137 187 378 352 0 381 277 173 204 272 295 195 237 202 359 223 238 411 242 350
object005 466 142 512 103 381 0 554 506 548 429 419 471 591 563 175 547 636 532 271 549
object006 178 467 572 508 277 554 0 417 488 448 452 156 137 445 517 231 473 548 468 561
object007 303 365 528 504 173 506 417 0 181 366 387 333 420 190 490 420 304 568 388 510
object008 383 445 601 556 204 548 488 181 0 444 464 319 436 270 506 416 172 578 488 560
object009 383 263 164 387 272 429 448 366 444 0 126 337 485 427 434 447 533 205 302 156
object010 382 291 316 405 295 419 452 387 464 126 0 418 498 429 384 513 502 375 353 321
object011 94 301 482 436 195 471 156 333 319 337 418 0 120 305 415 109 423 483 331 463
object012 239 384 586 586 237 591 137 420 436 485 498 120 0 455 522 283 517 585 425 605
object013 370 395 550 516 202 563 445 190 270 427 429 305 455 0 497 410 263 531 448 574
object014 416 153 461 170 359 175 517 490 506 434 384 415 522 497 0 524 525 488 266 531
object015 187 417 559 538 223 547 231 420 416 447 513 109 283 410 524 0 480 592 437 540
object016 413 434 620 631 238 636 473 304 172 533 502 423 517 263 525 480 0 653 538 566
object017 478 377 148 557 411 532 548 568 578 205 375 483 585 531 488 592 653 0 470 222
object018 323 101 360 273 242 271 468 388 488 302 353 331 425 448 266 437 538 470 0 455
object019 507 381 37 561 350 549 561 510 560 156 321 463 605 574 531 540 566 222 455 0
