     20
object000 0 548 340 100 490 442 542 432 312 315 440 420 473 447 263 245 360 579 259 194
object001 548 0 792 557 344 381 135 128 726 675 506 452 568 539 712 677 427 182 706 662
object002 340 792 0 306 614 610 728 594 415 525 574 583 667 595 425 159 550 737 251 383
object003 100 557 306 0 400 413 529 345 319 272 431 383 429 425 309 230 340 603 232 191
object004 490 344 614 400 0 96 357 216 617 565 256 343 372 370 548 496 309 322 561 522
object005 442 381 610 413 96 0 344 202 616 633 347 354 396 397 537 540 334 393 520 496
object006 542 135 728 529 357 344 0 164 747 690 458 461 467 485 692 712 411 125 710 638
object007 432 128 594 345 216 202 164 0 576 527 290 311 331 346 543 528 281 198 520 462
object008 312 726 415 319 617 616 747 576 0 495 576 590 664 636 152 362 517 742 375 401
object009 315 675 525 272 565 633 690 527 495 0 507 554 680 610 434 430 554 730 374 206
object010 440 506 574 431 256 347 458 290 576 507 0 137 281 157 588 524 64 486 524 477
object011 420 452 583 383 343 354 461 311 590 554 137 0 265 92 630 542 85 513 550 463
object012 473 568 667 429 372 396 467 331 664 680 281 265 0 283 668 600 194 561 560 598
object013 447 539 595 425 370 397 485 346 636 610 157 92 283 0 601 541 73 503 588 515
object014 263 712 425 309 548 537 692 543 152 434 588 630 668 601 0 351 512 738 352 426
object015 245 677 159 230 496 540 712 528 362 430 524 542 600 541 351 0 439 694 260 372
object016 360 427 550 340 309 334 411 281 517 554 64 85 194 73 512 439 0 410 473 421
object017 579 182 737 603 322 393 125 198 742 730 486 513 561 503 738 694 410 0 670 657
object018 259 706 251 232 561 520 710 520 375 374 524 550 560 588 352 260 473 670 0 356
object019 194 662 383 191 522 496 638 462 401 206 477 463 598 515 426 372 421 657 356 0
