0 170 388 256 424 420 399 334 353 301 439 314 201 374 266 565 298 434 439 344
170 0 270 330 396 259 355 386 234 361 285 417 350 431 405 645 405 499 491 218
388 270 0 498 146 258 300 548 178 518 245 585 461 599 539 803 559 675 643 236
256 330 498 0 593 582 526 317 510 247 529 400 61 406 324 509 274 412 446 429
424 396 146 593 0 409 387 601 335 612 368 711 615 715 611 874 607 749 744 293
420 259 258 582 409 0 282 540 195 573 331 639 508 675 636 812 526 691 693 46
399 355 300 526 387 282 0 649 128 587 124 654 554 697 605 856 584 745 748 196
334 386 548 317 601 540 649 0 498 345 624 435 270 454 340 548 193 437 488 542
353 234 178 510 335 195 128 498 0 530 91 561 498 633 586 786 526 682 691 180
301 361 518 247 612 573 587 345 530 0 604 358 268 432 273 499 312 409 462 436
439 285 245 529 368 331 124 624 91 604 0 656 515 673 590 858 613 687 716 187
314 417 585 400 711 639 654 435 561 358 656 0 337 67 210 258 358 333 146 550
201 350 461 61 615 508 554 270 498 268 515 337 0 357 220 518 228 364 400 427
374 431 599 406 715 675 697 454 633 432 673 67 357 0 263 297 426 343 216 566
266 405 539 324 611 636 605 340 586 273 590 210 220 263 0 378 346 249 245 521
565 645 803 509 874 812 856 548 786 499 858 258 518 297 378 0 596 479 195 700
298 405 559 274 607 526 584 193 526 312 613 358 228 426 346 596 0 467 497 453
434 499 675 412 749 691 745 437 682 409 687 333 364 343 249 479 467 0 448 606
439 491 643 446 744 693 748 488 691 462 716 146 400 216 245 195 497 448 0 587
344 218 236 429 293 46 196 542 180 436 187 550 427 566 521 700 453 606 587 0
