     20
object000 0 412 387 119 502 286 145 459 431 479 484 570 182 474 485 427 126 217 513 600
object001 412 0 314 471 236 381 417 431 378 563 140 692 414 229 289 468 446 518 502 569
object002 387 314 0 436 456 351 456 188 125 567 426 666 415 488 396 513 450 524 296 381
object003 119 471 436 0 583 335 143 591 513 572 545 603 134 547 573 481 246 201 585 653
object004 502 236 456 583 0 522 628 547 522 695 370 794 538 226 132 606 533 594 564 671
object005 286 381 351 335 522 0 315 515 463 376 437 449 320 533 471 300 369 361 502 635
object006 145 417 456 143 628 315 0 521 471 589 594 625 79 597 541 515 269 159 578 707
object007 459 431 188 591 547 515 521 0 140 686 535 760 537 578 513 614 615 639 395 513
object008 431 378 125 513 522 463 471 140 0 615 493 725 509 546 487 576 548 567 342 469
object009 479 563 567 572 695 376 589 686 615 0 722 123 596 742 681 182 560 584 668 831
object010 484 140 426 545 370 437 594 535 493 722 0 749 485 382 333 577 548 594 561 646
object011 570 692 666 603 794 449 625 760 725 123 749 0 577 810 739 216 597 654 760 919
object012 182 414 415 134 538 320 79 537 509 596 485 577 0 560 561 468 197 100 528 663
object013 474 229 488 547 226 533 597 578 546 742 382 810 560 0 68 633 605 661 549 714
object014 485 289 396 573 132 471 541 513 487 681 333 739 561 68 0 685 583 606 559 663
object015 427 468 513 481 606 300 515 614 576 182 577 216 468 633 685 0 486 553 617 760
object016 126 446 450 246 533 369 269 615 548 560 548 597 197 605 583 486 0 293 569 728
object017 217 518 524 201 594 361 159 639 567 584 594 654 100 661 606 553 293 0 657 807
object018 513 502 296 585 564 502 578 395 342 668 561 760 528 549 559 617 569 657 0 147
object019 600 569 381 653 671 635 707 513 469 831 646 919 663 714 663 760 728 807 147 0
