0 253 311 448 474 465 458 106 238 364 414 259 369 254 294 397 305 340 349 438
253 0 332 469 495 486 479 271 143 385 435 424 390 419 459 418 470 361 370 459
311 332 0 179 205 370 363 329 317 157 319 482 162 477 517 190 528 133 254 169
448 469 179 0 42 507 500 466 454 294 456 619 299 614 654 327 665 270 391 182
474 495 205 42 0 533 526 492 480 320 482 645 325 640 680 353 691 296 417 208
465 486 370 507 533 0 129 483 471 423 183 636 428 631 671 456 682 399 264 497
458 479 363 500 526 129 0 476 464 416 176 629 421 624 664 449 675 392 257 490
106 271 329 466 492 483 476 0 256 382 432 215 387 210 250 415 261 358 367 456
238 143 317 454 480 471 464 256 0 370 420 409 375 404 444 403 455 346 355 444
364 385 157 294 320 423 416 382 370 0 372 535 195 530 570 151 581 166 307 284
414 435 319 456 482 183 176 432 420 372 0 585 377 580 620 405 631 348 213 446
259 424 482 619 645 636 629 215 409 535 585 0 540 105 167 568 178 511 520 609
369 390 162 299 325 428 421 387 375 195 377 540 0 535 575 228 586 89 312 289
254 419 477 614 640 631 624 210 404 530 580 105 535 0 162 563 173 506 515 604
294 459 517 654 680 671 664 250 444 570 620 167 575 162 0 603 57 546 555 644
397 418 190 327 353 456 449 415 403 151 405 568 228 563 603 0 614 199 340 317
305 470 528 665 691 682 675 261 455 581 631 178 586 173 57 614 0 557 566 655
340 361 133 270 296 399 392 358 346 166 348 511 89 506 546 199 557 0 283 260
349 370 254 391 417 264 257 367 355 307 213 520 312 515 555 340 566 283 0 381
438 459 169 182 208 497 490 456 444 284 446 609 289 604 644 317 655 260 381 0
