     20
object000 0 254 372 406 448 271 531 380 71 581 597 467 637 433 446 326 415 487 542 489
object001 254 0 387 465 522 335 310 388 269 433 430 507 478 486 498 372 275 290 574 356
object002 372 387 0 240 308 235 640 276 387 720 761 294 760 259 159 244 526 642 183 608
object003 406 465 240 0 394 331 741 321 515 781 807 474 876 376 334 336 663 691 392 704
object004 448 522 308 394 0 295 720 339 473 828 877 17 843 120 383 341 637 675 473 733
object005 271 335 235 331 295 0 619 52 337 689 687 391 739 256 319 172 522 539 370 601
object006 531 310 640 741 720 619 0 624 479 510 508 738 516 723 707 612 121 172 760 394
object007 380 388 276 321 339 52 624 0 414 689 699 346 752 331 358 231 521 553 372 646
object008 71 269 387 515 473 337 479 414 0 612 620 512 668 438 496 339 442 475 505 501
object009 581 433 720 781 828 689 510 689 612 0 370 826 138 763 789 709 409 388 857 228
object010 597 430 761 807 877 687 508 699 620 370 0 826 330 761 851 694 429 409 827 162
object011 467 507 294 474 17 391 738 346 512 826 826 0 847 144 467 400 699 691 411 726
object012 637 478 760 876 843 739 516 752 668 138 330 847 0 810 865 762 442 444 914 332
object013 433 486 259 376 120 256 723 331 438 763 761 144 810 0 354 263 608 639 399 747
object014 446 498 159 334 383 319 707 358 496 789 851 467 865 354 0 368 633 656 161 709
object015 326 372 244 336 341 172 612 231 339 709 694 400 762 263 368 0 551 575 410 612
object016 415 275 526 663 637 522 121 521 442 409 429 699 442 608 633 551 0 19 664 321
object017 487 290 642 691 675 539 172 553 475 388 409 691 444 639 656 575 19 0 746 301
object018 542 574 183 392 473 370 760 372 505 857 827 411 914 399 161 410 664 746 0 776
object019 489 356 608 704 733 601 394 646 501 228 162 726 332 747 709 612 321 301 776 0
