0 429 355 193 483 322 171 575 372 368 511 419 327 222 201 283 159 282 296 506
429 0 272 424 248 481 402 176 289 285 112 336 244 615 594 514 552 513 455 271
355 272 0 350 326 407 328 418 197 193 354 174 82 541 520 440 478 439 381 349
193 424 350 0 478 317 154 570 367 363 506 414 322 379 358 266 316 265 291 501
483 248 326 478 0 535 456 394 343 339 330 390 298 669 648 568 606 567 509 221
322 481 407 317 535 0 295 627 424 420 563 471 379 508 487 407 445 406 190 558
171 402 328 154 456 295 0 548 345 341 484 392 300 357 336 162 294 161 269 479
575 176 418 570 394 627 548 0 435 431 122 482 390 761 740 660 698 659 601 417
372 289 197 367 343 424 345 435 0 12 371 261 169 558 537 457 495 456 398 366
368 285 193 363 339 420 341 431 12 0 367 257 165 554 533 453 491 452 394 362
511 112 354 506 330 563 484 122 371 367 0 418 326 697 676 596 634 595 537 353
419 336 174 414 390 471 392 482 261 257 418 0 94 605 584 504 542 503 445 413
327 244 82 322 298 379 300 390 169 165 326 94 0 513 492 412 450 411 353 321
222 615 541 379 669 508 357 761 558 554 697 605 513 0 101 469 175 468 482 692
201 594 520 358 648 487 336 740 537 533 676 584 492 101 0 448 154 447 461 671
283 514 440 266 568 407 162 660 457 453 596 504 412 469 448 0 406 179 381 591
159 552 478 316 606 445 294 698 495 491 634 542 450 175 154 406 0 405 419 629
282 513 439 265 567 406 161 659 456 452 595 503 411 468 447 179 405 0 380 590
296 455 381 291 509 190 269 601 398 394 537 445 353 482 461 381 419 380 0 532
506 271 349 501 221 558 479 417 366 362 353 413 321 692 671 591 629 590 532 0
