0 510 192 267 307 309 578 726 287 569 684 477 513 587 328 542 744 415 705 603
510 0 520 595 635 637 246 574 615 417 532 325 361 435 316 390 412 743 553 271
192 520 0 257 127 299 588 736 277 579 694 487 523 597 338 552 754 405 715 613
267 595 257 0 372 180 663 811 158 654 769 562 598 672 413 627 829 286 790 688
307 635 127 372 0 414 703 851 392 694 809 602 638 712 453 667 869 520 830 728
309 637 299 180 414 0 705 853 92 696 811 604 640 714 455 669 871 220 832 730
578 246 588 663 703 705 0 642 683 485 600 393 429 503 384 458 340 811 621 199
726 574 736 811 851 853 642 0 831 373 310 443 479 391 532 508 808 959 209 667
287 615 277 158 392 92 683 831 0 674 789 582 618 692 433 647 849 152 810 708
569 417 579 654 694 696 485 373 674 0 331 286 322 210 375 351 651 802 352 510
684 532 694 769 809 811 600 310 789 331 0 401 437 349 490 466 766 917 289 625
477 325 487 562 602 604 393 443 582 286 401 0 102 304 283 131 559 710 422 418
513 361 523 598 638 640 429 479 618 322 437 102 0 340 319 33 595 746 458 454
587 435 597 672 712 714 503 391 692 210 349 304 340 0 393 369 669 820 370 528
328 316 338 413 453 455 384 532 433 375 490 283 319 393 0 348 550 561 511 409
542 390 552 627 667 669 458 508 647 351 466 131 33 369 348 0 624 775 487 483
744 412 754 829 869 871 340 808 849 651 766 559 595 669 550 624 0 977 787 239
415 743 405 286 520 220 811 959 152 802 917 710 746 820 561 775 977 0 938 836
705 553 715 790 830 832 621 209 810 352 289 422 458 370 511 487 787 938 0 646
603 271 613 688 728 730 199 667 708 510 625 418 454 528 409 483 239 836 646 0
