0 376 167 447 420 192 488 433 270 222 423 475 192 316 340 260 400 139 236 329
376 0 457 483 264 482 524 277 560 512 267 511 482 352 376 550 436 429 526 365
167 457 0 528 501 193 569 514 271 223 504 556 193 397 421 261 481 140 143 410
447 483 528 0 527 553 197 540 631 583 530 184 553 351 195 621 435 500 597 364
420 264 501 527 0 526 568 87 604 556 45 555 526 396 420 594 480 473 570 409
192 482 193 553 526 0 594 539 174 220 529 581 190 422 446 258 506 137 262 435
488 524 569 197 568 594 0 581 672 624 571 79 594 392 236 662 476 541 638 405
433 277 514 540 87 539 581 0 617 569 90 568 539 409 433 607 493 486 583 422
270 560 271 631 604 174 672 617 0 298 607 659 268 500 524 336 584 215 340 513
222 512 223 583 556 220 624 569 298 0 559 611 46 452 476 224 536 101 292 465
423 267 504 530 45 529 571 90 607 559 0 558 529 399 423 597 483 476 573 412
475 511 556 184 555 581 79 568 659 611 558 0 581 379 223 649 463 528 625 392
192 482 193 553 526 190 594 539 268 46 529 581 0 422 446 194 506 71 262 435
316 352 397 351 396 422 392 409 500 452 399 379 422 0 244 490 132 369 466 61
340 376 421 195 420 446 236 433 524 476 423 223 446 244 0 514 328 393 490 257
260 550 261 621 594 258 662 607 336 224 597 649 194 490 514 0 574 141 330 503
400 436 481 435 480 506 476 493 584 536 483 463 506 132 328 574 0 453 550 107
139 429 140 500 473 137 541 486 215 101 476 528 71 369 393 141 453 0 209 382
236 526 143 597 570 262 638 583 340 292 573 625 262 466 490 330 550 209 0 479
329 365 410 364 409 435 405 422 513 465 412 392 435 61 257 503 107 382 479 0
