0 189 243 311 279 358 560 369 394 260 577 341 498 421 637 256 442 443 538 489
189 0 248 316 284 363 565 374 399 265 582 346 503 426 642 261 447 448 543 494
243 248 0 334 302 381 583 392 417 283 600 364 521 444 660 279 465 466 561 512
311 316 334 0 326 405 607 416 441 115 624 388 545 468 684 303 489 490 585 536
279 284 302 326 0 231 433 242 155 275 450 214 259 154 398 215 175 316 299 250
358 363 381 405 231 0 478 101 346 354 495 259 450 373 589 294 394 361 490 441
560 565 583 607 433 478 0 489 548 556 145 291 652 575 791 496 596 187 692 643
369 374 392 416 242 101 489 0 357 365 506 270 461 384 600 305 405 372 501 452
394 399 417 441 155 346 548 357 0 390 565 329 278 297 417 330 318 431 318 269
260 265 283 115 275 354 556 365 390 0 573 337 494 417 633 252 438 439 534 485
577 582 600 624 450 495 145 506 565 573 0 308 669 592 808 513 613 204 709 660
341 346 364 388 214 259 291 270 329 337 308 0 433 356 572 277 377 174 473 424
498 503 521 545 259 450 652 461 278 494 669 433 0 401 159 434 422 535 240 191
421 426 444 468 154 373 575 384 297 417 592 356 401 0 540 357 185 458 441 392
637 642 660 684 398 589 791 600 417 633 808 572 159 540 0 573 561 674 379 330
256 261 279 303 215 294 496 305 330 252 513 277 434 357 573 0 378 379 474 425
442 447 465 489 175 394 596 405 318 438 613 377 422 185 561 378 0 479 462 413
443 448 466 490 316 361 187 372 431 439 204 174 535 458 674 379 479 0 575 526
538 543 561 585 299 490 692 501 318 534 709 473 240 441 379 474 462 575 0 145
489 494 512 536 250 441 643 452 269 485 660 424 191 392 330 425 413 526 145 0
