0 186 263 226 266 330 230 282 291 229 167 364 304 378 361 334 453 382 252 596
186 0 213 322 362 426 326 132 141 179 263 460 154 228 457 430 549 478 348 692
263 213 0 399 439 503 403 309 318 136 340 537 331 405 534 507 626 555 425 769
226 322 399 0 176 240 222 418 427 365 159 274 440 514 263 236 355 284 154 498
266 362 439 176 0 132 262 458 467 405 199 166 480 554 311 284 403 332 202 546
330 426 503 240 132 0 326 522 531 469 263 196 544 618 375 348 467 396 266 610
230 326 403 222 262 326 0 422 431 369 91 360 444 518 357 330 449 378 248 592
282 132 309 418 458 522 422 0 199 275 359 556 78 152 553 526 645 574 444 788
291 141 318 427 467 531 431 199 0 284 368 565 221 295 562 535 654 583 453 797
229 179 136 365 405 469 369 275 284 0 306 503 297 371 500 473 592 521 391 735
167 263 340 159 199 263 91 359 368 306 0 297 381 455 294 267 386 315 185 529
364 460 537 274 166 196 360 556 565 503 297 0 578 652 409 382 501 430 300 644
304 154 331 440 480 544 444 78 221 297 381 578 0 124 575 548 667 596 466 810
378 228 405 514 554 618 518 152 295 371 455 652 124 0 649 622 741 670 540 884
361 457 534 263 311 375 357 553 562 500 294 409 575 649 0 251 178 299 207 321
334 430 507 236 284 348 330 526 535 473 267 382 548 622 251 0 343 176 180 486
453 549 626 355 403 467 449 645 654 592 386 501 667 741 178 343 0 391 299 229
382 478 555 284 332 396 378 574 583 521 315 430 596 670 299 176 391 0 228 534
252 348 425 154 202 266 248 444 453 391 185 300 466 540 207 180 299 228 0 442
596 692 769 498 546 610 592 788 797 735 529 644 810 884 321 486 229 534 442 0
