0 172 236 329 275 286 266 299 252 365 330 366 392 402 361 270 418 336 386 371
172 0 214 307 253 264 364 397 350 343 428 344 370 380 339 368 516 434 364 469
236 214 0 235 155 192 428 461 414 271 492 272 298 308 241 432 580 498 266 533
329 307 235 0 274 185 521 554 507 264 585 197 291 301 360 525 673 591 385 626
275 253 155 274 0 231 467 500 453 310 531 311 337 347 270 471 619 537 295 572
286 264 192 185 231 0 478 511 464 121 542 222 148 158 317 482 630 548 342 583
266 364 428 521 467 478 0 361 314 557 392 558 584 594 553 152 480 398 578 433
299 397 461 554 500 511 361 0 105 590 245 591 617 627 586 365 333 251 611 286
252 350 414 507 453 464 314 105 0 543 198 544 570 580 539 318 286 204 564 239
365 343 271 264 310 121 557 590 543 0 621 301 169 179 396 561 709 627 421 662
330 428 492 585 531 542 392 245 198 621 0 622 648 658 617 396 134 108 642 143
366 344 272 197 311 222 558 591 544 301 622 0 328 338 397 562 710 628 422 663
392 370 298 291 337 148 584 617 570 169 648 328 0 92 423 588 736 654 448 689
402 380 308 301 347 158 594 627 580 179 658 338 92 0 433 598 746 664 458 699
361 339 241 360 270 317 553 586 539 396 617 397 423 433 0 557 705 623 207 658
270 368 432 525 471 482 152 365 318 561 396 562 588 598 557 0 484 402 582 437
418 516 580 673 619 630 480 333 286 709 134 710 736 746 705 484 0 196 730 231
336 434 498 591 537 548 398 251 204 627 108 628 654 664 623 402 196 0 648 121
386 364 266 385 295 342 578 611 564 421 642 422 448 458 207 582 730 648 0 683
371 469 533 626 572 583 433 286 239 662 143 663 689 699 658 437 231 121 683 0
