     20
object000 0 240 456 348 634 257 176 244 415 432 509 632 459 509 290 311 300 496 477 499
object001 240 0 401 280 583 171 287 217 307 277 420 624 428 458 215 264 149 460 479 464
object002 456 401 0 299 301 405 480 246 517 583 690 295 305 139 432 232 483 194 333 352
object003 348 280 299 0 487 258 344 64 493 467 616 489 338 361 356 216 342 317 385 336
object004 634 583 301 487 0 611 684 424 728 759 902 125 532 232 635 432 647 154 600 517
object005 257 171 405 258 611 0 292 248 219 266 368 607 419 453 65 282 22 463 473 430
object006 176 287 480 344 684 292 0 357 446 442 543 668 531 576 332 348 318 508 546 563
object007 244 217 246 64 424 248 357 0 396 415 512 436 266 326 268 110 260 290 354 287
object008 415 307 517 493 728 219 446 396 0 86 436 727 636 618 300 421 288 603 647 612
object009 432 277 583 467 759 266 442 415 86 0 460 745 660 673 327 485 313 677 705 661
object010 509 420 690 616 902 368 543 512 436 460 0 856 741 769 417 584 400 706 766 685
object011 632 624 295 489 125 607 668 436 727 745 856 0 492 217 650 438 640 136 560 579
object012 459 428 305 338 532 419 531 266 636 660 741 492 0 381 520 304 502 420 176 150
object013 509 458 139 361 232 453 576 326 618 673 769 217 381 0 504 322 501 112 480 439
object014 290 215 432 356 635 65 332 268 300 327 417 650 520 504 0 358 30 545 541 496
object015 311 264 232 216 432 282 348 110 421 485 584 438 304 322 358 0 342 333 348 326
object016 300 149 483 342 647 22 318 260 288 313 400 640 502 501 30 342 0 478 543 481
object017 496 460 194 317 154 463 508 290 603 677 706 136 420 112 545 333 478 0 400 407
object018 477 479 333 385 600 473 546 354 647 705 766 560 176 480 541 348 543 400 0 104
object019 499 464 352 336 517 430 563 287 612 661 685 579 150 439 496 326 481 407 104 0
