     20
object000 0 174 284 300 286 432 339 457 320 244 344 437 370 321 125 459 310 460 307 212
object001 174 0 299 274 306 422 283 482 161 234 332 494 293 348 256 483 304 487 327 117
object002 284 299 0 196 344 463 187 322 398 243 380 342 350 379 319 511 381 499 274 321
object003 300 274 196 0 271 443 231 329 366 297 342 353 316 335 350 485 329 483 311 318
object004 286 306 344 271 0 143 376 506 416 173 251 508 94 56 373 205 208 233 243 333
object005 432 422 463 443 143 0 460 594 556 316 367 586 198 171 479 198 316 154 303 450
object006 339 283 187 231 376 460 0 264 425 344 358 214 394 374 354 495 443 530 373 338
object007 457 482 322 329 506 594 264 0 582 461 501 173 544 532 467 655 524 706 544 446
object008 320 161 398 366 416 556 425 582 0 404 460 595 464 435 347 557 448 611 408 87
object009 244 234 243 297 173 316 344 461 404 0 268 500 240 209 341 358 233 372 209 315
object010 344 332 380 342 251 367 358 501 460 268 0 559 287 266 339 412 168 434 50 409
object011 437 494 342 353 508 586 214 173 595 500 559 0 548 534 502 682 479 720 517 542
object012 370 293 350 316 94 198 394 544 464 240 287 548 0 61 374 313 298 278 275 379
object013 321 348 379 335 56 171 374 532 435 209 266 534 61 0 440 259 280 209 286 369
object014 125 256 319 350 373 479 354 467 347 341 339 502 374 440 0 512 348 538 402 294
object015 459 483 511 485 205 198 495 655 557 358 412 682 313 259 512 0 397 61 393 506
object016 310 304 381 329 208 316 443 524 448 233 168 479 298 280 348 397 0 429 153 408
object017 460 487 499 483 233 154 530 706 611 372 434 720 278 209 538 61 429 0 391 513
object018 307 327 274 311 243 303 373 544 408 209 50 517 275 286 402 393 153 391 0 351
object019 212 117 321 318 333 450 338 446 87 315 409 542 379 369 294 506 408 513 351 0
