     20
object000 0 393 231 227 315 300 373 393 265 201 308 362 199 225 397 99 318 280 216 293
object001 393 0 338 224 380 209 236 193 461 389 532 220 420 448 241 311 233 465 435 433
object002 231 338 0 193 190 277 388 383 154 259 352 384 206 308 406 178 286 229 265 175
object003 227 224 193 0 336 132 200 259 251 293 408 201 303 314 242 178 105 372 296 324
object004 315 380 190 336 0 311 409 455 186 335 410 423 337 323 436 216 386 219 351 230
object005 300 209 277 132 311 0 264 264 354 346 407 229 314 358 224 295 132 426 331 358
object006 373 236 388 200 409 264 0 115 483 427 527 100 463 480 148 341 243 493 496 418
object007 393 193 383 259 455 264 115 0 395 438 520 59 505 463 93 338 235 436 414 436
object008 265 461 154 251 186 354 483 395 0 336 434 399 313 381 479 256 299 172 352 124
object009 201 389 259 293 335 346 427 438 336 0 295 426 168 199 448 111 360 390 260 329
object010 308 532 352 408 410 407 527 520 434 295 0 508 335 372 554 250 396 447 152 392
object011 362 220 384 201 423 229 100 59 399 426 508 0 451 430 160 339 227 471 416 414
object012 199 420 206 303 337 314 463 505 313 168 335 451 0 36 441 200 363 362 276 352
object013 225 448 308 314 323 358 480 463 381 199 372 430 36 0 455 220 379 388 205 388
object014 397 241 406 242 436 224 148 93 479 448 554 160 441 455 0 347 271 535 472 455
object015 99 311 178 178 216 295 341 338 256 111 250 339 200 220 347 0 276 317 183 243
object016 318 233 286 105 386 132 243 235 299 360 396 227 363 379 271 276 0 317 353 355
object017 280 465 229 372 219 426 493 436 172 390 447 471 362 388 535 317 317 0 326 145
object018 216 435 265 296 351 331 496 414 352 260 152 416 276 205 472 183 353 326 0 342
object019 293 433 175 324 230 358 418 436 124 329 392 414 352 388 455 243 355 145 342 0
