0 169 505 398 486 517 419 313 451 325 439 545 447 114 489 463 517 523 339 467
169 0 483 392 456 503 348 319 415 317 376 530 401 248 510 469 413 448 384 464
505 483 0 567 646 86 331 495 417 502 208 180 379 573 654 499 246 645 328 443
398 392 567 0 107 554 445 243 473 183 473 580 458 499 330 533 524 354 395 514
486 456 646 107 0 609 525 282 571 195 552 615 542 517 391 610 585 422 451 642
517 503 86 554 609 0 338 496 454 490 195 216 389 568 694 480 217 624 392 394
419 348 331 445 525 338 0 353 256 350 208 276 181 486 485 326 294 512 177 79
313 319 495 243 282 496 353 0 433 119 420 513 428 354 327 425 514 313 424 433
451 415 417 473 571 454 256 433 0 415 330 428 305 458 599 245 377 550 113 390
325 317 502 183 195 490 350 119 415 0 389 542 355 388 277 429 463 280 337 445
439 376 208 473 552 195 208 420 330 389 0 193 296 443 515 339 140 541 260 332
545 530 180 580 615 216 276 513 428 542 193 0 345 633 637 462 252 632 378 428
447 401 379 458 542 389 181 428 305 355 296 345 0 472 500 358 299 563 226 236
114 248 573 499 517 568 486 354 458 388 443 633 472 0 525 539 586 550 420 547
489 510 654 330 391 694 485 327 599 277 515 637 500 525 0 602 609 300 455 640
463 469 499 533 610 480 326 425 245 429 339 462 358 539 602 0 423 637 92 453
517 413 246 524 585 217 294 514 377 463 140 252 299 586 609 423 0 606 284 392
523 448 645 354 422 624 512 313 550 280 541 632 563 550 300 637 606 0 527 622
339 384 328 395 451 392 177 424 113 337 260 378 226 420 455 92 284 527 0 259
467 464 443 514 642 394 79 433 390 445 332 428 236 547 640 453 392 622 259 0
