0 489 310 541 286 636 624 579 586 269 485 607 676 589 554 208 324 335 465 211
489 0 393 382 369 477 465 142 427 540 326 170 239 430 395 659 407 418 184 662
310 393 0 445 66 540 528 483 490 361 389 511 580 493 458 480 104 115 369 483
541 382 445 0 421 309 297 472 189 592 206 500 569 192 275 711 459 470 358 714
286 369 66 421 0 516 504 459 466 337 365 487 556 469 434 456 58 69 345 459
636 477 540 309 516 0 154 567 354 687 301 595 664 357 370 806 554 565 453 809
624 465 528 297 504 154 0 555 342 675 289 583 652 345 358 794 542 553 441 797
579 142 483 472 459 567 555 0 517 630 416 138 207 520 485 749 497 508 274 752
586 427 490 189 466 354 342 517 0 637 251 545 614 95 320 756 504 515 403 759
269 540 361 592 337 687 675 630 637 0 536 658 727 640 605 439 375 386 516 442
485 326 389 206 365 301 289 416 251 536 0 444 513 254 173 655 403 414 302 658
607 170 511 500 487 595 583 138 545 658 444 0 79 548 513 777 525 536 302 780
676 239 580 569 556 664 652 207 614 727 513 79 0 617 582 846 594 605 371 849
589 430 493 192 469 357 345 520 95 640 254 548 617 0 323 759 507 518 406 762
554 395 458 275 434 370 358 485 320 605 173 513 582 323 0 724 472 483 371 727
208 659 480 711 456 806 794 749 756 439 655 777 846 759 724 0 494 505 635 169
324 407 104 459 58 554 542 497 504 375 403 525 594 507 472 494 0 35 383 497
335 418 115 470 69 565 553 508 515 386 414 536 605 518 483 505 35 0 394 508
465 184 369 358 345 453 441 274 403 516 302 302 371 406 371 635 383 394 0 638
211 662 483 714 459 809 797 752 759 442 658 780 849 762 727 169 497 508 638 0
