0 272 313 191 411 309 389 291 405 337 376 143 439 449 362 441 462 307 424 363
272 0 89 379 477 195 275 479 291 403 442 227 505 205 248 197 348 193 310 249
313 89 0 420 518 236 316 520 332 444 483 268 546 266 289 258 389 234 351 290
191 379 420 0 518 416 496 252 512 444 483 250 546 556 469 548 569 414 531 470
411 477 518 518 0 514 594 618 610 252 291 366 170 654 567 646 667 512 629 568
309 195 236 416 514 0 220 516 236 440 479 264 542 372 151 364 251 96 213 152
389 275 316 496 594 220 0 596 160 520 559 344 622 452 273 444 373 218 335 274
291 479 520 252 618 516 596 0 612 544 583 350 646 656 569 648 669 514 631 570
405 291 332 512 610 236 160 612 0 536 575 360 638 468 289 460 389 234 351 290
337 403 444 444 252 440 520 544 536 0 49 292 280 580 493 572 593 438 555 494
376 442 483 483 291 479 559 583 575 49 0 331 319 619 532 611 632 477 594 533
143 227 268 250 366 264 344 350 360 292 331 0 394 404 317 396 417 262 379 318
439 505 546 546 170 542 622 646 638 280 319 394 0 682 595 674 695 540 657 596
449 205 266 556 654 372 452 656 468 580 619 404 682 0 425 196 525 370 487 426
362 248 289 469 567 151 273 569 289 493 532 317 595 425 0 417 128 125 242 181
441 197 258 548 646 364 444 648 460 572 611 396 674 196 417 0 517 362 479 418
462 348 389 569 667 251 373 669 389 593 632 417 695 525 128 517 0 225 342 281
307 193 234 414 512 96 218 514 234 438 477 262 540 370 125 362 225 0 143 82
424 310 351 531 629 213 335 631 351 555 594 379 657 487 242 479 342 143 0 137
363 249 290 470 568 152 274 570 290 494 533 318 596 426 181 418 281 82 137 0
