0 571 110 653 647 577 506 584 569 468 619 575 558 415 139 502 513 316 685 667
571 0 479 114 676 606 73 613 598 125 804 604 743 600 552 687 356 501 714 696
110 479 0 561 555 485 414 492 477 376 527 483 466 323 91 410 421 224 593 575
653 114 561 0 758 688 155 695 680 207 886 686 825 682 634 769 438 583 796 778
647 676 555 758 0 82 611 171 226 573 880 198 819 676 628 763 618 577 272 254
577 606 485 688 82 0 541 101 156 503 810 128 749 606 558 693 548 507 202 184
506 73 414 155 611 541 0 548 533 60 739 539 678 535 487 622 291 436 649 631
584 613 492 695 171 101 548 0 163 510 817 135 756 613 565 700 555 514 127 109
569 598 477 680 226 156 533 163 0 495 802 154 741 598 550 685 540 499 264 246
468 125 376 207 573 503 60 510 495 0 701 501 640 497 449 584 253 398 611 593
619 804 527 886 880 810 739 817 802 701 0 808 309 298 600 385 746 377 918 900
575 604 483 686 198 128 539 135 154 501 808 0 747 604 556 691 546 505 236 218
558 743 466 825 819 749 678 756 741 640 309 747 0 237 539 324 685 316 857 839
415 600 323 682 676 606 535 613 598 497 298 604 237 0 396 99 542 173 714 696
139 552 91 634 628 558 487 565 550 449 600 556 539 396 0 483 494 297 666 648
502 687 410 769 763 693 622 700 685 584 385 691 324 99 483 0 629 260 801 783
513 356 421 438 618 548 291 555 540 253 746 546 685 542 494 629 0 443 656 638
316 501 224 583 577 507 436 514 499 398 377 505 316 173 297 260 443 0 615 597
685 714 593 796 272 202 649 127 264 611 918 236 857 714 666 801 656 615 0 158
667 696 575 778 254 184 631 109 246 593 900 218 839 696 648 783 638 597 158 0
