0 308 456 454 163 462 193 310 363 355 372 110 213 331 428 201 402 479 352 476
308 0 366 168 217 176 403 364 417 265 282 320 423 385 142 411 456 389 144 386
456 366 0 512 365 520 551 512 565 159 286 468 571 533 486 559 604 167 410 42
454 168 512 0 363 140 549 510 563 411 428 466 569 531 230 557 602 535 290 532
163 217 365 363 0 371 258 167 220 264 281 175 278 188 337 266 259 388 261 385
462 176 520 140 371 0 557 518 571 419 436 474 577 539 238 565 610 543 298 540
193 403 551 549 258 557 0 405 458 450 467 165 130 426 523 256 497 574 447 571
310 364 512 510 167 518 405 0 229 411 428 322 425 121 484 413 268 535 408 532
363 417 565 563 220 571 458 229 0 464 481 375 478 250 537 466 143 588 461 585
355 265 159 411 264 419 450 411 464 0 185 367 470 432 385 458 503 182 309 179
372 282 286 428 281 436 467 428 481 185 0 384 487 449 402 475 520 309 326 306
110 320 468 466 175 474 165 322 375 367 384 0 185 343 440 121 414 491 364 488
213 423 571 569 278 577 130 425 478 470 487 185 0 446 543 276 517 594 467 591
331 385 533 531 188 539 426 121 250 432 449 343 446 0 505 434 289 556 429 553
428 142 486 230 337 238 523 484 537 385 402 440 543 505 0 531 576 509 264 506
201 411 559 557 266 565 256 413 466 458 475 121 276 434 531 0 505 582 455 579
402 456 604 602 259 610 497 268 143 503 520 414 517 289 576 505 0 627 500 624
479 389 167 535 388 543 574 535 588 182 309 491 594 556 509 582 627 0 433 187
352 144 410 290 261 298 447 408 461 309 326 364 467 429 264 455 500 433 0 430
476 386 42 532 385 540 571 532 585 179 306 488 591 553 506 579 624 187 430 0
