     20
object000 0 189 511 424 528 645 657 570 527 309 521 351 506 460 393 194 528 592 506 467
object001 189 0 516 483 518 614 639 534 501 322 569 368 527 469 413 104 548 609 492 511
object002 511 516 0 400 502 624 635 506 486 461 540 378 502 488 280 555 527 520 435 472
object003 424 483 400 0 187 334 359 125 110 277 214 281 197 391 328 405 244 259 169 407
object004 528 518 502 187 0 272 347 283 286 421 211 371 347 425 396 515 114 231 177 513
object005 645 614 624 334 272 0 494 420 447 526 369 470 468 607 463 623 304 90 171 583
object006 657 639 635 359 347 494 0 416 426 580 169 509 435 623 547 664 332 425 336 628
object007 570 534 506 125 283 420 416 0 162 474 300 374 180 522 376 505 290 335 315 463
object008 527 501 486 110 286 447 426 162 0 448 324 319 176 498 348 517 296 328 280 542
object009 309 322 461 277 421 526 580 474 448 0 441 261 457 382 302 271 484 479 432 366
object010 521 569 540 214 211 369 169 300 324 441 0 358 327 516 414 509 233 304 257 516
object011 351 368 378 281 371 470 509 374 319 261 358 0 397 154 268 369 393 443 367 151
object012 506 527 502 197 347 468 435 180 176 457 327 397 0 511 401 517 323 408 331 507
object013 460 469 488 391 425 607 623 522 498 382 516 154 511 0 409 476 468 564 494 98
object014 393 413 280 328 396 463 547 376 348 302 414 268 401 409 0 407 378 468 393 323
object015 194 104 555 405 515 623 664 505 517 271 509 369 517 476 407 0 503 576 489 441
object016 528 548 527 244 114 304 332 290 296 484 233 393 323 468 378 503 0 191 174 499
object017 592 609 520 259 231 90 425 335 328 479 304 443 408 564 468 576 191 0 95 524
object018 506 492 435 169 177 171 336 315 280 432 257 367 331 494 393 489 174 95 0 428
object019 467 511 472 407 513 583 628 463 542 366 516 151 507 98 323 441 499 524 428 0
