0 59 161 152 147 325 552 303 435 322 557 282 269 367 407 258 381 428 463 392
59 0 212 201 183 376 572 361 519 365 590 355 403 449 523 304 505 515 538 516
161 212 0 250 239 407 573 413 539 382 640 386 391 483 575 345 518 495 588 517
152 201 250 0 118 400 508 321 427 279 499 266 327 378 472 165 397 418 480 403
147 183 239 118 0 369 475 294 413 287 490 256 269 366 400 231 392 391 462 402
325 376 407 400 369 0 398 63 494 335 434 142 381 411 478 364 518 366 552 470
552 572 573 508 475 398 0 362 653 486 123 226 540 546 697 526 656 179 728 692
303 361 413 321 294 63 362 0 520 351 403 141 327 399 508 333 439 345 516 442
435 519 539 427 413 494 653 520 0 415 722 451 400 384 276 420 287 599 228 133
322 365 382 279 287 335 486 351 415 0 587 333 183 326 433 280 379 452 479 399
557 590 640 499 490 434 123 403 722 587 0 223 486 604 695 525 659 161 750 722
282 355 386 266 256 142 226 141 451 333 223 0 325 387 477 293 440 150 518 431
269 403 391 327 269 381 540 327 400 183 486 325 0 336 466 337 387 439 501 402
367 449 483 378 366 411 546 399 384 326 604 387 336 0 361 367 377 522 417 346
407 523 575 472 400 478 697 508 276 433 695 477 466 361 0 457 114 581 278 263
258 304 345 165 231 364 526 333 420 280 525 293 337 367 457 0 460 455 513 422
381 505 518 397 392 518 656 439 287 379 659 440 387 377 114 460 0 571 322 195
428 515 495 418 391 366 179 345 599 452 161 150 439 522 581 455 571 0 689 606
463 538 588 480 462 552 728 516 228 479 750 518 501 417 278 513 322 689 0 103
392 516 517 403 402 470 692 442 133 399 722 431 402 346 263 422 195 606 103 0
