     20
object000 0 407 350 138 303 295 434 352 243 256 368 386 470 426 245 277 390 309 298 295
object001 407 0 562 460 215 220 197 175 506 534 261 322 365 360 490 554 303 114 584 561
object002 350 562 0 361 523 534 672 533 381 462 516 535 646 603 369 169 546 557 171 455
object003 138 460 361 0 400 391 561 405 345 188 404 435 579 492 343 306 435 458 338 187
object004 303 215 523 400 0 66 200 144 390 410 186 224 323 264 393 457 192 208 460 458
object005 295 220 534 391 66 0 260 126 471 457 209 258 360 293 412 471 268 176 493 475
object006 434 197 672 561 200 260 0 230 624 578 356 372 480 425 555 583 349 100 611 601
object007 352 175 533 405 144 126 230 0 446 426 209 202 329 254 440 415 225 144 432 494
object008 243 506 381 345 390 471 624 446 0 410 435 472 622 573 92 332 499 495 290 410
object009 256 534 462 188 410 457 578 426 410 0 458 471 609 552 388 383 436 520 383 230
object010 368 261 516 404 186 209 356 209 435 458 0 30 229 130 453 496 18 274 498 468
object011 386 322 535 435 224 258 372 202 472 471 30 0 243 38 452 544 92 336 540 535
object012 470 365 646 579 323 360 480 329 622 609 229 243 0 260 574 642 196 394 606 613
object013 426 360 603 492 264 293 425 254 573 552 130 38 260 0 506 526 146 345 573 623
object014 245 490 369 343 393 412 555 440 92 388 453 452 574 506 0 312 445 478 326 381
object015 277 554 169 306 457 471 583 415 332 383 496 544 642 526 312 0 471 520 231 494
object016 390 303 546 435 192 268 349 225 499 436 18 92 196 146 445 471 0 286 485 574
object017 309 114 557 458 208 176 100 144 495 520 274 336 394 345 478 520 286 0 502 497
object018 298 584 171 338 460 493 611 432 290 383 498 540 606 573 326 231 485 502 0 394
object019 295 561 455 187 458 475 601 494 410 230 468 535 613 623 381 494 574 497 394 0
