0 340 299 407 246 422 185 374 172 223 621 186 488 480 192 271 307 444 274 258
340 0 323 85 382 194 321 398 308 321 299 322 166 158 372 295 405 216 372 438
299 323 0 390 341 405 280 81 267 280 604 281 471 463 331 148 364 427 331 397
407 85 390 0 449 261 388 465 375 388 308 389 125 117 439 362 472 283 439 505
246 382 341 449 0 464 185 416 186 265 663 120 530 522 278 313 349 486 316 344
422 194 405 261 464 0 403 480 390 403 475 404 342 334 454 377 487 62 454 520
185 321 280 388 185 403 0 355 125 204 602 125 469 461 217 252 288 425 255 283
374 398 81 465 416 480 355 0 342 355 679 356 546 538 406 223 439 502 406 472
172 308 267 375 186 390 125 342 0 191 589 126 456 448 204 239 275 412 242 270
223 321 280 388 265 403 204 355 191 0 602 205 469 461 255 252 170 425 137 321
621 299 604 308 663 475 602 679 589 602 0 603 389 381 653 576 686 497 653 719
186 322 281 389 120 404 125 356 126 205 603 0 470 462 218 253 289 426 256 284
488 166 471 125 530 342 469 546 456 469 389 470 0 164 520 443 553 364 520 586
480 158 463 117 522 334 461 538 448 461 381 462 164 0 512 435 545 356 512 578
192 372 331 439 278 454 217 406 204 255 653 218 520 512 0 303 339 476 306 88
271 295 148 362 313 377 252 223 239 252 576 253 443 435 303 0 336 399 303 369
307 405 364 472 349 487 288 439 275 170 686 289 553 545 339 336 0 509 59 405
444 216 427 283 486 62 425 502 412 425 497 426 364 356 476 399 509 0 476 542
274 372 331 439 316 454 255 406 242 137 653 256 520 512 306 303 59 476 0 372
258 438 397 505 344 520 283 472 270 321 719 284 586 578 88 369 405 542 372 0
