0 330 310 189 297 301 415 298 358 204 402 356 345 400 340 260 394 395 201 327
330 0 424 481 521 525 283 170 582 496 626 580 459 624 454 552 618 263 315 619
310 424 0 461 501 505 509 392 562 476 606 560 159 604 154 532 598 489 201 599
189 481 461 0 448 452 566 449 509 197 553 507 496 551 491 253 545 546 352 320
297 521 501 448 0 186 606 489 379 463 423 377 536 421 531 519 415 586 392 586
301 525 505 452 186 0 610 493 383 467 427 381 540 425 535 523 419 590 396 590
415 283 509 566 606 610 0 255 667 581 711 665 544 709 539 637 703 154 400 704
298 170 392 449 489 493 255 0 550 464 594 548 427 592 422 520 586 235 283 587
358 582 562 509 379 383 667 550 0 524 196 248 597 194 592 580 56 647 453 647
204 496 476 197 463 467 581 464 524 0 568 522 511 566 506 134 560 561 367 201
402 626 606 553 423 427 711 594 196 568 0 292 641 188 636 624 232 691 497 691
356 580 560 507 377 381 665 548 248 522 292 0 595 290 590 578 284 645 451 645
345 459 159 496 536 540 544 427 597 511 641 595 0 639 183 567 633 524 236 634
400 624 604 551 421 425 709 592 194 566 188 290 639 0 634 622 230 689 495 689
340 454 154 491 531 535 539 422 592 506 636 590 183 634 0 562 628 519 231 629
260 552 532 253 519 523 637 520 580 134 624 578 567 622 562 0 616 617 423 121
394 618 598 545 415 419 703 586 56 560 232 284 633 230 628 616 0 683 489 683
395 263 489 546 586 590 154 235 647 561 691 645 524 689 519 617 683 0 380 684
201 315 201 352 392 396 400 283 453 367 497 451 236 495 231 423 489 380 0 490
327 619 599 320 586 590 704 587 647 201 691 645 634 689 629 121 683 684 490 0
