     20
object000 0 161 266 34 406 369 385 175 498 214 513 401 44 476 409 436 130 393 337 360
object001 161 0 210 158 304 277 336 391 362 434 376 537 178 576 497 546 260 515 485 235
object002 266 210 0 349 138 220 231 526 298 564 362 733 385 800 656 719 460 727 644 193
object003 34 158 349 0 449 426 453 278 545 291 520 469 46 502 395 458 187 441 335 412
object004 406 304 138 449 0 291 348 600 408 662 440 803 436 857 762 801 546 784 751 313
object005 369 277 220 426 291 0 263 557 275 634 324 767 391 802 749 738 499 767 722 145
object006 385 336 231 453 348 263 0 608 170 656 175 808 422 869 774 772 569 795 727 231
object007 175 391 526 278 600 557 608 0 665 371 707 518 248 537 499 514 95 534 409 550
object008 498 362 298 545 408 275 170 665 0 717 158 857 505 909 841 876 582 808 792 287
object009 214 434 564 291 662 634 656 371 717 0 746 386 276 415 298 335 288 335 315 601
object010 513 376 362 520 440 324 175 707 158 746 0 927 612 872 879 886 628 946 808 325
object011 401 537 733 469 803 767 808 518 857 386 927 0 457 168 410 263 381 466 191 733
object012 44 178 385 46 436 391 422 248 505 276 612 457 0 458 366 412 133 381 328 370
object013 476 576 800 502 857 802 869 537 909 415 872 168 458 0 444 336 419 489 238 838
object014 409 497 656 395 762 749 774 499 841 298 879 410 366 444 0 379 382 246 257 721
object015 436 546 719 458 801 738 772 514 876 335 886 263 412 336 379 0 404 418 57 763
object016 130 260 460 187 546 499 569 95 582 288 628 381 133 419 382 404 0 434 381 507
object017 393 515 727 441 784 767 795 534 808 335 946 466 381 489 246 418 434 0 328 757
object018 337 485 644 335 751 722 727 409 792 315 808 191 328 238 257 57 381 328 0 684
object019 360 235 193 412 313 145 231 550 287 601 325 733 370 838 721 763 507 757 684 0
