     20
object000 0 269 220 326 391 261 380 377 212 410 419 473 452 286 342 461 346 277 267 372
object001 269 0 387 252 167 497 275 160 391 576 229 422 617 217 317 594 250 471 385 240
object002 220 387 0 520 541 175 521 526 160 308 595 573 335 405 447 350 467 207 145 513
object003 326 252 520 0 391 490 144 388 464 689 484 150 640 248 226 693 347 567 497 330
object004 391 167 541 391 0 553 446 78 485 716 173 503 690 352 386 750 374 612 486 409
object005 261 497 175 490 553 0 561 580 108 317 651 569 322 429 550 383 539 186 213 517
object006 380 275 521 144 446 561 0 402 526 706 473 67 671 301 224 746 397 615 543 376
object007 377 160 526 388 78 580 402 0 502 711 120 480 678 291 351 671 365 578 535 351
object008 212 391 160 464 485 108 526 502 0 272 619 601 272 415 466 295 443 154 170 483
object009 410 576 308 689 716 317 706 711 272 0 761 784 166 596 652 311 680 142 326 670
object010 419 229 595 484 173 651 473 120 619 761 0 550 733 408 484 732 479 659 634 443
object011 473 422 573 150 503 569 67 480 601 784 550 0 804 392 296 778 449 663 619 456
object012 452 617 335 640 690 322 671 678 272 166 733 804 0 615 624 298 669 185 328 647
object013 286 217 405 248 352 429 301 291 415 596 408 392 615 0 254 621 186 531 401 168
object014 342 317 447 226 386 550 224 351 466 652 484 296 624 254 0 630 371 554 475 325
object015 461 594 350 693 750 383 746 671 295 311 732 778 298 621 630 0 711 213 384 664
object016 346 250 467 347 374 539 397 365 443 680 479 449 669 186 371 711 0 606 444 95
object017 277 471 207 567 612 186 615 578 154 142 659 663 185 531 554 213 606 0 195 538
object018 267 385 145 497 486 213 543 535 170 326 634 619 328 401 475 384 444 195 0 492
object019 372 240 513 330 409 517 376 351 483 670 443 456 647 168 325 664 95 538 492 0
