0 517 478 549 460 585 548 530 452 90 184 305 245 123 323 553 603 178 459 550
517 0 306 421 148 384 489 493 443 569 447 524 586 553 660 419 523 443 686 483
478 306 0 421 296 188 407 447 406 544 381 519 471 568 612 199 469 400 688 458
549 421 421 0 345 501 271 239 71 633 365 608 519 538 638 488 290 420 702 309
460 148 296 345 0 366 410 422 334 587 334 545 497 479 602 354 444 408 631 480
585 384 188 501 366 0 505 526 459 647 470 637 583 580 703 176 514 483 764 575
548 489 407 271 410 505 0 228 278 601 458 659 581 611 733 526 160 455 714 235
530 493 447 239 422 526 228 0 272 675 468 643 573 617 675 531 251 497 780 136
452 443 406 71 334 459 278 272 0 582 419 573 569 547 611 451 334 408 755 299
90 569 544 633 587 647 601 675 582 0 268 395 373 126 445 624 616 272 517 633
184 447 381 365 334 470 458 468 419 268 0 242 204 208 343 483 447 85 345 484
305 524 519 608 545 637 659 643 573 395 242 0 163 312 44 627 648 279 197 629
245 586 471 519 497 583 581 573 569 373 204 163 0 267 227 601 566 196 357 604
123 553 568 538 479 580 611 617 547 126 208 312 267 0 430 639 596 182 448 625
323 660 612 638 602 703 733 675 611 445 343 44 227 430 0 694 699 236 243 669
553 419 199 488 354 176 526 531 451 624 483 627 601 639 694 0 571 512 809 560
603 523 469 290 444 514 160 251 334 616 447 648 566 596 699 571 0 477 791 277
178 443 400 420 408 483 455 497 408 272 85 279 196 182 236 512 477 0 398 460
459 686 688 702 631 764 714 780 755 517 345 197 357 448 243 809 791 398 0 820
550 483 458 309 480 575 235 136 299 633 484 629 604 625 669 560 277 460 820 0
