0 305 252 225 424 260 423 328 377 370 395 172 489 410 402 452 469 335 387 369
305 0 93 369 466 182 262 453 299 430 451 252 463 186 248 236 338 164 333 245
252 93 0 415 510 229 277 521 306 454 473 284 596 268 293 257 399 249 325 317
225 369 415 0 487 413 456 246 454 485 465 263 552 535 488 570 530 372 522 451
424 466 510 487 0 468 618 581 584 240 261 379 166 678 634 644 667 501 586 536
260 182 229 413 468 0 227 506 245 400 476 245 532 408 170 352 302 94 214 175
423 262 277 456 618 227 0 589 145 526 555 334 625 447 228 424 365 227 337 311
328 453 521 246 581 506 589 0 616 556 576 357 656 642 583 629 650 555 679 586
377 299 306 454 584 245 145 616 0 485 571 359 622 462 264 493 356 230 306 287
370 430 454 485 240 400 526 556 485 0 8 328 285 587 531 556 561 403 523 553
395 451 473 465 261 476 555 576 571 8 0 353 276 612 544 589 583 499 591 532
172 252 284 263 379 245 334 357 359 328 353 0 393 406 300 405 441 304 385 316
489 463 596 552 166 532 625 656 622 285 276 393 0 669 633 737 662 552 671 608
410 186 268 535 678 408 447 642 462 587 612 406 669 0 418 171 519 288 516 415
402 248 293 488 634 170 228 583 264 531 544 300 633 418 0 410 137 90 271 188
452 236 257 570 644 352 424 629 493 556 589 405 737 171 410 0 522 364 449 431
469 338 399 530 667 302 365 650 356 561 583 441 662 519 137 522 0 197 381 299
335 164 249 372 501 94 227 555 230 403 499 304 552 288 90 364 197 0 151 73
387 333 325 522 586 214 337 679 306 523 591 385 671 516 271 449 381 151 0 150
369 245 317 451 536 175 311 586 287 553 532 316 608 415 188 431 299 73 150 0
