     20
object000 0 610 91 650 623 584 514 591 540 489 665 561 599 389 137 518 523 301 650 610
object001 610 0 523 79 688 574 62 586 609 121 828 597 770 617 579 700 417 440 724 685
object002 91 523 0 509 588 483 355 495 477 387 536 457 469 279 40 386 411 237 603 570
object003 650 79 509 0 766 718 156 689 699 175 894 701 864 700 671 754 444 586 799 762
object004 623 688 588 766 0 97 561 165 273 557 842 174 827 728 619 765 631 560 267 211
object005 584 574 483 718 97 0 553 101 157 541 805 93 761 577 545 732 541 482 210 205
object006 514 62 355 156 561 553 0 571 535 99 749 520 666 493 511 602 294 456 675 620
object007 591 586 495 689 165 101 571 0 166 518 802 84 759 628 552 654 544 507 107 101
object008 540 609 477 699 273 157 535 166 0 470 814 147 753 592 529 683 488 504 282 256
object009 489 121 387 175 557 541 99 518 470 0 749 508 622 547 473 563 248 416 603 578
object010 665 828 536 894 842 805 749 802 814 749 0 802 291 313 587 377 751 393 952 921
object011 561 597 457 701 174 93 520 84 147 508 802 0 721 602 543 701 531 467 243 205
object012 599 770 469 864 827 761 666 759 753 622 291 721 0 250 548 328 709 305 828 804
object013 389 617 279 700 728 577 493 628 592 547 313 602 250 0 369 167 510 202 751 701
object014 137 579 40 671 619 545 511 552 529 473 587 543 548 369 0 497 485 291 652 652
object015 518 700 386 754 765 732 602 654 683 563 377 701 328 167 497 0 588 265 817 797
object016 523 417 411 444 631 541 294 544 488 248 751 531 709 510 485 588 0 446 642 620
object017 301 440 237 586 560 482 456 507 504 416 393 467 305 202 291 265 446 0 664 629
object018 650 724 603 799 267 210 675 107 282 603 952 243 828 751 652 817 642 664 0 187
object019 610 685 570 762 211 205 620 101 256 578 921 205 804 701 652 797 620 629 187 0
