0 274 453 225 271 201 134 100 137 425 342 240 266 431 389 297 203 246 129 277
274 0 524 397 425 459 330 327 383 505 183 492 427 169 434 173 422 360 339 345
453 524 0 540 555 535 462 433 556 174 496 571 526 683 571 530 537 223 513 469
225 397 540 0 108 329 278 236 294 581 422 331 333 520 521 429 353 404 310 351
271 425 555 108 0 219 219 222 360 573 492 399 338 582 520 460 390 444 309 380
201 459 535 329 219 0 255 212 342 559 457 347 335 608 462 452 370 443 360 368
134 330 462 278 219 255 0 91 260 467 315 269 233 472 394 334 250 331 279 263
100 327 433 236 222 212 91 0 261 435 355 261 203 470 422 338 239 347 243 287
137 383 556 294 360 342 260 261 0 511 436 280 386 523 451 402 233 430 85 339
425 505 174 581 573 559 467 435 511 0 547 585 616 678 591 488 573 258 534 513
342 183 496 422 492 457 315 355 436 547 0 401 441 307 475 26 437 421 412 303
240 492 571 331 399 347 269 261 280 585 401 0 353 581 496 437 167 425 257 417
266 427 526 333 338 335 233 203 386 616 441 353 0 605 492 465 375 420 296 393
431 169 683 520 582 608 472 470 523 678 307 581 605 0 544 338 602 538 533 472
389 434 571 521 520 462 394 422 451 591 475 496 492 544 0 432 455 419 476 269
297 173 530 429 460 452 334 338 402 488 26 437 465 338 432 0 426 406 370 295
203 422 537 353 390 370 250 239 233 573 437 167 375 602 455 426 0 417 276 380
246 360 223 404 444 443 331 347 430 258 421 425 420 538 419 406 417 0 402 360
129 339 513 310 309 360 279 243 85 534 412 257 296 533 476 370 276 402 0 347
277 345 469 351 380 368 263 287 339 513 303 417 393 472 269 295 380 360 347 0
