0 85 426 402 545 445 466 427 487 200 427 400 464 551 496 462 623 322 554 425
85 0 485 461 604 504 525 486 546 259 486 459 523 610 555 521 682 381 613 484
426 485 0 394 537 437 154 419 479 328 419 392 456 543 488 454 615 198 546 417
402 461 394 0 209 343 434 325 385 304 325 298 362 449 394 360 287 290 218 323
545 604 537 209 0 486 577 468 528 447 468 441 505 592 537 503 274 433 205 466
445 504 437 343 486 0 477 132 276 347 258 231 203 382 327 201 564 333 495 256
466 525 154 434 577 477 0 459 519 368 459 432 496 583 528 494 655 238 586 457
427 486 419 325 468 132 459 0 258 329 240 213 185 364 309 183 546 315 477 238
487 546 479 385 528 276 519 258 0 389 300 273 295 424 369 293 606 375 537 298
200 259 328 304 447 347 368 329 389 0 329 302 366 453 398 364 525 224 456 327
427 486 419 325 468 258 459 240 300 329 0 31 277 224 169 275 546 315 477 184
400 459 392 298 441 231 432 213 273 302 31 0 250 197 142 248 519 288 450 157
464 523 456 362 505 203 496 185 295 366 277 250 0 401 346 162 583 352 514 275
551 610 543 449 592 382 583 364 424 453 224 197 401 0 121 399 670 439 601 308
496 555 488 394 537 327 528 309 369 398 169 142 346 121 0 344 615 384 546 253
462 521 454 360 503 201 494 183 293 364 275 248 162 399 344 0 581 350 512 273
623 682 615 287 274 564 655 546 606 525 546 519 583 670 615 581 0 511 85 544
322 381 198 290 433 333 238 315 375 224 315 288 352 439 384 350 511 0 442 313
554 613 546 218 205 495 586 477 537 456 477 450 514 601 546 512 85 442 0 475
425 484 417 323 466 256 457 238 298 327 184 157 275 308 253 273 544 313 475 0
