0 117 281 362 282 578 607 306 454 342 411 299 603 619 627 564 442 599 216 408
117 0 304 385 305 601 630 329 477 365 434 322 626 642 650 587 465 622 239 431
281 304 0 115 273 569 598 297 445 333 402 290 594 610 618 555 433 590 167 399
362 385 115 0 354 650 679 378 526 414 483 371 675 691 699 636 514 671 248 480
282 305 273 354 0 532 561 260 408 296 365 165 557 573 581 518 396 553 208 362
578 601 569 650 532 0 217 422 420 458 527 549 719 207 215 680 408 715 504 374
607 630 598 679 561 217 0 451 449 487 556 578 748 258 266 709 437 744 533 403
306 329 297 378 260 422 451 0 298 128 197 277 389 463 471 350 286 385 232 252
454 477 445 526 408 420 449 298 0 334 403 425 595 461 469 556 206 591 380 172
342 365 333 414 296 458 487 128 334 0 173 313 365 499 507 326 322 361 268 288
411 434 402 483 365 527 556 197 403 173 0 382 274 568 576 235 391 270 337 357
299 322 290 371 165 549 578 277 425 313 382 0 574 590 598 535 413 570 225 379
603 626 594 675 557 719 748 389 595 365 274 574 0 760 768 151 583 124 529 549
619 642 610 691 573 207 258 463 461 499 568 590 760 0 146 721 449 756 545 415
627 650 618 699 581 215 266 471 469 507 576 598 768 146 0 729 457 764 553 423
564 587 555 636 518 680 709 350 556 326 235 535 151 721 729 0 544 147 490 510
442 465 433 514 396 408 437 286 206 322 391 413 583 449 457 544 0 579 368 94
599 622 590 671 553 715 744 385 591 361 270 570 124 756 764 147 579 0 525 545
216 239 167 248 208 504 533 232 380 268 337 225 529 545 553 490 368 525 0 334
408 431 399 480 362 374 403 252 172 288 357 379 549 415 423 510 94 545 334 0
