0 447 479 305 563 218 303 548 576 649 531 208 235 334 640 655 167 405 409 703
447 0 306 537 172 415 448 59 382 463 109 610 550 540 302 336 552 572 490 493
479 306 0 498 413 398 477 375 140 150 336 555 575 564 514 522 612 540 505 310
305 537 498 0 600 282 176 575 630 709 555 421 418 203 703 746 371 227 423 727
563 172 413 600 0 490 553 271 518 592 234 635 660 610 153 195 619 634 589 575
218 415 398 282 490 0 225 415 547 554 396 365 354 267 602 609 279 296 179 609
303 448 477 176 553 225 0 527 595 689 530 406 399 51 651 688 391 118 405 707
548 59 375 575 271 415 527 0 500 529 64 636 661 571 352 372 598 594 603 593
576 382 140 630 518 547 595 500 0 121 470 672 697 662 561 587 657 657 651 399
649 463 150 709 592 554 689 529 121 0 499 732 807 707 711 693 765 709 738 485
531 109 336 555 234 396 530 64 470 499 0 648 638 603 332 369 639 601 549 518
208 610 555 421 635 365 406 636 672 732 648 0 113 451 780 805 241 491 468 738
235 550 575 418 660 354 399 661 697 807 638 113 0 459 785 777 235 517 511 829
334 540 564 203 610 267 51 571 662 707 603 451 459 0 655 759 393 117 436 769
640 302 514 703 153 602 651 352 561 711 332 780 785 655 0 116 725 758 661 700
655 336 522 746 195 609 688 372 587 693 369 805 777 759 116 0 717 791 710 685
167 552 612 371 619 279 391 598 657 765 639 241 235 393 725 717 0 467 435 781
405 572 540 227 634 296 118 594 657 709 601 491 517 117 758 791 467 0 457 723
409 490 505 423 589 179 405 603 651 738 549 468 511 436 661 710 435 457 0 720
703 493 310 727 575 609 707 593 399 485 518 738 829 769 700 685 781 723 720 0
