0 331 291 497 413 298 377 536 442 348 566 460 425 572 575 514 555 311 376 563
331 0 339 606 169 289 420 544 494 141 532 488 474 613 637 569 568 75 228 621
291 339 0 287 416 78 199 306 249 395 348 268 258 400 365 293 322 328 373 367
497 606 287 0 603 341 289 368 97 557 374 325 324 466 500 439 382 533 654 487
413 169 416 603 0 396 474 597 559 97 645 586 561 656 675 639 636 141 302 719
298 289 78 341 396 0 196 276 248 374 344 288 255 322 346 372 349 286 352 378
377 420 199 289 474 196 0 234 195 410 216 81 59 298 293 249 243 423 468 310
536 544 306 368 597 276 234 0 315 518 293 282 236 455 398 390 413 580 616 441
442 494 249 97 559 248 195 315 0 497 342 290 260 381 412 342 335 505 491 405
348 141 395 557 97 374 410 518 497 0 579 449 492 613 579 557 617 40 245 634
566 532 348 374 645 344 216 293 342 579 0 246 294 427 423 412 431 568 599 455
460 488 268 325 586 288 81 282 290 449 246 0 53 350 354 299 344 504 538 376
425 474 258 324 561 255 59 236 260 492 294 53 0 319 342 347 309 515 576 410
572 613 400 466 656 322 298 455 381 613 427 350 319 0 248 183 280 621 683 313
575 637 365 500 675 346 293 398 412 579 423 354 342 248 0 112 304 591 689 338
514 569 293 439 639 372 249 390 342 557 412 299 347 183 112 0 241 546 538 347
555 568 322 382 636 349 243 413 335 617 431 344 309 280 304 241 0 527 616 141
311 75 328 533 141 286 423 580 505 40 568 504 515 621 591 546 527 0 214 599
376 228 373 654 302 352 468 616 491 245 599 538 576 683 689 538 616 214 0 667
563 621 367 487 719 378 310 441 405 634 455 376 410 313 338 347 141 599 667 0
