0 128 301 369 512 298 516 323 381 285 388 368 437 359 440 497 481 409 317 474
128 0 277 345 488 274 492 299 357 261 364 344 413 335 416 473 457 385 293 450
301 277 0 280 471 209 475 282 340 158 347 241 396 318 399 456 440 368 276 433
369 345 280 0 539 93 543 350 408 264 415 347 464 386 467 524 508 436 344 501
512 488 471 539 0 468 178 335 449 455 400 538 449 303 452 191 549 477 385 352
298 274 209 93 468 0 472 279 337 193 344 276 393 315 396 453 437 365 273 430
516 492 475 543 178 472 0 339 453 459 404 542 453 307 456 195 553 481 389 356
323 299 282 350 335 279 339 0 260 266 125 349 174 182 177 320 360 288 196 297
381 357 340 408 449 337 453 260 0 324 325 407 374 296 377 434 380 308 216 411
285 261 158 264 455 193 459 266 324 0 331 95 380 302 383 440 424 352 260 417
388 364 347 415 400 344 404 125 325 331 0 414 99 247 102 385 425 353 261 362
368 344 241 347 538 276 542 349 407 95 414 0 463 385 466 523 507 435 343 500
437 413 396 464 449 393 453 174 374 380 99 463 0 296 63 434 474 402 310 411
359 335 318 386 303 315 307 182 296 302 247 385 296 0 299 288 396 324 232 265
440 416 399 467 452 396 456 177 377 383 102 466 63 299 0 437 477 405 313 414
497 473 456 524 191 453 195 320 434 440 385 523 434 288 437 0 534 462 370 337
481 457 440 508 549 437 553 360 380 424 425 507 474 396 477 534 0 88 188 511
409 385 368 436 477 365 481 288 308 352 353 435 402 324 405 462 88 0 116 439
317 293 276 344 385 273 389 196 216 260 261 343 310 232 313 370 188 116 0 347
474 450 433 501 352 430 356 297 411 417 362 500 411 265 414 337 511 439 347 0
