     20
object000 0 111 281 309 331 162 306 303 240 449 280 336 316 297 454 141 382 505 363 352
object001 111 0 369 382 452 231 385 423 318 514 412 427 417 453 483 235 463 572 489 436
object002 281 369 0 327 253 372 566 639 542 363 544 347 603 629 312 410 667 370 285 615
object003 309 382 327 0 428 444 588 643 548 518 653 197 626 664 464 460 643 542 455 607
object004 331 452 253 428 0 446 677 700 608 299 693 462 645 725 300 499 753 266 208 720
object005 162 231 372 444 446 0 290 353 192 611 329 445 324 277 509 111 363 619 516 283
object006 306 385 566 588 677 290 0 320 387 735 416 626 379 538 727 233 417 774 650 408
object007 303 423 639 643 700 353 320 0 445 811 171 663 249 551 784 275 301 833 726 281
object008 240 318 542 548 608 192 387 445 0 726 456 587 389 286 679 137 471 768 624 479
object009 449 514 363 518 299 611 735 811 726 0 748 551 785 828 131 561 846 269 142 847
object010 280 412 544 653 693 329 416 171 456 748 0 675 251 486 722 305 322 821 654 228
object011 336 427 347 197 462 445 626 663 587 551 675 0 615 652 451 450 718 569 408 660
object012 316 417 603 626 645 324 379 249 389 785 251 615 0 514 717 298 213 816 641 151
object013 297 453 629 664 725 277 538 551 286 828 486 652 514 0 771 250 599 829 694 558
object014 454 483 312 464 300 509 727 784 679 131 722 451 717 771 0 627 792 207 68 766
object015 141 235 410 460 499 111 233 275 137 561 305 450 298 250 627 0 332 618 488 318
object016 382 463 667 643 753 363 417 301 471 846 322 718 213 599 792 332 0 842 762 248
object017 505 572 370 542 266 619 774 833 768 269 821 569 816 829 207 618 842 0 173 855
object018 363 489 285 455 208 516 650 726 624 142 654 408 641 694 68 488 762 173 0 682
object019 352 436 615 607 720 283 408 281 479 847 228 660 151 558 766 318 248 855 682 0
