     20
object000 0 205 173 424 450 541 456 604 409 397 536 509 596 628 195 397 457 239 473 669
object001 205 0 205 438 458 540 452 600 343 425 519 490 625 615 240 400 434 62 552 635
object002 173 205 0 408 401 440 440 609 374 384 462 523 560 599 194 386 384 207 470 613
object003 424 438 408 0 96 668 198 731 521 206 671 630 684 743 461 452 401 480 631 747
object004 450 458 401 96 0 643 162 668 441 138 622 605 662 673 427 446 300 462 596 770
object005 541 540 440 668 643 0 657 75 229 610 125 180 254 320 590 361 620 592 501 285
object006 456 452 440 198 162 657 0 706 434 166 596 574 683 714 466 488 355 465 540 748
object007 604 600 609 731 668 75 706 0 310 685 286 231 289 357 649 423 673 709 597 381
object008 409 343 374 521 441 229 434 310 0 430 190 214 301 310 374 206 424 412 256 373
object009 397 425 384 206 138 610 166 685 430 0 587 605 646 680 451 474 300 445 573 688
object010 536 519 462 671 622 125 596 286 190 587 0 197 261 213 540 355 661 550 479 150
object011 509 490 523 630 605 180 574 231 214 605 197 0 245 240 522 390 560 557 430 304
object012 596 625 560 684 662 254 683 289 301 646 261 245 0 269 631 421 694 658 561 346
object013 628 615 599 743 673 320 714 357 310 680 213 240 269 0 668 460 705 713 578 340
object014 195 240 194 461 427 590 466 649 374 451 540 522 631 668 0 390 475 294 522 676
object015 397 400 386 452 446 361 488 423 206 474 355 390 421 460 390 0 464 428 174 515
object016 457 434 384 401 300 620 355 673 424 300 661 560 694 705 475 464 0 467 604 701
object017 239 62 207 480 462 592 465 709 412 445 550 557 658 713 294 428 467 0 532 650
object018 473 552 470 631 596 501 540 597 256 573 479 430 561 578 522 174 604 532 0 588
object019 669 635 613 747 770 285 748 381 373 688 150 304 346 340 676 515 701 650 588 0
