0 121 428 289 334 372 369 326 362 99 230 137 420 235 257 95 402 421 296 219
121 0 463 324 369 407 404 361 397 134 265 172 455 270 292 116 437 456 331 254
428 463 0 469 514 552 549 506 542 413 410 393 600 491 249 437 582 601 476 475
289 324 469 0 345 383 380 203 373 274 241 254 431 352 298 298 413 432 307 336
334 369 514 345 0 198 317 382 188 319 178 299 246 397 343 343 110 247 122 381
372 407 552 383 198 0 355 420 94 357 216 337 152 435 381 381 266 153 86 419
369 404 549 380 317 355 0 417 345 354 155 334 403 432 378 378 385 404 279 416
326 361 506 203 382 420 417 0 410 311 278 291 468 389 335 335 450 469 344 373
362 397 542 373 188 94 345 410 0 347 206 327 70 425 371 371 256 87 76 409
99 134 413 274 319 357 354 311 347 0 215 122 405 220 242 108 387 406 281 204
230 265 410 241 178 216 155 278 206 215 0 195 264 293 239 239 246 265 140 277
137 172 393 254 299 337 334 291 327 122 195 0 385 108 222 146 367 386 261 92
420 455 600 431 246 152 403 468 70 405 264 385 0 483 429 429 314 145 134 467
235 270 491 352 397 435 432 389 425 220 293 108 483 0 320 244 465 484 359 98
257 292 249 298 343 381 378 335 371 242 239 222 429 320 0 266 411 430 305 304
95 116 437 298 343 381 378 335 371 108 239 146 429 244 266 0 411 430 305 228
402 437 582 413 110 266 385 450 256 387 246 367 314 465 411 411 0 315 190 449
421 456 601 432 247 153 404 469 87 406 265 386 145 484 430 430 315 0 135 468
296 331 476 307 122 86 279 344 76 281 140 261 134 359 305 305 190 135 0 343
219 254 475 336 381 419 416 373 409 204 277 92 467 98 304 228 449 468 343 0
