0 413 522 486 561 278 123 552 586 358 326 223 676 376 249 552 424 437 405 410
413 0 309 117 192 479 450 339 217 559 527 424 307 577 282 339 625 638 606 611
522 309 0 382 457 588 559 250 482 668 636 533 572 686 391 250 734 747 715 720
486 117 382 0 91 552 523 412 116 632 600 497 206 650 355 412 698 711 679 684
561 192 457 91 0 627 598 487 169 707 675 572 259 725 430 487 773 786 754 759
278 479 588 552 627 0 315 618 652 364 332 59 742 382 315 618 430 443 411 416
123 450 559 523 598 315 0 589 623 395 363 260 713 413 286 589 461 474 442 447
552 339 250 412 487 618 589 0 512 698 666 563 602 716 421 142 764 777 745 750
586 217 482 116 169 652 623 512 0 732 700 597 114 750 455 512 798 811 779 784
358 559 668 632 707 364 395 698 732 0 302 309 822 170 395 698 400 413 381 386
326 527 636 600 675 332 363 666 700 302 0 277 790 320 363 666 100 113 231 236
223 424 533 497 572 59 260 563 597 309 277 0 687 327 260 563 375 388 356 361
676 307 572 206 259 742 713 602 114 822 790 687 0 840 545 602 888 901 869 874
376 577 686 650 725 382 413 716 750 170 320 327 840 0 413 716 418 431 399 404
249 282 391 355 430 315 286 421 455 395 363 260 545 413 0 421 461 474 442 447
552 339 250 412 487 618 589 142 512 698 666 563 602 716 421 0 764 777 745 750
424 625 734 698 773 430 461 764 798 400 100 375 888 418 461 764 0 59 329 334
437 638 747 711 786 443 474 777 811 413 113 388 901 431 474 777 59 0 342 347
405 606 715 679 754 411 442 745 779 381 231 356 869 399 442 745 329 342 0 221
410 611 720 684 759 416 447 750 784 386 236 361 874 404 447 750 334 347 221 0
