0 387 384 273 64 279 362 292 199 278 396 159 172 426 289 385 504 311 516 497
387 0 195 492 373 324 407 337 508 323 441 468 481 237 508 430 315 356 327 308
384 195 0 489 370 321 404 334 505 320 438 465 478 104 505 427 152 353 164 145
273 492 489 0 259 384 467 397 394 383 501 354 367 531 174 490 609 416 621 602
64 373 370 259 0 265 348 278 137 264 382 97 110 412 275 371 490 297 502 483
279 324 321 384 265 0 295 225 400 163 329 360 373 363 400 318 441 244 453 434
362 407 404 467 348 295 0 276 483 294 108 443 456 446 483 153 524 57 536 517
292 337 334 397 278 225 276 0 413 224 310 373 386 376 413 299 454 225 466 447
199 508 505 394 137 400 483 413 0 399 517 118 163 547 410 506 625 432 637 618
278 323 320 383 264 163 294 224 399 0 328 359 372 362 399 317 440 243 452 433
396 441 438 501 382 329 108 310 517 328 0 477 490 480 517 187 558 91 570 551
159 468 465 354 97 360 443 373 118 359 477 0 123 507 370 466 585 392 597 578
172 481 478 367 110 373 456 386 163 372 490 123 0 520 383 479 598 405 610 591
426 237 104 531 412 363 446 376 547 362 480 507 520 0 547 469 224 395 236 217
289 508 505 174 275 400 483 413 410 399 517 370 383 547 0 506 625 432 637 618
385 430 427 490 371 318 153 299 506 317 187 466 479 469 506 0 547 102 559 540
504 315 152 609 490 441 524 454 625 440 558 585 598 224 625 547 0 473 130 111
311 356 353 416 297 244 57 225 432 243 91 392 405 395 432 102 473 0 485 466
516 327 164 621 502 453 536 466 637 452 570 597 610 236 637 559 130 485 0 99
497 308 145 602 483 434 517 447 618 433 551 578 591 217 618 540 111 466 99 0
