     20
object000 0 228 396 281 467 328 367 398 200 558 559 505 549 348 487 200 460 522 431 364
object001 228 0 425 312 475 302 173 365 290 367 327 465 355 389 439 206 310 322 423 236
object002 396 425 0 147 460 465 560 437 512 759 770 494 783 344 219 320 603 658 164 584
object003 281 312 147 0 384 372 417 395 415 650 664 456 636 294 199 244 531 594 199 497
object004 467 475 460 384 0 464 648 528 655 837 780 152 795 172 551 408 738 748 499 641
object005 328 302 465 372 464 0 469 134 405 645 612 523 678 382 484 142 559 618 481 462
object006 367 173 560 417 648 469 0 540 480 441 462 615 436 518 648 351 130 207 589 277
object007 398 365 437 395 528 134 540 0 463 688 673 583 670 434 522 220 597 616 489 538
object008 200 290 512 415 655 405 480 463 0 668 629 618 679 492 512 310 584 656 519 474
object009 558 367 759 650 837 645 441 688 668 0 440 842 158 675 790 546 500 579 769 281
object010 559 327 770 664 780 612 462 673 629 440 0 798 444 680 802 479 502 581 734 127
object011 505 465 494 456 152 523 615 583 618 842 798 0 891 177 572 399 813 784 546 681
object012 549 355 783 636 795 678 436 670 679 158 444 891 0 715 812 533 573 579 739 208
object013 348 389 344 294 172 382 518 434 492 675 680 177 715 0 400 288 651 682 343 470
object014 487 439 219 199 551 484 648 522 512 790 802 572 812 400 0 370 698 723 109 577
object015 200 206 320 244 408 142 351 220 310 546 479 399 533 288 370 0 435 506 335 349
object016 460 310 603 531 738 559 130 597 584 500 502 813 573 651 698 435 0 167 669 349
object017 522 322 658 594 748 618 207 616 656 579 581 784 579 682 723 506 167 0 702 392
object018 431 423 164 199 499 481 589 489 519 769 734 546 739 343 109 335 669 702 0 581
object019 364 236 584 497 641 462 277 538 474 281 127 681 208 470 577 349 349 392 581 0
