     20
object000 0 418 545 505 558 321 103 547 596 362 335 200 669 433 245 565 399 455 443 430
object001 418 0 321 116 166 510 438 347 210 510 527 442 275 573 292 367 624 608 567 663
object002 545 321 0 340 426 552 585 256 463 713 671 542 558 669 374 252 749 742 720 738
object003 505 116 340 0 120 596 534 429 105 626 589 506 177 627 327 412 729 705 745 677
object004 558 166 426 120 0 624 591 483 173 687 651 554 238 712 415 439 788 768 789 763
object005 321 510 552 596 624 0 264 578 692 369 362 83 739 346 298 607 420 414 434 429
object006 103 438 585 534 591 264 0 600 603 369 396 251 671 363 295 588 430 482 448 437
object007 547 347 256 429 483 578 600 0 538 689 683 559 640 719 460 153 751 780 780 715
object008 596 210 463 105 173 692 603 538 0 708 737 648 130 704 497 505 856 837 785 804
object009 362 510 713 626 687 369 369 689 708 0 308 339 828 156 383 731 420 401 415 427
object010 335 527 671 589 651 362 396 683 737 308 0 287 758 318 397 635 91 155 213 217
object011 200 442 542 506 554 83 251 559 648 339 287 0 671 318 306 528 366 394 406 333
object012 669 275 558 177 238 739 671 640 130 828 758 671 0 869 561 567 913 936 840 892
object013 433 573 669 627 712 346 363 719 704 156 318 318 869 0 442 721 389 470 405 384
object014 245 292 374 327 415 298 295 460 497 383 397 306 561 442 0 436 452 495 474 459
object015 565 367 252 412 439 607 588 153 505 731 635 528 567 721 436 0 796 793 744 744
object016 399 624 749 729 788 420 430 751 856 420 91 366 913 389 452 796 0 45 277 340
object017 455 608 742 705 768 414 482 780 837 401 155 394 936 470 495 793 45 0 360 345
object018 443 567 720 745 789 434 448 780 785 415 213 406 840 405 474 744 277 360 0 263
object019 430 663 738 677 763 429 437 715 804 427 217 333 892 384 459 744 340 345 263 0
