0 159 455 522 353 383 520 269 350 409 485 435 475 130 464 329 518 557 420 551
159 0 342 409 240 270 407 156 237 296 372 322 362 201 351 216 405 444 307 438
455 342 0 125 336 366 503 232 333 210 468 418 458 497 447 312 501 540 403 534
522 409 125 0 403 433 570 299 400 277 535 485 525 564 514 379 568 607 470 601
353 240 336 403 0 256 393 150 153 290 288 238 212 395 201 62 255 294 223 424
383 270 366 433 256 0 183 180 253 320 388 338 378 425 367 232 421 460 323 214
520 407 503 570 393 183 0 317 390 457 525 475 515 562 504 369 558 597 460 163
269 156 232 299 150 180 317 0 147 186 282 232 272 311 261 126 315 354 217 348
350 237 333 400 153 253 390 147 0 287 275 225 275 392 264 129 318 357 210 421
409 296 210 277 290 320 457 186 287 0 422 372 412 451 401 266 455 494 357 488
485 372 468 535 288 388 525 282 275 422 0 146 410 527 399 264 453 492 237 556
435 322 418 485 238 338 475 232 225 372 146 0 360 477 349 214 403 442 187 506
475 362 458 525 212 378 515 272 275 412 410 360 0 517 149 188 203 242 345 546
130 201 497 564 395 425 562 311 392 451 527 477 517 0 506 371 560 599 462 593
464 351 447 514 201 367 504 261 264 401 399 349 149 506 0 177 70 109 334 535
329 216 312 379 62 232 369 126 129 266 264 214 188 371 177 0 231 270 199 400
518 405 501 568 255 421 558 315 318 455 453 403 203 560 70 231 0 147 388 589
557 444 540 607 294 460 597 354 357 494 492 442 242 599 109 270 147 0 427 628
420 307 403 470 223 323 460 217 210 357 237 187 345 462 334 199 388 427 0 491
551 438 534 601 424 214 163 348 421 488 556 506 546 593 535 400 589 628 491 0
