0 462 419 336 385 559 515 583 518 488 485 651 578 434 228 327 543 400 489 386
462 0 516 270 565 243 191 524 395 394 303 527 439 315 518 445 451 604 152 582
419 516 0 499 321 650 615 717 610 594 567 747 701 528 461 61 646 275 563 314
336 270 499 0 480 367 325 323 266 290 162 391 334 185 452 436 250 461 261 484
385 565 321 480 0 638 587 677 575 568 565 704 638 555 446 263 597 198 575 127
559 243 650 367 638 0 193 567 522 466 470 624 565 407 658 598 499 627 297 638
515 191 615 325 587 193 0 578 472 453 395 583 542 398 580 540 504 606 195 588
583 524 717 323 677 567 578 0 129 481 401 443 354 320 662 677 323 724 523 679
518 395 610 266 575 522 472 129 0 399 324 332 259 313 610 562 246 573 487 606
488 394 594 290 568 466 453 481 399 0 28 535 449 177 541 542 416 587 437 612
485 303 567 162 565 470 395 401 324 28 0 513 387 113 535 509 391 575 434 553
651 527 747 391 704 624 583 443 332 535 513 0 133 422 737 754 306 705 604 727
578 439 701 334 638 565 542 354 259 449 387 133 0 390 675 668 245 673 558 637
434 315 528 185 555 407 398 320 313 177 113 422 390 0 465 492 295 519 329 510
228 518 461 452 446 658 580 662 610 541 535 737 675 465 0 431 602 485 567 429
327 445 61 436 263 598 540 677 562 542 509 754 668 492 431 0 586 244 527 244
543 451 646 250 597 499 504 323 246 416 391 306 245 295 602 586 0 643 445 612
400 604 275 461 198 627 606 724 573 587 575 705 673 519 485 244 643 0 604 261
489 152 563 261 575 297 195 523 487 437 434 604 558 329 567 527 445 604 0 566
386 582 314 484 127 638 588 679 606 612 553 727 637 510 429 244 612 261 566 0
