0 372 448 513 62 444 123 322 496 277 506 467 514 525 440 571 498 620 332 417
372 0 311 299 462 644 512 148 237 463 391 687 735 386 152 734 754 818 247 140
448 311 0 174 557 696 514 293 434 546 207 690 781 208 299 768 845 948 118 371
513 299 174 0 520 682 541 317 470 533 72 751 833 112 360 833 789 961 115 365
62 462 557 520 0 445 66 488 517 359 593 522 593 564 495 557 621 675 406 478
444 644 696 682 445 0 532 613 750 322 761 384 409 735 612 428 312 559 573 642
123 512 514 541 66 532 0 472 614 443 645 532 616 630 569 681 637 720 475 521
322 148 293 317 488 613 472 0 197 476 417 667 717 352 112 709 737 879 193 151
496 237 434 470 517 750 614 197 0 566 504 746 809 451 280 861 846 962 302 275
277 463 546 533 359 322 443 476 566 0 594 370 406 621 494 449 397 530 472 489
506 391 207 72 593 761 645 417 504 594 0 755 838 89 387 802 856 972 178 361
467 687 690 751 522 384 532 667 746 370 755 0 289 742 691 213 437 402 617 680
514 735 781 833 593 409 616 717 809 406 838 289 0 851 740 347 557 202 700 756
525 386 208 112 564 735 630 352 451 621 89 742 851 0 362 819 815 924 131 413
440 152 299 360 495 612 569 112 280 494 387 691 740 362 0 746 739 859 228 62
571 734 768 833 557 428 681 709 861 449 802 213 347 819 746 0 557 451 681 709
498 754 845 789 621 312 637 737 846 397 856 437 557 815 739 557 0 666 714 729
620 818 948 961 675 559 720 879 962 530 972 402 202 924 859 451 666 0 807 830
332 247 118 115 406 573 475 193 302 472 178 617 700 131 228 681 714 807 0 211
417 140 371 365 478 642 521 151 275 489 361 680 756 413 62 709 729 830 211 0
