0 547 555 659 556 370 377 331 711 136 663 198 664 626 605 415 562 586 609 652
547 0 356 460 179 407 334 368 512 525 464 419 465 427 406 372 363 387 410 275
555 356 0 246 365 415 342 376 298 533 250 427 237 199 178 380 135 283 306 461
659 460 246 0 469 519 446 480 208 637 160 531 355 317 296 484 253 387 410 565
556 179 365 469 0 416 343 377 521 534 473 428 474 436 415 381 372 396 419 176
370 407 415 519 416 0 237 49 571 348 523 242 524 486 465 275 422 446 469 512
377 334 342 446 343 237 0 198 498 355 450 249 451 413 392 120 349 373 396 439
331 368 376 480 377 49 198 0 532 309 484 203 485 447 426 236 383 407 430 473
711 512 298 208 521 571 498 532 0 689 80 583 407 369 348 536 305 439 462 617
136 525 533 637 534 348 355 309 689 0 641 176 642 604 583 393 540 564 587 630
663 464 250 160 473 523 450 484 80 641 0 535 359 321 300 488 257 391 414 569
198 419 427 531 428 242 249 203 583 176 535 0 536 498 477 287 434 458 481 524
664 465 237 355 474 524 451 485 407 642 359 536 0 280 259 489 106 392 415 570
626 427 199 317 436 486 413 447 369 604 321 498 280 0 93 451 178 354 377 532
605 406 178 296 415 465 392 426 348 583 300 477 259 93 0 430 157 333 356 511
415 372 380 484 381 275 120 236 536 393 488 287 489 451 430 0 387 411 434 477
562 363 135 253 372 422 349 383 305 540 257 434 106 178 157 387 0 290 313 468
586 387 283 387 396 446 373 407 439 564 391 458 392 354 333 411 290 0 169 492
609 410 306 410 419 469 396 430 462 587 414 481 415 377 356 434 313 169 0 515
652 275 461 565 176 512 439 473 617 630 569 524 570 532 511 477 468 492 515 0
