0 174 489 180 585 307 340 491 368 321 560 524 567 423 478 209 326 301 573 496
174 0 467 74 563 285 318 469 346 299 538 502 545 401 456 331 272 247 551 474
489 467 0 473 174 420 453 394 481 434 463 187 156 326 495 646 619 594 236 399
180 74 473 0 569 291 324 475 352 305 544 508 551 407 462 337 278 253 557 480
585 563 174 569 0 516 549 490 577 530 559 283 36 422 591 742 715 690 332 495
307 285 420 291 516 0 91 422 73 52 491 455 498 354 409 464 437 412 504 427
340 318 453 324 549 91 0 455 152 105 524 488 531 387 442 497 470 445 537 460
491 469 394 475 490 422 455 0 483 436 167 429 472 148 497 648 621 596 478 103
368 346 481 352 577 73 152 483 0 113 552 516 559 415 470 525 498 473 565 488
321 299 434 305 530 52 105 436 113 0 505 469 512 368 423 478 451 426 518 441
560 538 463 544 559 491 524 167 552 505 0 498 541 217 566 717 690 665 547 100
524 502 187 508 283 455 488 429 516 469 498 0 265 361 530 681 654 629 227 434
567 545 156 551 36 498 531 472 559 512 541 265 0 404 573 724 697 672 314 477
423 401 326 407 422 354 387 148 415 368 217 361 404 0 429 580 553 528 410 153
478 456 495 462 591 409 442 497 470 423 566 530 573 429 0 635 608 583 579 502
209 331 646 337 742 464 497 648 525 478 717 681 724 580 635 0 483 458 730 653
326 272 619 278 715 437 470 621 498 451 690 654 697 553 608 483 0 129 703 626
301 247 594 253 690 412 445 596 473 426 665 629 672 528 583 458 129 0 678 601
573 551 236 557 332 504 537 478 565 518 547 227 314 410 579 730 703 678 0 483
496 474 399 480 495 427 460 103 488 441 100 434 477 153 502 653 626 601 483 0
