0 252 282 428 353 430 465 183 328 387 479 450 274 411 374 377 413 367 297 392
252 0 242 388 313 390 425 241 116 347 439 410 234 469 432 337 471 327 257 450
282 242 0 192 117 418 453 271 318 213 467 438 100 499 462 203 501 193 61 480
428 388 192 0 107 564 599 417 464 359 613 584 246 645 608 349 647 339 149 626
353 313 117 107 0 489 524 342 389 284 538 509 171 570 533 274 572 264 74 551
430 390 418 564 489 0 77 419 466 523 111 278 410 647 610 513 649 503 433 628
465 425 453 599 524 77 0 454 501 558 146 313 445 682 645 548 684 538 468 663
183 241 271 417 342 419 454 0 317 376 468 439 263 244 207 366 246 356 286 225
328 116 318 464 389 466 501 317 0 423 515 486 310 545 508 413 547 403 333 526
387 347 213 359 284 523 558 376 423 0 572 543 151 604 567 82 606 244 228 585
479 439 467 613 538 111 146 468 515 572 0 327 459 696 659 562 698 552 482 677
450 410 438 584 509 278 313 439 486 543 327 0 430 667 630 533 669 523 453 648
274 234 100 246 171 410 445 263 310 151 459 430 0 491 454 141 493 101 115 472
411 469 499 645 570 647 682 244 545 604 696 667 491 0 123 594 272 584 514 251
374 432 462 608 533 610 645 207 508 567 659 630 454 123 0 557 235 547 477 214
377 337 203 349 274 513 548 366 413 82 562 533 141 594 557 0 596 234 218 575
413 471 501 647 572 649 684 246 547 606 698 669 493 272 235 596 0 586 516 53
367 327 193 339 264 503 538 356 403 244 552 523 101 584 547 234 586 0 208 565
297 257 61 149 74 433 468 286 333 228 482 453 115 514 477 218 516 208 0 495
392 450 480 626 551 628 663 225 526 585 677 648 472 251 214 575 53 565 495 0
