0 575 337 119 434 436 559 409 332 290 417 432 485 460 318 278 373 585 271 224
575 0 748 546 367 369 128 170 743 717 476 491 544 519 729 689 432 154 682 651
337 748 0 308 607 609 732 582 423 479 590 605 658 633 409 145 546 758 246 413
119 546 308 0 405 407 530 380 303 251 388 403 456 431 289 249 344 556 242 185
434 367 607 405 0 114 351 201 602 576 335 350 403 378 588 548 291 377 541 510
436 369 609 407 114 0 353 203 604 578 337 352 405 380 590 550 293 379 543 512
559 128 732 530 351 353 0 154 727 701 460 475 528 503 713 673 416 106 666 635
409 170 582 380 201 203 154 0 577 551 310 325 378 353 563 523 266 180 516 485
332 743 423 303 602 604 727 577 0 474 585 600 653 628 138 364 541 753 357 408
290 717 479 251 576 578 701 551 474 0 559 574 627 602 460 420 515 727 413 202
417 476 590 388 335 337 460 310 585 559 0 139 272 167 571 531 62 486 524 493
432 491 605 403 350 352 475 325 600 574 139 0 287 66 586 546 95 501 539 508
485 544 658 456 403 405 528 378 653 627 272 287 0 315 639 599 228 554 592 561
460 519 633 431 378 380 503 353 628 602 167 66 315 0 614 574 123 529 567 536
318 729 409 289 588 590 713 563 138 460 571 586 639 614 0 350 527 739 343 394
278 689 145 249 548 550 673 523 364 420 531 546 599 574 350 0 487 699 187 354
373 432 546 344 291 293 416 266 541 515 62 95 228 123 527 487 0 442 480 449
585 154 758 556 377 379 106 180 753 727 486 501 554 529 739 699 442 0 692 661
271 682 246 242 541 543 666 516 357 413 524 539 592 567 343 187 480 692 0 347
224 651 413 185 510 512 635 485 408 202 493 508 561 536 394 354 449 661 347 0
