0 215 274 346 277 230 220 194 414 289 306 232 253 414 404 332 296 420 510 538
215 0 445 517 448 261 391 161 585 320 477 263 284 585 575 363 327 591 681 709
274 445 0 296 265 460 208 424 364 519 294 462 483 284 274 562 526 370 380 408
346 517 296 0 337 532 280 496 262 591 366 534 555 436 426 634 598 268 532 560
277 448 265 337 0 463 93 427 405 522 85 465 486 405 395 565 529 411 501 529
230 261 460 532 463 0 406 240 600 127 492 70 257 600 590 336 300 606 696 724
220 391 208 280 93 406 0 370 348 465 122 408 429 348 338 508 472 354 444 472
194 161 424 496 427 240 370 0 564 299 456 242 263 564 554 342 306 570 660 688
414 585 364 262 405 600 348 564 0 659 434 602 623 504 494 702 666 204 600 628
289 320 519 591 522 127 465 299 659 0 551 79 316 659 649 395 359 665 755 783
306 477 294 366 85 492 122 456 434 551 0 494 515 434 424 594 558 440 530 558
232 263 462 534 465 70 408 242 602 79 494 0 259 602 592 338 302 608 698 726
253 284 483 555 486 257 429 263 623 316 515 259 0 623 613 97 61 629 719 747
414 585 284 436 405 600 348 564 504 659 434 602 623 0 256 702 666 510 362 390
404 575 274 426 395 590 338 554 494 649 424 592 613 256 0 692 656 500 230 258
332 363 562 634 565 336 508 342 702 395 594 338 97 702 692 0 122 708 798 826
296 327 526 598 529 300 472 306 666 359 558 302 61 666 656 122 0 672 762 790
420 591 370 268 411 606 354 570 204 665 440 608 629 510 500 708 672 0 606 634
510 681 380 532 501 696 444 660 600 755 530 698 719 362 230 798 762 606 0 268
538 709 408 560 529 724 472 688 628 783 558 726 747 390 258 826 790 634 268 0
