0 534 323 522 309 505 363 563 451 450 126 314 521 467 338 321 445 648 403 356
534 0 538 91 555 376 163 235 313 256 510 450 195 570 329 501 575 407 657 584
323 538 0 560 320 487 310 556 418 399 373 56 516 144 341 360 101 588 210 397
522 91 560 0 616 382 236 285 307 262 531 463 230 613 334 541 573 412 673 640
309 555 320 616 0 521 353 587 543 395 345 309 583 431 389 152 443 654 449 125
505 376 487 382 521 0 169 372 27 115 529 499 319 533 276 561 568 437 601 584
363 163 310 236 353 169 0 241 152 82 336 280 140 423 196 375 396 264 430 424
563 235 556 285 587 372 241 0 389 309 583 504 113 628 373 623 652 471 631 645
451 313 418 307 543 27 152 389 0 75 483 434 293 550 224 449 515 377 535 570
450 256 399 262 395 115 82 309 75 0 400 374 196 497 186 393 472 334 521 483
126 510 373 531 345 529 336 583 483 400 0 288 543 458 433 319 444 632 445 339
314 450 56 463 309 499 280 504 434 374 288 0 456 176 330 307 177 580 162 384
521 195 516 230 583 319 140 113 293 196 543 456 0 600 314 583 589 436 613 590
467 570 144 613 431 533 423 628 550 497 458 176 600 0 460 399 119 681 303 527
338 329 341 334 389 276 196 373 224 186 433 330 314 460 0 341 404 380 426 376
321 501 360 541 152 561 375 623 449 393 319 307 583 399 341 0 409 581 452 191
445 575 101 573 443 568 396 652 515 472 444 177 589 119 404 409 0 695 304 444
648 407 588 412 654 437 264 471 377 334 632 580 436 681 380 581 695 0 678 644
403 657 210 673 449 601 430 631 535 521 445 162 613 303 426 452 304 678 0 542
356 584 397 640 125 584 424 645 570 483 339 384 590 527 376 191 444 644 542 0
