0 272 283 458 486 433 446 130 208 347 389 252 379 210 313 403 295 312 353 427
272 0 319 412 537 471 514 273 134 389 429 422 390 395 447 395 480 357 346 466
283 319 0 194 256 386 344 296 289 177 346 487 154 480 466 183 503 136 260 138
458 412 194 0 101 497 521 515 472 303 405 664 326 597 685 325 662 281 383 190
486 537 256 101 0 512 532 490 482 306 514 601 329 637 709 330 679 267 440 210
433 471 386 497 512 0 79 473 456 452 185 665 422 652 666 449 710 375 279 492
446 514 344 521 532 79 0 496 488 447 148 627 464 646 641 444 687 337 231 505
130 273 296 515 490 473 496 0 276 369 409 188 349 239 264 438 247 315 386 456
208 134 289 472 482 456 488 276 0 373 378 392 349 393 433 382 465 347 386 442
347 389 177 303 306 452 447 369 373 0 377 529 203 561 533 135 589 156 349 288
389 429 346 405 514 185 148 409 378 377 0 571 373 538 654 403 639 340 195 455
252 422 487 664 601 665 627 188 392 529 571 0 542 136 147 527 182 516 524 602
379 390 154 326 329 422 464 349 349 203 373 542 0 558 583 226 571 118 319 291
210 395 480 597 637 652 646 239 393 561 538 136 558 0 151 622 175 489 545 602
313 447 466 685 709 666 641 264 433 533 654 147 583 151 0 590 43 580 565 619
403 395 183 325 330 449 444 438 382 135 403 527 226 622 590 0 602 188 330 324
295 480 503 662 679 710 687 247 465 589 639 182 571 175 43 602 0 564 530 664
312 357 136 281 267 375 337 315 347 156 340 516 118 489 580 188 564 0 300 251
353 346 260 383 440 279 231 386 386 349 195 524 319 545 565 330 530 300 0 419
427 466 138 190 210 492 505 456 442 288 455 602 291 602 619 324 664 251 419 0
