0 273 130 308 381 325 438 449 380 290 391 279 268 407 283 470 463 382 453 436
273 0 317 315 388 332 261 456 387 273 398 102 91 414 266 477 650 569 276 623
130 317 0 352 425 369 482 493 424 334 435 323 312 451 327 514 393 312 497 366
308 315 352 0 257 201 480 157 280 332 291 321 310 115 325 178 685 604 495 658
381 388 425 257 0 122 553 398 353 405 364 394 383 356 398 419 758 677 568 731
325 332 369 201 122 0 497 342 297 349 308 338 327 300 342 363 702 621 512 675
438 261 482 480 553 497 0 621 552 438 563 167 210 579 431 642 815 734 151 788
449 456 493 157 398 342 621 0 421 473 432 462 451 118 466 181 826 745 636 799
380 387 424 280 353 297 552 421 0 404 179 393 382 379 397 442 757 676 567 730
290 273 334 332 405 349 438 473 404 0 415 279 268 431 139 494 667 586 453 640
391 398 435 291 364 308 563 432 179 415 0 404 393 390 408 453 768 687 578 741
279 102 323 321 394 338 167 462 393 279 404 0 51 420 272 483 656 575 182 629
268 91 312 310 383 327 210 451 382 268 393 51 0 409 261 472 645 564 225 618
407 414 451 115 356 300 579 118 379 431 390 420 409 0 424 99 784 703 594 757
283 266 327 325 398 342 431 466 397 139 408 272 261 424 0 487 660 579 446 633
470 477 514 178 419 363 642 181 442 494 453 483 472 99 487 0 847 766 657 820
463 650 393 685 758 702 815 826 757 667 768 656 645 784 660 847 0 207 830 155
382 569 312 604 677 621 734 745 676 586 687 575 564 703 579 766 207 0 749 180
453 276 497 495 568 512 151 636 567 453 578 182 225 594 446 657 830 749 0 803
436 623 366 658 731 675 788 799 730 640 741 629 618 757 633 820 155 180 803 0
