0 152 311 61 402 371 408 213 461 271 490 403 40 465 376 399 128 396 339 357
152 0 193 207 284 253 290 359 343 417 372 549 186 611 522 545 274 542 485 239
311 193 0 366 151 222 259 518 312 576 341 708 345 770 681 704 433 701 644 208
61 207 366 0 457 426 463 242 516 300 545 432 57 494 405 428 157 425 368 412
402 284 151 457 0 313 350 609 403 667 432 799 436 861 772 795 524 792 735 299
371 253 222 426 313 0 233 578 286 636 315 768 405 830 741 764 493 761 704 138
408 290 259 463 350 233 0 615 167 673 196 805 442 867 778 801 530 798 741 219
213 359 518 242 609 578 615 0 668 360 697 492 221 554 465 488 95 485 428 564
461 343 312 516 403 286 167 668 0 726 155 858 495 920 831 854 583 851 794 272
271 417 576 300 667 636 673 360 726 0 755 356 279 418 329 352 275 349 292 622
490 372 341 545 432 315 196 697 155 755 0 887 524 949 860 883 612 880 823 301
403 549 708 432 799 768 805 492 858 356 887 0 411 136 387 266 407 407 206 754
40 186 345 57 436 405 442 221 495 279 524 411 0 473 384 407 136 404 347 391
465 611 770 494 861 830 867 554 920 418 949 136 473 0 449 328 469 469 268 816
376 522 681 405 772 741 778 465 831 329 860 387 384 449 0 383 380 284 323 727
399 545 704 428 795 764 801 488 854 352 883 266 407 328 383 0 403 403 68 750
128 274 433 157 524 493 530 95 583 275 612 407 136 469 380 403 0 400 343 479
396 542 701 425 792 761 798 485 851 349 880 407 404 469 284 403 400 0 343 747
339 485 644 368 735 704 741 428 794 292 823 206 347 268 323 68 343 343 0 690
357 239 208 412 299 138 219 564 272 622 301 754 391 816 727 750 479 747 690 0
