0 348 380 408 192 481 329 499 612 280 493 568 586 501 515 529 589 541 240 490
348 0 218 293 323 442 462 153 280 324 307 486 571 407 226 543 597 548 106 228
380 218 0 174 381 522 514 366 461 309 166 532 585 209 432 576 608 580 111 419
408 293 174 0 505 573 595 508 593 415 173 652 672 178 526 684 692 657 244 490
192 323 381 505 0 557 180 530 652 382 537 617 614 592 577 590 692 649 307 574
481 442 522 573 557 0 621 622 688 326 568 345 456 641 639 400 262 390 428 624
329 462 514 595 180 621 0 677 681 462 633 680 705 663 691 686 728 732 446 617
499 153 366 508 530 622 677 0 217 500 465 720 710 536 236 699 761 662 272 152
612 280 461 593 652 688 681 217 0 559 555 788 793 634 296 799 831 814 396 292
280 324 309 415 382 326 462 500 559 0 456 359 370 465 493 326 379 441 268 465
493 307 166 173 537 568 633 465 555 456 0 690 698 140 514 741 725 654 198 524
568 486 532 652 617 345 680 720 788 359 690 0 350 726 711 154 534 357 489 677
586 571 585 672 614 456 705 710 793 370 698 350 0 747 728 343 547 88 491 734
501 407 209 178 592 641 663 536 634 465 140 726 747 0 570 777 799 741 264 497
515 226 432 526 577 639 691 236 296 493 514 711 728 570 0 720 752 752 300 43
529 543 576 684 590 400 686 699 799 326 741 154 343 777 720 0 503 344 464 699
589 597 608 692 692 262 728 761 831 379 725 534 547 799 752 503 0 531 579 745
541 548 580 657 649 390 732 662 814 441 654 357 88 741 752 344 531 0 505 729
240 106 111 244 307 428 446 272 396 268 198 489 491 264 300 464 579 505 0 301
490 228 419 490 574 624 617 152 292 465 524 677 734 497 43 699 745 729 301 0
