0 162 285 210 263 371 395 248 488 362 443 442 239 435 444 514 248 540 371 383
162 0 218 232 205 297 255 318 298 374 335 443 280 409 536 521 266 562 309 294
285 218 0 293 141 316 307 409 335 467 357 575 379 506 558 632 391 660 491 313
210 232 293 0 289 415 385 286 477 324 460 411 40 416 443 485 227 525 338 406
263 205 141 289 0 302 313 394 365 397 345 541 334 487 524 594 331 627 459 370
371 297 316 415 302 0 194 518 297 562 292 615 430 614 681 678 421 770 557 175
395 255 307 385 313 194 0 480 155 491 155 603 415 612 649 671 432 675 576 255
248 318 409 286 394 518 480 0 501 224 514 324 292 302 324 366 82 399 175 467
488 298 335 477 365 297 155 501 0 569 50 667 492 663 715 736 508 805 581 319
362 374 467 324 397 562 491 224 569 0 604 244 312 213 272 323 221 310 182 528
443 335 357 460 345 292 155 514 50 604 0 666 474 691 705 743 478 799 571 325
442 443 575 411 541 615 603 324 667 244 666 0 427 49 314 303 310 421 161 635
239 280 379 40 334 430 415 292 492 312 474 427 0 447 474 561 272 555 396 487
435 409 506 416 487 614 612 302 663 213 691 49 447 0 311 313 267 365 107 614
444 536 558 443 524 681 649 324 715 272 705 314 474 311 0 412 346 330 237 610
514 521 632 485 594 678 671 366 736 323 743 303 561 313 412 0 374 510 192 779
248 266 391 227 331 421 432 82 508 221 478 310 272 267 346 374 0 402 226 467
540 562 660 525 627 770 675 399 805 310 799 421 555 365 330 510 402 0 278 783
371 309 491 338 459 557 576 175 581 182 571 161 396 107 237 192 226 278 0 558
383 294 313 406 370 175 255 467 319 528 325 635 487 614 610 779 467 783 558 0
