0 373 207 183 312 294 412 470 396 476 410 373 487 543 211 467 426 381 485 432
373 0 482 458 587 569 155 345 671 351 285 248 362 418 166 342 169 656 360 175
207 482 0 250 229 361 521 579 463 585 519 482 596 652 320 576 535 448 594 541
183 458 250 0 355 185 497 555 287 561 495 458 572 628 296 552 511 272 570 517
312 587 229 355 0 466 626 684 568 690 624 587 701 757 425 681 640 553 699 646
294 569 361 185 466 0 608 666 268 672 606 569 683 739 407 663 622 253 681 628
412 155 521 497 626 608 0 384 710 390 324 287 401 457 205 381 142 695 399 148
470 345 579 555 684 666 384 0 768 326 138 295 409 393 263 389 398 753 151 404
396 671 463 287 568 268 710 768 0 774 708 671 785 841 509 765 724 163 783 730
476 351 585 561 690 672 390 326 774 0 266 301 415 211 269 395 404 759 341 410
410 285 519 495 624 606 324 138 708 266 0 235 349 333 203 329 338 693 153 344
373 248 482 458 587 569 287 295 671 301 235 0 178 368 166 158 301 656 310 307
487 362 596 572 701 683 401 409 785 415 349 178 0 482 280 114 415 770 424 421
543 418 652 628 757 739 457 393 841 211 333 368 482 0 336 462 471 826 408 477
211 166 320 296 425 407 205 263 509 269 203 166 280 336 0 260 219 494 278 225
467 342 576 552 681 663 381 389 765 395 329 158 114 462 260 0 395 750 404 401
426 169 535 511 640 622 142 398 724 404 338 301 415 471 219 395 0 709 413 112
381 656 448 272 553 253 695 753 163 759 693 656 770 826 494 750 709 0 768 715
485 360 594 570 699 681 399 151 783 341 153 310 424 408 278 404 413 768 0 419
432 175 541 517 646 628 148 404 730 410 344 307 421 477 225 401 112 715 419 0
