0 374 532 431 347 365 466 398 580 489 532 401 313 294 233 342 459 620 297 401
374 0 508 407 323 341 442 374 556 465 508 377 441 422 361 470 435 596 199 377
532 508 0 405 337 339 92 202 562 471 514 391 599 580 519 628 433 602 431 375
431 407 405 0 236 78 339 271 461 370 413 290 498 479 418 527 228 501 330 170
347 323 337 236 0 170 271 203 385 294 337 100 414 395 334 443 264 425 246 206
365 341 339 78 170 0 273 205 395 304 347 224 432 413 352 461 162 435 264 104
466 442 92 339 271 273 0 136 496 405 448 325 533 514 453 562 367 536 365 309
398 374 202 271 203 205 136 0 428 337 380 257 465 446 385 494 299 468 297 241
580 556 562 461 385 395 496 428 0 153 210 439 647 628 567 676 489 86 479 431
489 465 471 370 294 304 405 337 153 0 119 348 556 537 476 585 398 193 388 340
532 508 514 413 337 347 448 380 210 119 0 391 599 580 519 628 441 250 431 383
401 377 391 290 100 224 325 257 439 348 391 0 468 449 388 497 318 479 300 260
313 441 599 498 414 432 533 465 647 556 599 468 0 209 148 153 526 687 364 468
294 422 580 479 395 413 514 446 628 537 580 449 209 0 83 238 507 668 345 449
233 361 519 418 334 352 453 385 567 476 519 388 148 83 0 177 446 607 284 388
342 470 628 527 443 461 562 494 676 585 628 497 153 238 177 0 555 716 393 497
459 435 433 228 264 162 367 299 489 398 441 318 526 507 446 555 0 529 358 88
620 596 602 501 425 435 536 468 86 193 250 479 687 668 607 716 529 0 519 471
297 199 431 330 246 264 365 297 479 388 431 300 364 345 284 393 358 519 0 300
401 377 375 170 206 104 309 241 431 340 383 260 468 449 388 497 88 471 300 0
