0 374 366 151 495 271 149 499 443 480 460 546 130 509 484 397 118 215 502 621
374 0 314 449 257 381 447 447 391 590 112 656 428 271 246 507 446 513 450 569
366 314 0 441 435 373 439 215 159 582 400 648 420 449 424 499 438 505 284 403
151 449 441 0 570 346 172 574 518 555 535 621 153 584 559 472 223 238 577 696
495 257 435 570 0 502 568 568 512 711 343 777 549 186 161 628 567 634 571 690
271 381 373 346 502 0 344 506 450 405 467 471 325 516 491 322 343 410 509 628
149 447 439 172 568 344 0 572 516 553 533 619 85 582 557 470 221 170 575 694
499 447 215 574 568 506 572 0 136 715 533 781 553 582 557 632 571 638 417 536
443 391 159 518 512 450 516 136 0 659 477 725 497 526 501 576 515 582 361 480
480 590 582 555 711 405 553 715 659 0 676 108 534 725 700 151 552 619 718 837
460 112 400 535 343 467 533 533 477 676 0 742 514 357 332 593 532 599 536 655
546 656 648 621 777 471 619 781 725 108 742 0 600 791 766 217 618 685 784 903
130 428 420 153 549 325 85 553 497 534 514 600 0 563 538 451 202 103 556 675
509 271 449 584 186 516 582 582 526 725 357 791 563 0 45 642 581 648 585 704
484 246 424 559 161 491 557 557 501 700 332 766 538 45 0 617 556 623 560 679
397 507 499 472 628 322 470 632 576 151 593 217 451 642 617 0 469 536 635 754
118 446 438 223 567 343 221 571 515 552 532 618 202 581 556 469 0 287 574 693
215 513 505 238 634 410 170 638 582 619 599 685 103 648 623 536 287 0 641 760
502 450 284 577 571 509 575 417 361 718 536 784 556 585 560 635 574 641 0 161
621 569 403 696 690 628 694 536 480 837 655 903 675 704 679 754 693 760 161 0
