0 167 366 372 369 274 368 371 364 353 415 315 430 403 446 387 320 477 414 393
167 0 355 361 358 263 357 360 353 342 404 304 419 392 435 376 309 466 403 382
366 355 0 414 405 316 410 271 400 389 451 357 192 165 346 287 356 513 450 429
372 361 414 0 417 158 90 419 412 401 463 103 478 451 494 435 368 525 462 441
369 358 405 417 0 319 413 410 273 262 106 360 469 442 485 426 193 386 323 302
274 263 316 158 319 0 154 321 314 303 365 101 380 353 396 337 270 427 364 343
368 357 410 90 413 154 0 415 408 397 459 99 474 447 490 431 364 521 458 437
371 360 271 419 410 321 415 0 405 394 456 362 335 308 199 140 361 518 455 434
364 353 400 412 273 314 408 405 0 77 319 355 464 437 480 421 224 321 56 235
353 342 389 401 262 303 397 394 77 0 308 344 453 426 469 410 213 310 127 224
415 404 451 463 106 365 459 456 319 308 0 406 515 488 531 472 239 432 369 348
315 304 357 103 360 101 99 362 355 344 406 0 421 394 437 378 311 468 405 384
430 419 192 478 469 380 474 335 464 453 515 421 0 101 410 351 420 577 514 493
403 392 165 451 442 353 447 308 437 426 488 394 101 0 383 324 393 550 487 466
446 435 346 494 485 396 490 199 480 469 531 437 410 383 0 115 436 593 530 509
387 376 287 435 426 337 431 140 421 410 472 378 351 324 115 0 377 534 471 450
320 309 356 368 193 270 364 361 224 213 239 311 420 393 436 377 0 337 274 253
477 466 513 525 386 427 521 518 321 310 432 468 577 550 593 534 337 0 371 350
414 403 450 462 323 364 458 455 56 127 369 405 514 487 530 471 274 371 0 285
393 382 429 441 302 343 437 434 235 224 348 384 493 466 509 450 253 350 285 0
