0 215 156 473 443 554 443 621 382 431 520 505 607 634 179 402 438 245 508 647
215 0 175 468 438 549 438 616 377 426 515 500 602 629 230 397 433 102 503 642
156 175 0 433 403 514 403 581 342 391 480 465 567 594 171 362 398 205 468 607
473 468 433 0 156 665 202 732 493 196 631 616 718 745 488 513 355 498 619 758
443 438 403 156 0 635 172 702 463 166 601 586 688 715 458 483 325 468 589 728
554 549 514 665 635 0 635 75 232 623 170 213 253 280 569 382 630 579 488 297
443 438 403 202 172 635 0 702 463 166 601 586 688 715 458 483 325 468 589 728
621 616 581 732 702 75 702 0 299 690 237 280 320 347 636 449 697 646 555 364
382 377 342 493 463 232 463 299 0 451 198 183 285 312 397 210 458 407 316 325
431 426 391 196 166 623 166 690 451 0 589 574 676 703 446 471 313 456 577 716
520 515 480 631 601 170 601 237 198 589 0 179 223 250 535 348 596 545 454 133
505 500 465 616 586 213 586 280 183 574 179 0 266 293 520 333 581 530 439 306
607 602 567 718 688 253 688 320 285 676 223 266 0 255 622 435 683 632 541 350
634 629 594 745 715 280 715 347 312 703 250 293 255 0 649 462 710 659 568 377
179 230 171 488 458 569 458 636 397 446 535 520 622 649 0 417 453 260 523 662
402 397 362 513 483 382 483 449 210 471 348 333 435 462 417 0 478 427 176 475
438 433 398 355 325 630 325 697 458 313 596 581 683 710 453 478 0 463 584 723
245 102 205 498 468 579 468 646 407 456 545 530 632 659 260 427 463 0 533 672
508 503 468 619 589 488 589 555 316 577 454 439 541 568 523 176 584 533 0 581
647 642 607 758 728 297 728 364 325 716 133 306 350 377 662 475 723 672 581 0
