0 66 257 189 170 318 371 250 315 290 328 329 197 496 535 573 528 263 211 64
66 0 281 213 194 342 395 274 339 314 352 353 221 520 559 597 552 287 235 74
257 281 0 138 351 421 152 271 336 311 109 350 146 599 638 676 631 366 314 279
189 213 138 0 283 353 252 203 268 243 209 282 14 531 570 608 563 298 246 211
170 194 351 283 0 412 465 344 409 384 422 423 291 590 629 667 622 357 305 192
318 342 421 353 412 0 535 414 479 454 492 493 361 218 257 295 250 329 277 340
371 395 152 252 465 535 0 385 450 425 53 464 260 713 752 790 745 480 428 393
250 274 271 203 344 414 385 0 137 112 342 151 211 592 631 669 624 359 307 272
315 339 336 268 409 479 450 137 0 149 407 106 276 657 696 734 689 424 372 337
290 314 311 243 384 454 425 112 149 0 382 163 251 632 671 709 664 399 347 312
328 352 109 209 422 492 53 342 407 382 0 421 217 670 709 747 702 437 385 350
329 353 350 282 423 493 464 151 106 163 421 0 290 671 710 748 703 438 386 351
197 221 146 14 291 361 260 211 276 251 217 290 0 539 578 616 571 306 254 219
496 520 599 531 590 218 713 592 657 632 670 671 539 0 265 303 66 507 455 518
535 559 638 570 629 257 752 631 696 671 709 710 578 265 0 150 297 546 494 557
573 597 676 608 667 295 790 669 734 709 747 748 616 303 150 0 335 584 532 595
528 552 631 563 622 250 745 624 689 664 702 703 571 66 297 335 0 539 487 550
263 287 366 298 357 329 480 359 424 399 437 438 306 507 546 584 539 0 138 285
211 235 314 246 305 277 428 307 372 347 385 386 254 455 494 532 487 138 0 233
64 74 279 211 192 340 393 272 337 312 350 351 219 518 557 595 550 285 233 0
