0 382 476 569 749 292 289 519 289 181 546 423 619 625 314 391 523 517 331 417
382 0 505 570 711 277 345 255 359 344 290 155 601 561 276 397 490 274 318 384
476 505 0 307 538 453 469 650 484 468 727 582 89 64 361 453 152 648 335 168
569 570 307 0 357 520 587 754 557 539 815 597 443 430 437 561 376 733 389 142
749 711 538 357 0 751 774 866 698 727 941 791 621 625 632 708 515 890 587 304
292 277 453 520 751 0 141 472 283 184 515 381 558 592 222 344 507 512 311 357
289 345 469 587 774 141 0 505 306 280 550 445 567 597 310 338 499 527 381 350
519 255 650 754 866 472 505 0 487 439 70 129 745 755 484 545 721 84 483 586
289 359 484 557 698 283 306 487 0 272 484 408 532 519 52 75 461 542 239 358
181 344 468 539 727 184 280 439 272 0 498 387 540 580 222 341 490 476 306 362
546 290 727 815 941 515 550 70 484 498 0 148 801 795 508 553 714 106 519 593
423 155 582 597 791 381 445 129 408 387 148 0 614 650 297 425 614 128 416 490
619 601 89 443 621 558 567 745 532 540 801 614 0 99 506 583 291 756 386 224
625 561 64 430 625 592 597 755 519 580 795 650 99 0 510 575 281 756 391 232
314 276 361 437 632 222 310 484 52 222 508 297 506 510 0 150 400 447 272 328
391 397 453 561 708 344 338 545 75 341 553 425 583 575 150 0 494 541 326 373
523 490 152 376 515 507 499 721 461 490 714 614 291 281 400 494 0 701 321 160
517 274 648 733 890 512 527 84 542 476 106 128 756 756 447 541 701 0 462 588
331 318 335 389 587 311 381 483 239 306 519 416 386 391 272 326 321 462 0 222
417 384 168 142 304 357 350 586 358 362 593 490 224 232 328 373 160 588 222 0
