0 408 391 542 397 502 481 385 449 166 112 329 177 479 542 630 403 144 349 454
408 0 295 534 347 494 473 377 441 406 304 279 421 197 260 348 395 388 253 446
391 295 0 517 330 477 456 360 424 389 287 262 404 366 429 517 378 371 162 429
542 534 517 0 523 524 189 253 471 540 438 455 555 605 668 756 425 522 475 476
397 347 330 523 0 483 462 366 430 395 293 78 410 418 481 569 384 377 288 435
502 494 477 524 483 0 463 367 139 500 398 415 515 565 628 716 205 482 435 256
481 473 456 189 462 463 0 192 410 479 377 394 494 544 607 695 364 461 414 415
385 377 360 253 366 367 192 0 314 383 281 298 398 448 511 599 268 365 318 319
449 441 424 471 430 139 410 314 0 447 345 362 462 512 575 663 152 429 382 203
166 406 389 540 395 500 479 383 447 0 110 327 179 477 540 628 401 146 347 452
112 304 287 438 293 398 377 281 345 110 0 225 125 375 438 526 299 92 245 350
329 279 262 455 78 415 394 298 362 327 225 0 342 350 413 501 316 309 220 367
177 421 404 555 410 515 494 398 462 179 125 342 0 492 555 643 416 69 362 467
479 197 366 605 418 565 544 448 512 477 375 350 492 0 121 335 466 459 324 517
542 260 429 668 481 628 607 511 575 540 438 413 555 121 0 398 529 522 387 580
630 348 517 756 569 716 695 599 663 628 526 501 643 335 398 0 617 610 475 668
403 395 378 425 384 205 364 268 152 401 299 316 416 466 529 617 0 383 336 127
144 388 371 522 377 482 461 365 429 146 92 309 69 459 522 610 383 0 329 434
349 253 162 475 288 435 414 318 382 347 245 220 362 324 387 475 336 329 0 387
454 446 429 476 435 256 415 319 203 452 350 367 467 517 580 668 127 434 387 0
