0 297 518 222 135 546 373 328 220 270 327 102 471 179 344 480 578 572 544 331
297 0 503 408 305 432 319 83 341 402 102 345 298 390 583 270 385 506 572 590
518 503 0 516 515 133 182 509 550 621 485 534 700 597 791 617 787 66 132 753
222 408 516 0 76 478 443 371 245 255 343 256 572 311 480 541 676 626 644 497
135 305 515 76 0 479 366 334 194 303 348 215 506 314 427 498 583 633 612 453
546 432 133 478 479 0 131 442 484 558 497 512 644 538 724 557 745 161 181 699
373 319 182 443 366 131 0 371 440 503 327 435 546 483 643 556 671 207 317 593
328 83 509 371 334 442 371 0 404 450 171 389 353 430 559 309 387 573 542 649
220 341 550 245 194 484 440 404 0 105 404 315 565 325 504 556 699 633 671 518
270 402 621 255 303 558 503 450 105 0 459 357 646 417 517 631 707 671 701 572
327 102 485 343 348 497 327 171 404 459 0 398 252 469 607 220 305 546 583 647
102 345 534 256 215 512 435 389 315 357 398 0 549 192 350 572 619 614 683 396
471 298 700 572 506 644 546 353 565 646 252 549 0 619 766 144 350 745 803 826
179 390 597 311 314 538 483 430 325 417 469 192 619 0 185 592 688 709 739 220
344 583 791 480 427 724 643 559 504 517 607 350 766 185 0 738 895 826 897 85
480 270 617 541 498 557 556 309 556 631 220 572 144 592 738 0 333 685 782 764
578 385 787 676 583 745 671 387 699 707 305 619 350 688 895 333 0 815 870 890
572 506 66 626 633 161 207 573 633 671 546 614 745 709 826 685 815 0 67 831
544 572 132 644 612 181 317 542 671 701 583 683 803 739 897 782 870 67 0 881
331 590 753 497 453 699 593 649 518 572 647 396 826 220 85 764 890 831 881 0
