0 445 418 306 569 483 359 538 370 88 723 553 551 455 309 385 276 408 274 239
445 0 627 515 778 220 568 275 579 457 460 290 280 192 242 594 485 617 483 462
418 627 0 212 191 665 441 720 452 430 905 735 733 637 491 467 222 128 292 435
306 515 212 0 363 553 329 608 340 318 793 623 621 525 379 355 110 202 180 323
569 778 191 363 0 816 592 871 603 581 1056 886 884 788 642 618 373 279 443 586
483 220 665 553 816 0 606 113 617 495 428 258 326 86 280 632 523 655 521 500
359 568 441 329 592 606 0 661 201 371 846 676 674 578 432 216 299 431 297 376
538 275 720 608 871 113 661 0 672 550 483 313 381 141 335 687 578 710 576 555
370 579 452 340 603 617 201 672 0 382 857 687 685 589 443 171 310 442 308 387
88 457 430 318 581 495 371 550 382 0 735 565 563 467 321 397 288 420 286 251
723 460 905 793 1056 428 846 483 857 735 0 314 566 400 520 872 763 895 761 740
553 290 735 623 886 258 676 313 687 565 314 0 396 230 350 702 593 725 591 570
551 280 733 621 884 326 674 381 685 563 566 396 0 298 348 700 591 723 589 568
455 192 637 525 788 86 578 141 589 467 400 230 298 0 252 604 495 627 493 472
309 242 491 379 642 280 432 335 443 321 520 350 348 252 0 458 349 481 347 326
385 594 467 355 618 632 216 687 171 397 872 702 700 604 458 0 325 457 323 402
276 485 222 110 373 523 299 578 310 288 763 593 591 495 349 325 0 212 150 293
408 617 128 202 279 655 431 710 442 420 895 725 723 627 481 457 212 0 282 425
274 483 292 180 443 521 297 576 308 286 761 591 589 493 347 323 150 282 0 291
239 462 435 323 586 500 376 555 387 251 740 570 568 472 326 402 293 425 291 0
