0 147 266 151 138 210 168 351 123 197 441 264 480 226 291 468 161 168 113 311
147 0 436 318 394 374 281 601 282 298 578 426 619 403 394 643 136 276 266 523
266 436 0 486 496 403 392 458 385 414 553 139 227 307 353 262 422 421 371 446
151 318 486 0 142 324 238 517 336 289 585 354 601 361 393 618 312 211 180 518
138 394 496 142 0 337 372 566 301 374 613 440 620 405 463 678 359 224 221 506
210 374 403 324 337 0 237 555 24 190 570 376 591 364 414 630 387 342 313 466
168 281 392 238 372 237 0 515 196 263 503 388 548 336 391 519 344 269 302 455
351 601 458 517 566 555 515 0 470 477 311 419 623 284 466 626 544 570 500 280
123 282 385 336 301 24 196 470 0 168 495 304 541 371 350 604 309 316 242 449
197 298 414 289 374 190 263 477 168 0 565 320 597 343 359 569 367 334 272 449
441 578 553 585 613 570 503 311 495 565 0 472 724 266 552 752 624 612 573 180
264 426 139 354 440 376 388 419 304 320 472 0 318 233 305 323 386 370 367 371
480 619 227 601 620 591 548 623 541 597 724 318 0 459 498 112 667 634 597 584
226 403 307 361 405 364 336 284 371 343 266 233 459 0 291 454 399 396 333 180
291 394 353 393 463 414 391 466 350 359 552 305 498 291 0 566 452 447 430 449
468 643 262 618 678 630 519 626 604 569 752 323 112 454 566 0 603 604 595 621
161 136 422 312 359 387 344 544 309 367 624 386 667 399 452 603 0 286 285 525
168 276 421 211 224 342 269 570 316 334 612 370 634 396 447 604 286 0 48 482
113 266 371 180 221 313 302 500 242 272 573 367 597 333 430 595 285 48 0 479
311 523 446 518 506 466 455 280 449 449 180 371 584 180 449 621 525 482 479 0
