0 72 288 359 250 550 578 341 425 290 403 274 611 601 603 582 421 638 253 435
72 0 325 410 303 555 641 353 519 383 398 308 622 643 629 585 491 575 228 428
288 325 0 70 238 563 642 275 392 310 395 271 574 651 625 584 462 585 160 341
359 410 70 0 372 617 701 391 516 416 444 348 685 661 694 665 497 687 224 466
250 303 238 372 0 508 574 271 408 280 359 145 495 583 611 505 394 532 189 390
550 555 563 617 508 0 206 396 431 438 537 577 755 246 150 647 414 721 459 369
578 641 642 701 574 206 0 466 429 524 555 627 748 236 194 705 411 770 556 395
341 353 275 391 271 396 466 0 286 168 173 330 404 462 503 349 288 364 240 238
425 519 392 516 408 431 429 286 0 332 421 444 585 439 469 558 203 632 378 178
290 383 310 416 280 438 524 168 332 0 205 311 397 553 559 357 289 384 262 292
403 398 395 444 359 537 555 173 421 205 0 427 264 563 592 241 401 214 307 384
274 308 271 348 145 577 627 330 444 311 427 0 583 618 637 554 417 564 239 400
611 622 574 685 495 755 748 404 585 397 264 583 0 771 795 160 610 131 545 575
601 643 651 661 583 246 236 462 439 553 563 618 771 0 179 722 466 760 594 397
603 629 625 694 611 150 194 503 469 559 592 637 795 179 0 758 457 755 553 421
582 585 584 665 505 647 705 349 558 357 241 554 160 722 758 0 554 134 478 508
421 491 462 497 394 414 411 288 203 289 401 417 610 466 457 554 0 582 336 63
638 575 585 687 532 721 770 364 632 384 214 564 131 760 755 134 582 0 515 535
253 228 160 224 189 459 556 240 378 262 307 239 545 594 553 478 336 515 0 359
435 428 341 466 390 369 395 238 178 292 384 400 575 397 421 508 63 535 359 0
