     20
object000 0 277 253 429 407 470 390 402 553 526 467 362 644 454 136 380 486 365 331 409
object001 277 0 357 203 529 228 171 172 321 314 230 203 472 245 321 443 293 495 147 483
object002 253 357 0 392 248 492 429 444 579 584 478 477 665 448 269 192 524 275 401 307
object003 429 203 392 0 559 356 310 150 246 183 72 272 374 105 415 469 222 535 256 537
object004 407 529 248 559 0 589 569 560 688 685 573 523 777 602 400 348 633 189 488 146
object005 470 228 492 356 589 0 184 390 495 455 423 33 578 386 449 611 516 638 154 650
object006 390 171 429 310 569 184 0 337 415 441 333 118 507 313 371 505 352 503 101 552
object007 402 172 444 150 560 390 337 0 161 300 185 331 414 187 445 577 227 594 303 582
object008 553 321 579 246 688 495 415 161 0 393 299 427 459 296 564 630 280 692 413 673
object009 526 314 584 183 685 455 441 300 393 0 91 448 560 119 562 666 335 681 417 710
object010 467 230 478 72 573 423 333 185 299 91 0 358 431 54 478 549 262 606 278 603
object011 362 203 477 272 523 33 118 331 427 448 358 0 560 361 457 528 401 532 89 619
object012 644 472 665 374 777 578 507 414 459 560 431 560 0 421 644 769 235 803 504 821
object013 454 245 448 105 602 386 313 187 296 119 54 361 421 0 461 600 271 584 356 663
object014 136 321 269 415 400 449 371 445 564 562 478 457 644 461 0 356 498 397 405 396
object015 380 443 192 469 348 611 505 577 630 666 549 528 769 600 356 0 554 321 445 336
object016 486 293 524 222 633 516 352 227 280 335 262 401 235 271 498 554 0 599 321 636
object017 365 495 275 535 189 638 503 594 692 681 606 532 803 584 397 321 599 0 517 205
object018 331 147 401 256 488 154 101 303 413 417 278 89 504 356 405 445 321 517 0 526
object019 409 483 307 537 146 650 552 582 673 710 603 619 821 663 396 336 636 205 526 0
