0 195 294 210 286 384 358 262 421 342 422 431 247 414 442 506 244 539 354 392
195 0 195 231 187 285 259 283 322 363 323 452 268 435 463 527 265 560 375 293
294 195 0 330 176 326 300 382 363 462 364 551 367 534 562 626 364 659 474 334
210 231 330 0 322 420 394 256 457 336 458 425 51 408 436 500 238 533 348 428
286 187 176 322 0 318 292 374 355 454 356 543 359 526 554 618 356 651 466 326
384 285 326 420 318 0 242 472 305 552 306 641 457 624 652 716 454 749 564 184
358 259 300 394 292 242 0 446 141 526 142 615 431 598 626 690 428 723 538 250
262 283 382 256 374 472 446 0 509 222 510 311 293 294 322 386 38 419 234 480
421 322 363 457 355 305 141 509 0 589 19 678 494 661 689 753 491 786 601 313
342 363 462 336 454 552 526 222 589 0 590 229 373 212 240 304 204 337 152 560
422 323 364 458 356 306 142 510 19 590 0 679 495 662 690 754 492 787 602 314
431 452 551 425 543 641 615 311 678 229 679 0 462 31 317 307 293 414 155 649
247 268 367 51 359 457 431 293 494 373 495 462 0 445 473 537 275 570 385 465
414 435 534 408 526 624 598 294 661 212 662 31 445 0 300 290 276 397 138 632
442 463 562 436 554 652 626 322 689 240 690 317 473 300 0 392 304 291 240 660
506 527 626 500 618 716 690 386 753 304 754 307 537 290 392 0 368 489 178 724
244 265 364 238 356 454 428 38 491 204 492 293 275 276 304 368 0 401 216 462
539 560 659 533 651 749 723 419 786 337 787 414 570 397 291 489 401 0 337 757
354 375 474 348 466 564 538 234 601 152 602 155 385 138 240 178 216 337 0 572
392 293 334 428 326 184 250 480 313 560 314 649 465 632 660 724 462 757 572 0
