0 446 453 581 579 554 245 562 553 383 501 453 569 634 573 356 599 508 525 568
446 0 191 319 165 360 393 368 291 419 239 259 375 440 379 194 405 246 263 154
453 191 0 130 324 367 400 375 102 426 50 266 382 447 386 201 412 103 120 313
581 319 130 0 452 495 528 503 144 554 92 394 510 575 514 329 540 231 248 441
579 165 324 452 0 493 526 501 424 552 372 392 508 573 512 327 538 379 396 169
554 360 367 495 493 0 501 132 467 527 415 329 445 510 449 302 475 422 439 482
245 393 400 528 526 501 0 509 500 330 448 400 516 581 520 303 546 455 472 515
562 368 375 503 501 132 509 0 475 535 423 337 453 518 457 310 483 430 447 490
553 291 102 144 424 467 500 475 0 526 56 366 482 547 486 301 512 203 220 413
383 419 426 554 552 527 330 535 526 0 474 426 542 607 546 329 572 481 498 541
501 239 50 92 372 415 448 423 56 474 0 314 430 495 434 249 460 151 168 361
453 259 266 394 392 329 400 337 366 426 314 0 244 309 248 201 274 321 338 381
569 375 382 510 508 445 516 453 482 542 430 244 0 291 230 317 256 437 454 497
634 440 447 575 573 510 581 518 547 607 495 309 291 0 67 382 153 502 519 562
573 379 386 514 512 449 520 457 486 546 434 248 230 67 0 321 92 441 458 501
356 194 201 329 327 302 303 310 301 329 249 201 317 382 321 0 347 256 273 316
599 405 412 540 538 475 546 483 512 572 460 274 256 153 92 347 0 467 484 527
508 246 103 231 379 422 455 430 203 481 151 321 437 502 441 256 467 0 31 368
525 263 120 248 396 439 472 447 220 498 168 338 454 519 458 273 484 31 0 385
568 154 313 441 169 482 515 490 413 541 361 381 497 562 501 316 527 368 385 0
