     20
object000 0 490 614 233 480 543 491 416 414 330 495 599 488 523 425 406 523 424 319 350
object001 490 0 718 512 293 298 128 175 543 681 325 432 360 370 536 623 385 167 432 645
object002 614 718 0 592 700 715 656 599 462 723 656 690 665 632 453 233 714 650 310 702
object003 233 512 592 0 527 605 506 422 442 186 489 527 485 524 418 467 576 479 356 172
object004 480 293 700 527 0 170 284 188 556 627 333 428 380 410 490 605 413 277 402 665
object005 543 298 715 605 170 0 264 228 560 714 385 422 374 406 498 622 455 274 470 698
object006 491 128 656 506 284 264 0 157 517 631 284 426 316 344 465 549 369 -32 427 643
object007 416 175 599 422 188 228 157 0 466 603 228 302 264 297 467 484 289 149 392 577
object008 414 543 462 442 556 560 517 466 0 571 509 600 528 538 83 336 571 543 266 636
object009 330 681 723 186 627 714 631 603 571 0 561 686 696 665 589 578 736 589 492 192
object010 495 325 656 489 333 385 284 228 509 561 0 257 182 170 488 526 149 313 412 615
object011 599 432 690 527 428 422 426 302 600 686 257 0 320 132 563 615 323 357 513 686
object012 488 360 665 485 380 374 316 264 528 696 182 320 0 228 530 607 270 316 473 657
object013 523 370 632 524 410 406 344 297 538 665 170 132 228 0 539 621 272 353 482 657
object014 425 536 453 418 490 498 465 467 83 589 488 563 530 539 0 346 515 495 225 586
object015 406 623 233 467 605 622 549 484 336 578 526 615 607 621 346 0 638 531 205 625
object016 523 385 714 576 413 455 369 289 571 736 149 323 270 272 515 638 0 358 532 754
object017 424 167 650 479 277 274 -32 149 543 589 313 357 316 353 495 531 358 0 430 671
object018 319 432 310 356 402 470 427 392 266 492 412 513 473 482 225 205 532 430 0 487
object019 350 645 702 172 665 698 643 577 636 192 615 686 657 657 586 625 754 671 487 0
