0 182 377 327 330 319 391 416 346 354 399 293 428 381 400 392 304 448 412 440
182 0 348 371 324 272 359 345 372 372 418 302 391 396 417 398 283 472 408 405
377 348 0 411 374 339 399 294 416 362 452 379 172 143 312 263 366 516 438 447
327 371 411 0 391 127 74 413 417 467 465 96 514 461 454 416 332 520 473 458
330 324 374 391 0 306 428 422 276 269 138 403 432 461 489 419 175 403 310 294
319 272 339 127 306 0 192 345 330 267 353 130 421 362 394 383 250 404 349 352
391 359 399 74 428 192 0 417 445 341 477 109 457 453 485 405 385 532 457 429
416 345 294 413 422 345 417 0 468 390 446 373 331 330 235 154 344 539 451 404
346 372 416 417 276 330 445 468 0 65 313 341 476 387 462 447 267 285 70 227
354 372 362 467 269 267 341 390 65 0 304 334 476 418 478 426 200 299 156 274
399 418 452 465 138 353 477 446 313 304 0 398 537 456 584 433 252 397 396 314
293 302 379 96 403 130 109 373 341 334 398 0 416 377 468 361 323 468 397 391
428 391 172 514 432 421 457 331 476 476 537 416 0 42 407 350 422 571 511 525
381 396 143 461 461 362 453 330 387 418 456 377 42 0 346 362 376 547 485 446
400 417 312 454 489 394 485 235 462 478 584 468 407 346 0 136 421 576 567 516
392 398 263 416 419 383 405 154 447 426 433 361 350 362 136 0 398 545 479 457
304 283 366 332 175 250 385 344 267 200 252 323 422 376 421 398 0 368 272 245
448 472 516 520 403 404 532 539 285 299 397 468 571 547 576 545 368 0 358 367
412 408 438 473 310 349 457 451 70 156 396 397 511 485 567 479 272 358 0 231
440 405 447 458 294 352 429 404 227 274 314 391 525 446 516 457 245 367 231 0
