0 153 511 201 595 262 349 496 383 323 600 538 553 423 482 179 309 268 606 491
153 0 498 62 533 284 298 486 326 301 556 487 501 407 495 321 285 229 551 498
511 498 0 433 174 397 485 407 532 450 454 155 178 316 456 625 660 589 252 380
201 62 433 0 573 301 303 480 339 322 539 515 575 463 472 348 246 255 544 518
595 533 174 573 0 506 543 468 559 553 553 266 66 431 582 763 734 662 356 497
262 284 397 301 506 0 56 416 49 27 528 457 514 336 406 514 400 398 524 391
349 298 485 303 543 56 0 460 88 107 516 514 517 410 473 513 455 451 587 478
496 486 407 480 468 416 460 0 480 413 160 452 535 150 507 673 580 643 487 64
383 326 532 339 559 49 88 480 0 113 538 541 588 436 461 481 495 463 606 492
323 301 450 322 553 27 107 413 113 0 485 432 470 373 453 482 447 405 487 424
600 556 454 539 553 528 516 160 538 485 0 502 543 218 577 681 651 687 550 64
538 487 155 515 266 457 514 452 541 432 502 0 237 329 561 699 623 645 233 365
553 501 178 575 66 514 517 535 588 470 543 237 0 379 542 681 683 639 317 509
423 407 316 463 431 336 410 150 436 373 218 329 379 0 389 594 524 526 427 126
482 495 456 472 582 406 473 507 461 453 577 561 542 389 0 578 600 617 561 496
179 321 625 348 763 514 513 673 481 482 681 699 681 594 578 0 471 424 763 630
309 285 660 246 734 400 455 580 495 447 651 623 683 524 600 471 0 118 702 607
268 229 589 255 662 398 451 643 463 405 687 645 639 526 617 424 118 0 678 601
606 551 252 544 356 524 587 487 606 487 550 233 317 427 561 763 702 678 0 477
491 498 380 518 497 391 478 64 492 424 64 365 509 126 496 630 607 601 477 0
