0 73 287 441 400 572 578 380 488 746 427 332 510 780 384 333 731 793 284 293
73 0 330 374 376 564 549 385 471 801 449 368 511 711 346 361 696 773 263 261
287 330 0 475 492 640 632 484 529 856 551 422 651 833 135 158 755 831 277 63
441 374 475 0 361 519 460 -18 378 408 444 398 153 410 510 519 354 373 433 431
400 376 492 361 0 559 552 382 483 727 458 217 544 780 474 426 641 723 416 389
572 564 640 519 559 0 140 479 406 822 388 554 588 837 638 620 735 828 610 606
578 549 632 460 552 140 0 472 417 822 365 465 578 856 707 626 764 780 626 546
380 385 484 -18 382 479 472 0 391 376 355 379 190 433 425 481 344 404 427 412
488 471 529 378 483 406 417 391 0 751 126 458 485 765 586 615 722 763 542 565
746 801 856 408 727 822 822 376 751 0 756 751 316 365 831 847 86 294 815 825
427 449 551 444 458 388 365 355 126 756 0 400 504 723 576 539 682 741 460 481
332 368 422 398 217 554 465 379 458 751 400 0 492 690 455 451 678 702 369 342
510 511 651 153 544 588 578 190 485 316 504 492 0 331 632 586 266 302 548 556
780 711 833 410 780 837 856 433 765 365 723 690 331 0 886 865 232 160 765 802
384 346 135 510 474 638 707 425 586 831 576 455 632 886 0 64 802 836 266 91
333 361 158 519 426 620 626 481 615 847 539 451 586 865 64 0 733 809 240 71
731 696 755 354 641 735 764 344 722 86 682 678 266 232 802 733 0 235 667 749
793 773 831 373 723 828 780 404 763 294 741 702 302 160 836 809 235 0 779 775
284 263 277 433 416 610 626 427 542 815 460 369 548 765 266 240 667 779 0 168
293 261 63 431 389 606 546 412 565 825 481 342 556 802 91 71 749 775 168 0
