0 173 222 364 134 278 390 380 401 518 405 151 398 238 325 304 386 455 416 370
173 0 187 329 235 263 355 345 366 483 370 80 363 167 290 289 351 420 381 335
222 187 0 214 284 312 240 230 183 368 255 165 180 252 107 338 168 305 266 152
364 329 214 0 426 454 246 236 393 182 261 307 390 394 317 480 378 311 272 362
134 235 284 426 0 340 452 442 463 580 467 213 460 300 387 366 448 517 478 432
278 263 312 454 340 0 480 470 491 608 495 241 488 328 415 202 476 545 506 460
390 355 240 246 452 480 0 156 419 400 159 333 416 420 343 506 404 231 192 388
380 345 230 236 442 470 156 0 409 390 171 323 406 410 333 496 394 173 134 378
401 366 183 393 463 491 419 409 0 547 434 344 347 431 96 517 157 484 445 319
518 483 368 182 580 608 400 390 547 0 415 461 544 548 471 634 532 465 426 516
405 370 255 261 467 495 159 171 434 415 0 348 431 435 358 521 419 246 207 403
151 80 165 307 213 241 333 323 344 461 348 0 341 101 268 267 329 398 359 313
398 363 180 390 460 488 416 406 347 544 431 341 0 428 271 514 332 481 442 92
238 167 252 394 300 328 420 410 431 548 435 101 428 0 355 354 416 485 446 400
325 290 107 317 387 415 343 333 96 471 358 268 271 355 0 441 63 408 369 243
304 289 338 480 366 202 506 496 517 634 521 267 514 354 441 0 502 571 532 486
386 351 168 378 448 476 404 394 157 532 419 329 332 416 63 502 0 469 430 304
455 420 305 311 517 545 231 173 484 465 246 398 481 485 408 571 469 0 187 453
416 381 266 272 478 506 192 134 445 426 207 359 442 446 369 532 430 187 0 414
370 335 152 362 432 460 388 378 319 516 403 313 92 400 243 486 304 453 414 0
