     20
object000 0 371 166 462 380 165 494 434 292 239 408 471 150 306 345 293 416 122 247 331
object001 371 0 426 479 283 544 500 245 573 491 276 513 480 338 360 582 461 448 518 361
object002 166 426 0 517 514 150 593 543 257 193 526 562 202 416 434 236 447 132 134 417
object003 462 479 517 0 548 535 192 459 637 566 486 199 560 393 165 665 447 499 592 372
object004 380 283 514 548 0 496 582 134 660 544 45 556 535 421 413 619 459 477 592 360
object005 165 544 150 535 496 0 600 532 156 214 486 609 214 397 483 300 504 153 261 447
object006 494 500 593 192 582 600 0 620 638 610 587 102 615 423 217 665 470 502 630 366
object007 434 245 543 459 134 532 620 0 598 572 103 575 508 392 387 635 510 508 563 411
object008 292 573 257 637 660 156 638 598 0 288 630 650 261 521 528 327 608 223 350 533
object009 239 491 193 566 544 214 610 572 288 0 547 615 56 446 463 204 515 70 295 496
object010 408 276 526 486 45 486 587 103 630 547 0 555 589 411 406 549 442 508 604 418
object011 471 513 562 199 556 609 102 575 650 615 555 0 595 350 208 676 448 538 642 351
object012 150 480 202 560 535 214 615 508 261 56 589 595 0 457 455 162 549 75 242 430
object013 306 338 416 393 421 397 423 392 521 446 411 350 457 0 230 496 154 361 462 117
object014 345 360 434 165 413 483 217 387 528 463 406 208 455 230 0 543 314 372 483 236
object015 293 582 236 665 619 300 665 635 327 204 549 676 162 496 543 0 617 124 318 491
object016 416 461 447 447 459 504 470 510 608 515 442 448 549 154 314 617 0 409 569 111
object017 122 448 132 499 477 153 502 508 223 70 508 538 75 361 372 124 409 0 219 354
object018 247 518 134 592 592 261 630 563 350 295 604 642 242 462 483 318 569 219 0 497
object019 331 361 417 372 360 447 366 411 533 496 418 351 430 117 236 491 111 354 497 0
