     20
object000 0 268 312 345 377 201 538 447 243 353 278 280 268 260 310 486 539 486 429 409
object001 268 0 324 435 464 506 522 461 430 390 358 594 549 535 209 533 513 508 477 453
object002 312 324 0 119 524 515 279 178 501 150 428 531 565 523 299 312 317 303 175 113
object003 345 435 119 0 579 601 407 286 597 287 468 682 627 631 410 405 455 368 259 280
object004 377 464 524 579 0 558 699 648 600 587 311 708 679 667 489 733 723 746 657 669
object005 201 506 515 601 558 0 729 671 256 608 527 382 190 317 505 758 763 768 709 690
object006 538 522 279 407 699 729 0 474 748 309 662 736 757 786 537 177 364 312 453 448
object007 447 461 178 286 648 671 474 0 689 370 597 774 706 757 490 467 494 508 215 153
object008 243 430 501 597 600 256 748 689 0 557 508 47 379 147 526 745 724 745 657 641
object009 353 390 150 287 587 608 309 370 557 0 455 659 651 653 417 346 381 311 346 334
object010 278 358 428 468 311 527 662 597 508 455 0 606 521 518 418 608 630 594 585 555
object011 280 594 531 682 708 382 736 774 47 659 606 0 409 225 606 796 852 826 778 738
object012 268 549 565 627 679 190 757 706 379 651 521 409 0 359 547 800 862 821 742 706
object013 260 535 523 631 667 317 786 757 147 653 518 225 359 0 544 797 807 784 727 671
object014 310 209 299 410 489 505 537 490 526 417 418 606 547 544 0 565 570 540 517 455
object015 486 533 312 405 733 758 177 467 745 346 608 796 800 797 565 0 328 324 499 437
object016 539 513 317 455 723 763 364 494 724 381 630 852 862 807 570 328 0 162 495 400
object017 486 508 303 368 746 768 312 508 745 311 594 826 821 784 540 324 162 0 443 439
object018 429 477 175 259 657 709 453 215 657 346 585 778 742 727 517 499 495 443 0 132
object019 409 453 113 280 669 690 448 153 641 334 555 738 706 671 455 437 400 439 132 0
