0 491 545 214 507 518 465 403 413 341 460 550 494 502 415 456 537 460 334 350
491 0 664 525 296 307 136 172 532 652 323 413 357 365 534 575 400 131 453 661
545 664 0 579 680 691 638 576 440 706 633 723 667 675 442 267 710 633 285 715
214 525 579 0 541 552 499 437 447 195 494 584 528 536 449 490 571 494 368 204
507 296 680 541 0 141 270 208 548 668 339 429 373 381 550 591 416 265 469 677
518 307 691 552 141 0 281 219 559 679 350 440 384 392 561 602 427 276 480 688
465 136 638 499 270 281 0 146 506 626 297 387 331 339 508 549 374 9 427 635
403 172 576 437 208 219 146 0 444 564 235 325 269 277 446 487 312 141 365 573
413 532 440 447 548 559 506 444 0 574 501 591 535 543 78 351 578 501 229 583
341 652 706 195 668 679 626 564 574 0 621 711 655 663 576 617 698 621 495 187
460 323 633 494 339 350 297 235 501 621 0 254 216 206 503 544 115 292 422 630
550 413 723 584 429 440 387 325 591 711 254 0 306 136 593 634 331 382 512 720
494 357 667 528 373 384 331 269 535 655 216 306 0 258 537 578 293 326 456 664
502 365 675 536 381 392 339 277 543 663 206 136 258 0 545 586 283 334 464 672
415 534 442 449 550 561 508 446 78 576 503 593 537 545 0 353 580 503 231 585
456 575 267 490 591 602 549 487 351 617 544 634 578 586 353 0 621 544 196 626
537 400 710 571 416 427 374 312 578 698 115 331 293 283 580 621 0 369 499 707
460 131 633 494 265 276 9 141 501 621 292 382 326 334 503 544 369 0 422 630
334 453 285 368 469 480 427 365 229 495 422 512 456 464 231 196 499 422 0 504
350 661 715 204 677 688 635 573 583 187 630 720 664 672 585 626 707 630 504 0
