     25
object000 0 141 398 335 347 444 305 368 420 498 436 504 367 271 381 326 426 400 438 514 455 443 225 441 490
object001 141 0 386 236 354 486 323 359 401 503 442 469 333 158 234 213 330 412 461 460 443 434 159 411 459
object002 398 386 0 570 273 100 273 153 381 298 180 83 626 528 574 563 625 389 364 243 57 171 422 155 234
object003 335 236 570 0 492 609 467 513 568 655 567 635 336 127 343 217 316 552 626 607 647 604 188 569 644
object004 347 354 273 492 0 368 108 269 175 358 323 377 565 428 523 501 574 196 193 376 373 328 436 365 397
object005 444 486 100 609 368 0 327 266 511 330 286 40 677 613 694 638 758 463 539 394 152 254 595 277 384
object006 305 323 273 467 108 327 0 239 169 317 267 367 450 447 487 457 545 134 197 328 338 243 341 346 387
object007 368 359 153 513 269 266 239 0 381 199 186 242 606 467 593 549 672 316 390 117 274 212 431 176 120
object008 420 401 381 568 175 511 169 381 0 481 434 486 627 546 651 567 740 277 312 433 492 465 503 421 483
object009 498 503 298 655 358 330 317 199 481 0 131 356 710 600 712 671 704 449 516 302 339 128 569 95 329
object010 436 442 180 567 323 286 267 186 434 131 0 306 648 511 629 586 733 440 462 274 271 50 463 31 262
object011 504 469 83 635 377 40 367 242 486 356 306 0 674 544 624 636 769 466 504 365 133 298 549 309 349
object012 367 333 626 336 565 677 450 606 627 710 648 674 0 158 103 324 472 643 686 692 703 653 230 632 717
object013 271 158 528 127 428 613 447 467 546 600 511 544 158 0 145 210 311 517 564 535 543 500 145 506 570
object014 381 234 574 343 523 694 487 593 651 712 629 624 103 145 0 303 393 599 625 612 688 616 191 592 713
object015 326 213 563 217 501 638 457 549 567 671 586 636 324 210 303 0 213 549 602 613 647 649 205 568 637
object016 426 330 625 316 574 758 545 672 740 704 733 769 472 311 393 213 0 646 711 726 715 703 328 638 729
object017 400 412 389 552 196 463 134 316 277 449 440 466 643 517 599 549 646 0 107 402 461 374 495 441 452
object018 438 461 364 626 193 539 197 390 312 516 462 504 686 564 625 602 711 107 0 460 486 400 515 447 484
object019 514 460 243 607 376 394 328 117 433 302 274 365 692 535 612 613 726 402 460 0 272 251 500 255 78
object020 455 443 57 647 373 152 338 274 492 339 271 133 703 543 688 647 715 461 486 272 0 355 577 264 341
object021 443 434 171 604 328 254 243 212 465 128 50 298 653 500 616 649 703 374 400 251 355 0 481 8 265
object022 225 159 422 188 436 595 341 431 503 569 463 549 230 145 191 205 328 495 515 500 577 481 0 475 538
object023 441 411 155 569 365 277 346 176 421 95 31 309 632 506 592 568 638 441 447 255 264 8 475 0 276
object024 490 459 234 644 397 384 387 120 483 329 262 349 717 570 713 637 729 452 484 78 341 265 538 276 0
