     25
object000 0 90 355 435 328 338 290 342 403 368 227 416 433 112 471 457 449 187 400 563 485 263 293 535 375
object001 90 0 252 372 259 251 269 264 310 269 169 370 331 203 431 398 340 122 328 510 382 190 188 484 297
object002 355 252 0 279 456 184 198 213 151 260 332 330 548 366 613 331 320 289 501 403 302 197 342 387 130
object003 435 372 279 0 617 379 351 384 276 408 486 498 679 471 694 181 496 452 563 128 129 282 555 103 193
object004 328 259 456 617 0 463 393 428 456 476 296 554 295 398 323 641 511 182 210 670 568 362 331 641 491
object005 338 251 184 379 463 0 180 174 276 182 333 310 497 351 559 379 358 226 412 457 348 84 352 390 265
object006 290 269 198 351 393 180 0 81 240 194 309 310 508 354 529 340 248 304 483 433 325 18 337 414 284
object007 342 264 213 384 428 174 81 0 287 229 358 298 587 352 606 398 325 283 465 434 370 84 334 431 321
object008 403 310 151 276 456 276 240 287 0 264 373 408 581 339 630 329 367 321 470 448 348 187 429 389 203
object009 368 269 260 408 476 182 194 229 264 0 384 144 517 423 564 360 75 334 487 510 415 133 379 459 256
object010 227 169 332 486 296 333 309 358 373 384 0 444 416 281 457 477 463 179 304 642 497 244 81 539 374
object011 416 370 330 498 554 310 310 298 408 144 444 0 670 445 737 488 230 438 579 635 457 255 493 499 413
object012 433 331 548 679 295 497 508 587 581 517 416 670 0 521 73 700 666 262 52 765 681 438 446 747 543
object013 112 203 366 471 398 351 354 352 339 423 281 445 521 0 523 551 485 241 362 571 493 294 352 563 410
object014 471 431 613 694 323 559 529 606 630 564 457 737 73 523 0 705 657 333 137 793 669 503 468 791 658
object015 457 398 331 181 641 379 340 398 329 360 477 488 700 551 705 0 478 430 612 206 111 281 529 207 184
object016 449 340 320 496 511 358 248 325 367 75 463 230 666 485 657 478 0 388 556 601 502 208 481 550 350
object017 187 122 289 452 182 226 304 283 321 334 179 438 262 241 333 430 388 0 216 562 392 221 208 483 308
object018 400 328 501 563 210 412 483 465 470 487 304 579 52 362 137 612 556 216 0 730 642 415 372 634 518
object019 563 510 403 128 670 457 433 434 448 510 642 635 765 571 793 206 601 562 730 0 237 395 640 30 273
object020 485 382 302 129 568 348 325 370 348 415 497 457 681 493 669 111 502 392 642 237 0 329 463 189 186
object021 263 190 197 282 362 84 18 84 187 133 244 255 438 294 503 281 208 221 415 395 329 0 269 329 166
object022 293 188 342 555 331 352 337 334 429 379 81 493 446 352 468 529 481 208 372 640 463 269 0 526 409
object023 535 484 387 103 641 390 414 431 389 459 539 499 747 563 791 207 550 483 634 30 189 329 526 0 166
object024 375 297 130 193 491 265 284 321 203 256 374 413 543 410 658 184 350 308 518 273 186 166 409 166 0
