0 128 293 83 182 190 302 346 363 381 249 336 226 296 417 298 196 151 432 368 374 411 150 293 351
128 0 309 93 192 200 318 362 379 397 265 352 242 312 433 314 206 161 448 384 390 427 160 309 367
293 309 0 264 363 371 399 443 460 240 234 195 211 393 402 395 377 332 529 465 233 508 331 278 336
83 93 264 0 127 129 273 317 334 352 220 307 197 267 388 269 141 90 403 339 345 382 95 264 322
182 192 363 127 0 234 372 416 433 451 319 406 296 366 487 368 34 195 502 438 444 481 100 363 421
190 200 371 129 234 0 380 424 441 459 327 414 304 374 495 376 248 121 510 446 452 489 202 371 429
302 318 399 273 372 380 0 204 221 487 355 442 332 216 523 218 386 341 290 288 480 269 340 399 457
346 362 443 317 416 424 204 0 87 531 399 486 376 260 567 262 430 385 156 332 524 135 384 443 501
363 379 460 334 433 441 221 87 0 548 416 503 393 277 584 279 447 402 169 349 541 148 401 460 518
381 397 240 352 451 459 487 531 548 0 322 81 299 481 490 483 465 420 617 553 161 596 419 366 424
249 265 234 220 319 327 355 399 416 322 0 277 119 349 210 351 333 288 485 421 315 464 287 186 144
336 352 195 307 406 414 442 486 503 81 277 0 254 436 445 438 420 375 572 508 116 551 374 321 379
226 242 211 197 296 304 332 376 393 299 119 254 0 326 287 328 310 265 462 398 292 441 264 119 221
296 312 393 267 366 374 216 260 277 481 349 436 326 0 517 110 380 335 346 180 474 325 334 393 451
417 433 402 388 487 495 523 567 584 490 210 445 287 517 0 519 501 456 653 589 483 632 455 354 120
298 314 395 269 368 376 218 262 279 483 351 438 328 110 519 0 382 337 348 96 476 327 336 395 453
196 206 377 141 34 248 386 430 447 465 333 420 310 380 501 382 0 209 516 452 458 495 114 377 435
151 161 332 90 195 121 341 385 402 420 288 375 265 335 456 337 209 0 471 407 413 450 163 332 390
432 448 529 403 502 510 290 156 169 617 485 572 462 346 653 348 516 471 0 418 610 25 470 529 587
368 384 465 339 438 446 288 332 349 553 421 508 398 180 589 96 452 407 418 0 546 397 406 465 523
374 390 233 345 444 452 480 524 541 161 315 116 292 474 483 476 458 413 610 546 0 589 412 359 417
411 427 508 382 481 489 269 135 148 596 464 551 441 325 632 327 495 450 25 397 589 0 449 508 566
150 160 331 95 100 202 340 384 401 419 287 374 264 334 455 336 114 163 470 406 412 449 0 331 389
293 309 278 264 363 371 399 443 460 366 186 321 119 393 354 395 377 332 529 465 359 508 331 0 288
351 367 336 322 421 429 457 501 518 424 144 379 221 451 120 453 435 390 587 523 417 566 389 288 0
