     25
object000 0 188 192 404 334 265 358 264 500 450 312 476 354 556 343 337 409 442 308 343 497 490 372 426 335
object001 188 0 109 380 340 91 321 257 529 470 200 468 386 544 210 349 412 253 257 160 442 472 260 442 245
object002 192 109 0 413 371 254 235 120 518 476 329 575 451 611 316 195 446 405 149 344 503 546 309 442 318
object003 404 380 413 0 224 460 635 556 353 176 562 350 259 388 570 672 113 653 509 622 241 212 623 282 597
object004 334 340 371 224 0 470 527 467 369 332 536 370 176 410 522 594 259 594 518 534 384 321 547 255 542
object005 265 91 254 460 470 0 417 378 569 589 110 645 501 678 136 473 542 188 369 117 592 570 109 518 178
object006 358 321 235 635 527 417 0 173 750 710 489 734 602 744 496 246 649 541 94 563 708 693 544 622 560
object007 264 257 120 556 467 378 173 0 591 591 413 654 512 698 441 141 500 477 124 435 664 635 494 560 437
object008 500 529 518 353 369 569 750 591 0 421 672 20 401 146 724 750 360 749 638 688 416 450 740 205 727
object009 450 470 476 176 332 589 710 591 421 0 619 382 346 447 685 673 197 683 602 636 237 256 681 302 680
object010 312 200 329 562 536 110 489 413 672 619 0 724 503 725 202 554 577 220 440 214 693 664 254 576 161
object011 476 468 575 350 370 645 734 654 20 382 724 0 414 144 728 750 412 726 626 690 459 460 728 173 702
object012 354 386 451 259 176 501 602 512 401 346 503 414 0 478 569 603 343 606 525 544 379 444 577 318 602
object013 556 544 611 388 410 678 744 698 146 447 725 144 478 0 780 798 408 745 716 726 493 464 730 238 755
object014 343 210 316 570 522 136 496 441 724 685 202 728 569 780 0 466 611 103 421 249 652 704 217 665 209
object015 337 349 195 672 594 473 246 141 750 673 554 750 603 798 466 0 608 621 225 554 730 760 561 684 563
object016 409 412 446 113 259 542 649 500 360 197 577 412 343 408 611 608 0 637 537 576 269 214 589 278 606
object017 442 253 405 653 594 188 541 477 749 683 220 726 606 745 103 621 637 0 471 272 724 680 298 668 249
object018 308 257 149 509 518 369 94 124 638 602 440 626 525 716 421 225 537 471 0 472 694 613 482 564 409
object019 343 160 344 622 534 117 563 435 688 636 214 690 544 726 249 554 576 272 472 0 660 737 140 595 250
object020 497 442 503 241 384 592 708 664 416 237 693 459 379 493 652 730 269 724 694 660 0 118 726 364 665
object021 490 472 546 212 321 570 693 635 450 256 664 460 444 464 704 760 214 680 613 737 118 0 638 347 686
object022 372 260 309 623 547 109 544 494 740 681 254 728 577 730 217 561 589 298 482 140 726 638 0 628 313
object023 426 442 442 282 255 518 622 560 205 302 576 173 318 238 665 684 278 668 564 595 364 347 628 0 619
object024 335 245 318 597 542 178 560 437 727 680 161 702 602 755 209 563 606 249 409 250 665 686 313 619 0
