0 255 261 423 289 335 349 378 552 361 418 306 226 363 469 476 376 260 369 477 338 394 389 345 461
255 0 210 498 364 198 298 327 415 224 493 381 301 226 544 425 451 123 318 552 201 469 252 420 324
261 210 0 504 370 290 150 179 507 316 499 387 307 318 550 277 457 215 170 558 293 475 344 426 416
423 498 504 0 350 578 592 621 795 604 383 177 287 606 434 719 113 503 612 442 581 265 632 310 704
289 364 370 350 0 444 458 487 661 470 345 233 103 472 396 585 303 369 478 404 447 321 498 272 570
335 198 290 578 444 0 378 407 427 122 573 461 381 238 624 505 531 135 398 632 213 549 150 500 336
349 298 150 592 458 378 0 217 595 404 587 475 395 406 638 315 545 303 108 646 381 563 432 514 504
378 327 179 621 487 407 217 0 624 433 616 504 424 435 667 152 574 332 237 675 410 592 461 543 533
552 415 507 795 661 427 595 624 0 453 790 678 598 267 841 722 748 318 615 849 396 766 481 717 181
361 224 316 604 470 122 404 433 453 0 599 487 407 264 650 531 557 161 424 658 239 575 90 526 362
418 493 499 383 345 573 587 616 790 599 0 266 282 601 217 714 336 498 607 225 576 354 627 243 699
306 381 387 177 233 461 475 504 678 487 266 0 170 489 317 602 130 386 495 325 464 140 515 193 587
226 301 307 287 103 381 395 424 598 407 282 170 0 409 333 522 240 306 415 341 384 258 435 209 507
363 226 318 606 472 238 406 435 267 264 601 489 409 0 652 533 559 129 426 660 207 577 292 528 176
469 544 550 434 396 624 638 667 841 650 217 317 333 652 0 765 387 549 658 120 627 405 678 294 750
476 425 277 719 585 505 315 152 722 531 714 602 522 533 765 0 672 430 335 773 508 690 559 641 631
376 451 457 113 303 531 545 574 748 557 336 130 240 559 387 672 0 456 565 395 534 218 585 263 657
260 123 215 503 369 135 303 332 318 161 498 386 306 129 549 430 456 0 323 557 94 474 189 425 227
369 318 170 612 478 398 108 237 615 424 607 495 415 426 658 335 565 323 0 666 401 583 452 534 524
477 552 558 442 404 632 646 675 849 658 225 325 341 660 120 773 395 557 666 0 635 413 686 302 758
338 201 293 581 447 213 381 410 396 239 576 464 384 207 627 508 534 94 401 635 0 552 267 503 305
394 469 475 265 321 549 563 592 766 575 354 140 258 577 405 690 218 474 583 413 552 0 603 281 675
389 252 344 632 498 150 432 461 481 90 627 515 435 292 678 559 585 189 452 686 267 603 0 554 390
345 420 426 310 272 500 514 543 717 526 243 193 209 528 294 641 263 425 534 302 503 281 554 0 626
461 324 416 704 570 336 504 533 181 362 699 587 507 176 750 631 657 227 524 758 305 675 390 626 0
