     25
object000 0 12 319 211 308 225 202 301 389 403 397 447 244 276 395 378 402 351 357 370 320 416 227 331 480
object001 12 0 378 206 281 237 265 336 428 453 437 462 340 370 475 464 396 316 485 446 408 477 230 435 494
object002 319 378 0 474 532 516 205 331 373 284 339 315 213 319 367 425 708 604 407 421 256 469 520 289 360
object003 211 206 474 0 303 198 423 491 519 605 544 665 427 465 589 571 395 307 576 624 514 615 199 577 703
object004 308 281 532 303 0 335 479 591 650 703 594 696 505 547 735 675 189 389 738 669 603 735 219 640 733
object005 225 237 516 198 335 0 447 502 544 595 528 688 482 489 659 621 437 270 550 595 574 590 256 561 687
object006 202 265 205 423 479 447 0 117 151 361 246 399 210 94 362 194 592 497 211 214 283 267 469 373 393
object007 301 336 331 491 591 502 117 0 79 493 370 496 304 188 462 302 710 611 139 317 405 151 492 448 495
object008 389 428 373 519 650 544 151 79 0 510 437 530 371 258 490 311 738 687 154 376 490 190 566 488 561
object009 403 453 284 605 703 595 361 493 510 0 435 169 296 413 514 547 786 768 535 538 167 585 624 418 497
object010 397 437 339 544 594 528 246 370 437 435 0 423 173 346 195 481 770 683 466 504 302 534 555 277 145
object011 447 462 315 665 696 688 399 496 530 169 423 0 372 441 522 599 848 806 644 627 233 624 720 502 569
object012 244 340 213 427 505 482 210 304 371 296 173 372 0 301 263 409 681 604 407 410 294 413 503 212 252
object013 276 370 319 465 547 489 94 188 258 413 346 441 301 0 474 63 726 581 257 124 368 299 490 395 510
object014 395 475 367 589 735 659 362 462 490 514 195 522 263 474 0 569 832 750 532 575 359 591 610 315 154
object015 378 464 425 571 675 621 194 302 311 547 481 599 409 63 569 0 804 718 372 39 504 385 561 497 581
object016 402 396 708 395 189 437 592 710 738 786 770 848 681 726 832 804 0 540 826 844 750 814 322 787 868
object017 351 316 604 307 389 270 497 611 687 768 683 806 604 581 750 718 540 0 750 752 655 727 371 661 778
object018 357 485 407 576 738 550 211 139 154 535 466 644 407 257 532 372 826 750 0 434 461 132 652 536 599
object019 370 446 421 624 669 595 214 317 376 538 504 627 410 124 575 39 844 752 434 0 517 441 643 561 607
object020 320 408 256 514 603 574 283 405 490 167 302 233 294 368 359 504 750 655 461 517 0 477 561 361 411
object021 416 477 469 615 735 590 267 151 190 585 534 624 413 299 591 385 814 727 132 441 477 0 633 532 619
object022 227 230 520 199 219 256 469 492 566 624 555 720 503 490 610 561 322 371 652 643 561 633 0 667 648
object023 331 435 289 577 640 561 373 448 488 418 277 502 212 395 315 497 787 661 536 561 361 532 667 0 390
object024 480 494 360 703 733 687 393 495 561 497 145 569 252 510 154 581 868 778 599 607 411 619 648 390 0
