0 234 295 497 425 446 306 251 433 382 516 262 300 377 365 433 293 378 445 471 295 527 500 30 307
234 0 361 370 281 283 410 395 332 518 289 434 412 475 432 535 385 445 317 312 420 397 357 203 396
295 361 0 579 515 547 229 189 604 380 617 295 265 340 346 354 175 304 583 620 256 679 610 275 255
497 370 579 0 304 290 619 537 247 693 41 649 583 679 586 695 614 631 258 287 626 289 285 484 639
425 281 515 304 0 177 624 528 320 641 309 619 605 603 610 690 567 585 314 351 565 408 291 387 522
446 283 547 290 177 0 527 500 266 622 265 580 550 608 603 621 518 598 259 319 577 353 255 395 509
306 410 229 619 624 527 0 237 635 220 625 289 291 396 205 366 303 332 589 605 260 667 634 277 170
251 395 189 537 528 500 237 0 568 357 572 78 164 193 346 237 230 105 592 575 235 639 580 257 241
433 332 604 247 320 266 635 568 0 682 238 637 587 700 665 732 634 687 69 129 623 131 144 440 643
382 518 380 693 641 622 220 357 682 0 703 398 407 490 91 489 438 425 765 735 293 770 745 333 363
516 289 617 41 309 265 625 572 238 703 0 685 605 717 686 765 631 689 265 278 621 306 288 457 599
262 434 295 649 619 580 289 78 637 398 685 0 65 226 359 207 317 189 648 662 301 720 712 298 274
300 412 265 583 605 550 291 164 587 407 605 65 0 196 361 290 231 175 584 604 300 683 645 274 257
377 475 340 679 603 608 396 193 700 490 717 226 196 0 433 62 356 48 658 695 341 772 679 349 329
365 432 346 586 610 603 205 346 665 91 686 359 361 433 0 473 371 408 637 657 313 729 675 332 259
433 535 354 695 690 621 366 237 732 489 765 207 290 62 473 0 399 56 704 729 390 810 784 404 410
293 385 175 614 567 518 303 230 634 438 631 317 231 356 371 399 0 347 603 624 299 666 630 273 280
378 445 304 631 585 598 332 105 687 425 689 189 175 48 408 56 347 0 667 672 325 734 667 306 343
445 317 583 258 314 259 589 592 69 765 265 648 584 658 637 704 603 667 0 107 601 168 95 434 559
471 312 620 287 351 319 605 575 129 735 278 662 604 695 657 729 624 672 107 0 635 35 81 507 589
295 420 256 626 565 577 260 235 623 293 621 301 300 341 313 390 299 325 601 635 0 649 615 248 91
527 397 679 289 408 353 667 639 131 770 306 720 683 772 729 810 666 734 168 35 649 0 124 528 634
500 357 610 285 291 255 634 580 144 745 288 712 645 679 675 784 630 667 95 81 615 124 0 524 614
30 203 275 484 387 395 277 257 440 333 457 298 274 349 332 404 273 306 434 507 248 528 524 0 273
307 396 255 639 522 509 170 241 643 363 599 274 257 329 259 410 280 343 559 589 91 634 614 273 0
