0 60 206 224 233 317 181 414 303 261 365 376 288 215 326 280 303 452 403 324 340 337 162 317 332
60 0 236 211 248 289 238 424 273 303 370 393 326 162 347 322 298 475 409 297 367 387 182 349 362
206 236 0 369 411 317 247 289 321 240 323 205 369 357 467 457 489 519 424 340 193 404 324 375 390
224 211 369 0 145 472 354 580 453 341 460 545 482 212 301 310 180 608 537 417 478 481 167 498 596
233 248 411 145 0 462 408 590 514 390 504 554 495 224 332 340 102 606 616 488 503 497 153 539 588
317 289 317 472 462 0 209 503 190 363 479 462 468 467 566 591 582 380 304 415 447 464 444 464 495
181 238 247 354 408 209 0 446 244 269 319 392 348 358 448 460 456 369 330 303 314 368 351 438 379
414 424 289 580 590 503 446 0 514 500 542 109 517 540 678 699 684 720 621 498 245 541 519 578 569
303 273 321 453 514 190 244 514 0 324 447 488 390 420 509 552 562 198 144 413 404 455 406 461 519
261 303 240 341 390 363 269 500 324 0 191 401 170 376 542 486 517 539 470 111 338 196 360 230 237
365 370 323 460 504 479 319 542 447 191 0 541 170 417 530 598 606 615 512 236 442 209 481 180 360
376 393 205 545 554 462 392 109 488 401 541 0 486 480 643 668 599 658 584 455 181 539 448 511 534
288 326 369 482 495 468 348 517 390 170 170 486 0 429 593 611 557 557 565 240 394 95 451 117 351
215 162 357 212 224 467 358 540 420 376 417 480 429 0 112 151 260 606 575 443 469 450 105 475 537
326 347 467 301 332 566 448 678 509 542 530 643 593 112 0 27 473 730 688 540 550 614 127 602 669
280 322 457 310 340 591 460 699 552 486 598 668 611 151 27 0 435 747 653 584 602 612 197 589 682
303 298 489 180 102 582 456 684 562 517 606 599 557 260 473 435 0 732 667 501 533 606 249 569 648
452 475 519 608 606 380 369 720 198 539 615 658 557 606 730 747 732 0 142 571 598 622 572 632 637
403 409 424 537 616 304 330 621 144 470 512 584 565 575 688 653 667 142 0 509 519 571 465 557 596
324 297 340 417 488 415 303 498 413 111 236 455 240 443 540 584 501 571 509 0 398 284 384 253 109
340 367 193 478 503 447 314 245 404 338 442 181 394 469 550 602 533 598 519 398 0 460 458 439 496
337 387 404 481 497 464 368 541 455 196 209 539 95 450 614 612 606 622 571 284 460 0 453 22 362
162 182 324 167 153 444 351 519 406 360 481 448 451 105 127 197 249 572 465 384 458 453 0 436 492
317 349 375 498 539 464 438 578 461 230 180 511 117 475 602 589 569 632 557 253 439 22 436 0 352
332 362 390 596 588 495 379 569 519 237 360 534 351 537 669 682 648 637 596 109 496 362 492 352 0
