0 202 258 503 453 457 483 457 497 127 268 288 450 536 264
202 0 172 651 601 605 631 605 645 93 126 436 598 684 124
258 172 0 707 657 661 687 661 701 149 238 492 654 740 234
503 651 707 0 68 538 564 538 578 576 717 311 249 617 713
453 601 657 68 0 488 514 488 528 526 667 261 199 567 663
457 605 661 538 488 0 288 352 302 530 671 323 485 161 667
483 631 687 564 514 288 0 378 292 556 697 349 511 367 693
457 605 661 538 488 352 378 0 392 530 671 323 485 431 667
497 645 701 578 528 302 292 392 0 570 711 363 525 381 707
127 93 149 576 526 530 556 530 570 0 159 361 523 609 155
268 126 238 717 667 671 697 671 711 159 0 502 664 750 190
288 436 492 311 261 323 349 323 363 361 502 0 258 402 498
450 598 654 249 199 485 511 485 525 523 664 258 0 564 660
536 684 740 617 567 161 367 431 381 609 750 402 564 0 746
264 124 234 713 663 667 693 667 707 155 190 498 660 746 0
