0 541 535 404 619 259 496 286 434 534 648 693 680 483 87
541 0 188 707 272 562 517 589 455 555 169 214 333 504 518
535 188 0 701 184 556 511 583 449 549 295 340 245 498 512
404 707 701 0 785 385 662 148 600 700 814 859 846 649 381
619 272 184 785 0 640 595 667 533 633 379 424 185 582 596
259 562 556 385 640 0 517 267 455 555 669 714 701 504 236
496 517 511 662 595 517 0 544 314 310 624 669 656 363 473
286 589 583 148 667 267 544 0 482 582 696 741 728 531 263
434 455 449 600 533 455 314 482 0 352 562 607 594 107 411
534 555 549 700 633 555 310 582 352 0 662 707 694 401 511
648 169 295 814 379 669 624 696 562 662 0 153 440 611 625
693 214 340 859 424 714 669 741 607 707 153 0 485 656 670
680 333 245 846 185 701 656 728 594 694 440 485 0 643 657
483 504 498 649 582 504 363 531 107 401 611 656 643 0 460
87 518 512 381 596 236 473 263 411 511 625 670 657 460 0
