0 361 202 739 311 192 643 380 751 648 288 213 424 594 633
361 0 373 517 463 323 368 534 565 506 517 410 254 431 441
202 373 0 766 381 200 624 334 746 704 217 184 439 602 681
739 517 766 0 853 728 286 911 76 94 823 776 469 263 357
311 463 381 853 0 264 724 269 844 741 472 360 505 691 735
192 323 200 728 264 0 564 392 734 647 298 248 361 577 633
643 368 624 286 724 564 0 764 297 231 744 707 276 117 136
380 534 334 911 269 392 764 0 895 831 528 422 606 757 733
751 565 746 76 844 734 297 895 0 98 908 828 424 335 372
648 506 704 94 741 647 231 831 98 0 800 765 369 258 261
288 517 217 823 472 298 744 528 908 800 0 107 527 731 769
213 410 184 776 360 248 707 422 828 765 107 0 550 663 670
424 254 439 469 505 361 276 606 424 369 527 550 0 323 326
594 431 602 263 691 577 117 757 335 258 731 663 323 0 167
633 441 681 357 735 633 136 733 372 261 769 670 326 167 0
