     15
object000 0 238 470 599 631 184 336 676 437 536 639 169 561 340 609
object001 238 0 449 571 592 292 442 645 449 463 565 221 526 440 521
object002 470 449 0 428 422 591 744 241 312 348 408 495 419 723 309
object003 599 571 428 0 331 695 849 589 272 292 438 644 427 884 556
object004 631 592 422 331 0 749 871 674 308 408 514 672 421 955 641
object005 184 292 591 695 749 0 384 756 565 609 678 215 614 403 655
object006 336 442 744 849 871 384 0 907 749 728 849 342 840 134 838
object007 676 645 241 589 674 756 907 0 476 539 627 761 628 932 514
object008 437 449 312 272 308 565 749 476 0 90 168 577 153 746 475
object009 536 463 348 292 408 609 728 539 90 0 229 611 197 754 494
object010 639 565 408 438 514 678 849 627 168 229 0 677 77 887 588
object011 169 221 495 644 672 215 342 761 577 611 677 0 636 378 661
object012 561 526 419 427 421 614 840 628 153 197 77 636 0 834 553
object013 340 440 723 884 955 403 134 932 746 754 887 378 834 0 853
object014 609 521 309 556 641 655 838 514 475 494 588 661 553 853 0
