     15
object000 0 180 158 276 232 183 368 331 457 479 344 295 424 184 224
object001 180 0 223 172 198 260 335 304 368 420 314 273 332 208 192
object002 158 223 0 266 272 222 427 181 472 561 428 332 435 182 256
object003 276 172 266 0 315 342 310 409 267 284 195 230 357 271 262
object004 232 198 272 315 0 164 345 376 458 526 464 344 485 174 61
object005 183 260 222 342 164 0 467 365 468 592 471 387 518 146 159
object006 368 335 427 310 345 467 0 546 512 600 511 75 278 373 408
object007 331 304 181 409 376 365 546 0 577 653 619 489 609 390 341
object008 457 368 472 267 458 468 512 577 0 144 230 486 558 478 463
object009 479 420 561 284 526 592 600 653 144 0 254 541 625 472 525
object010 344 314 428 195 464 471 511 619 230 254 0 432 471 445 434
object011 295 273 332 230 344 387 75 489 486 541 432 0 281 407 420
object012 424 332 435 357 485 518 278 609 558 625 471 281 0 459 447
object013 184 208 182 271 174 146 373 390 478 472 445 407 459 0 139
object014 224 192 256 262 61 159 408 341 463 525 434 420 447 139 0
