0 268 393 420 297 478 312 497 345 572 276 626 595 413 459
268 0 223 250 167 308 182 327 383 610 314 456 425 451 289
393 223 0 197 292 255 307 274 508 735 439 319 288 576 236
420 250 197 0 319 264 334 207 535 762 466 430 399 603 169
297 167 292 319 0 377 81 396 412 639 343 525 494 480 358
478 308 255 264 377 0 392 341 593 820 524 488 457 661 303
312 182 307 334 81 392 0 411 427 654 358 540 509 495 373
497 327 274 207 396 341 411 0 612 839 543 507 476 680 166
345 383 508 535 412 593 427 612 0 285 251 741 710 126 574
572 610 735 762 639 820 654 839 285 0 478 968 937 201 801
276 314 439 466 343 524 358 543 251 478 0 672 641 319 505
626 456 319 430 525 488 540 507 741 968 672 0 115 809 469
595 425 288 399 494 457 509 476 710 937 641 115 0 778 438
413 451 576 603 480 661 495 680 126 201 319 809 778 0 642
459 289 236 169 358 303 373 166 574 801 505 469 438 642 0
