     15
object000 0 424 202 324 206 510 471 453 515 415 168 212 509 214 512
object001 424 0 341 684 573 587 548 601 595 525 504 558 588 548 87
object002 202 341 0 410 309 365 390 389 435 343 267 278 386 318 432
object003 324 684 410 0 228 733 699 684 746 595 203 253 742 121 740
object004 206 573 309 228 0 617 557 624 585 533 90 216 610 170 567
object005 510 587 365 733 617 0 303 437 349 261 517 567 190 628 653
object006 471 548 390 699 557 303 0 476 136 55 519 597 327 617 632
object007 453 601 389 684 624 437 476 0 446 380 529 556 463 651 644
object008 515 595 435 746 585 349 136 446 0 103 544 599 365 603 616
object009 415 525 343 595 533 261 55 380 103 0 446 523 246 517 613
object010 168 504 267 203 90 517 519 529 544 446 0 68 563 98 531
object011 212 558 278 253 216 567 597 556 599 523 68 0 605 129 647
object012 509 588 386 742 610 190 327 463 365 246 563 605 0 590 667
object013 214 548 318 121 170 628 617 651 603 517 98 129 590 0 581
object014 512 87 432 740 567 653 632 644 616 613 531 647 667 581 0
