0 228 103 207 389 248 287 439 302 504 401 371 423 204 155
228 0 263 371 287 443 479 295 287 379 371 329 338 431 422
103 263 0 281 407 279 262 435 390 541 472 456 445 249 279
207 371 281 0 525 224 438 521 509 573 627 581 551 148 94
389 287 407 525 0 524 572 290 268 343 184 294 256 535 490
248 443 279 224 524 0 466 533 506 650 615 595 548 197 156
287 479 262 438 572 466 0 590 584 734 707 645 644 421 425
439 295 435 521 290 533 590 0 80 172 361 334 107 505 545
302 287 390 509 268 506 584 80 0 134 326 329 120 477 491
504 379 541 573 343 650 734 172 134 0 410 404 103 585 620
401 371 472 627 184 615 707 361 326 410 0 341 350 645 556
371 329 456 581 294 595 645 334 329 404 341 0 364 559 519
423 338 445 551 256 548 644 107 120 103 350 364 0 531 520
204 431 249 148 535 197 421 505 477 585 645 559 531 0 182
155 422 279 94 490 156 425 545 491 620 556 519 520 182 0
