0 205 482 509 340 445 319 396 449 357 340 416 353 261 380
205 0 526 551 397 465 398 426 436 419 372 468 437 315 391
482 526 0 128 555 553 499 491 573 556 549 591 281 428 577
509 551 128 0 595 596 521 543 576 570 596 602 297 486 586
340 397 555 595 0 524 247 493 549 498 283 459 510 126 108
445 465 553 596 524 0 428 350 448 476 515 280 507 396 512
319 398 499 521 247 428 0 416 466 405 157 462 423 130 252
396 426 491 543 493 350 416 0 444 435 420 386 456 314 396
449 436 573 576 549 448 466 444 0 170 519 471 492 368 520
357 419 556 570 498 476 405 435 170 0 425 493 445 361 439
340 372 549 596 283 515 157 420 519 425 0 505 492 82 244
416 468 591 602 459 280 462 386 471 493 505 0 482 373 526
353 437 281 297 510 507 423 456 492 445 492 482 0 367 424
261 315 428 486 126 396 130 314 368 361 82 373 367 0 172
380 391 577 586 108 512 252 396 520 439 244 526 424 172 0
