0 143 237 751 582 154 326 428 329 200 459 351 515 416 446
143 0 267 732 661 266 251 378 345 327 445 332 510 443 430
237 267 0 649 534 413 196 333 294 484 386 269 395 312 352
751 732 649 0 106 835 452 627 554 901 624 529 642 636 613
582 661 534 106 0 788 416 530 504 829 541 486 592 551 499
154 266 413 835 788 0 436 520 466 218 611 435 647 559 547
326 251 196 452 416 436 0 184 159 531 207 121 282 219 149
428 378 333 627 530 520 184 0 302 632 280 232 380 290 295
329 345 294 554 504 466 159 302 0 540 205 146 222 191 290
200 327 484 901 829 218 531 632 540 0 644 532 655 636 640
459 445 386 624 541 611 207 280 205 644 0 209 36 215 327
351 332 269 529 486 435 121 232 146 532 209 0 256 194 227
515 510 395 642 592 647 282 380 222 655 36 256 0 259 394
416 443 312 636 551 559 219 290 191 636 215 194 259 0 345
446 430 352 613 499 547 149 295 290 640 327 227 394 345 0
