0 449 561 490 487 428 290 506 775 775 337 415 383 151 584
449 0 460 389 386 327 329 405 674 674 616 694 282 486 483
561 460 0 485 260 423 441 351 386 386 728 806 378 598 195
490 389 485 0 411 126 370 430 699 699 657 735 261 527 508
487 386 260 411 0 349 367 277 474 474 654 732 304 524 283
428 327 423 126 349 0 308 368 637 637 595 673 199 465 446
290 329 441 370 367 308 0 386 655 655 457 535 263 327 464
506 405 351 430 277 368 386 0 565 565 673 751 323 543 374
775 674 386 699 474 637 655 565 0 182 942 1020 592 812 263
775 674 386 699 474 637 655 565 182 0 942 1020 592 812 263
337 616 728 657 654 595 457 673 942 942 0 202 550 374 751
415 694 806 735 732 673 535 751 1020 1020 202 0 628 452 829
383 282 378 261 304 199 263 323 592 592 550 628 0 420 401
151 486 598 527 524 465 327 543 812 812 374 452 420 0 621
584 483 195 508 283 446 464 374 263 263 751 829 401 621 0
