0 171 343 90 558 650 87 645 604 482 485 501 524 484 430
171 0 226 118 525 634 119 631 564 464 489 419 446 391 402
343 226 0 339 334 459 317 526 401 337 333 332 292 299 266
90 118 339 0 576 756 71 687 632 508 504 505 515 485 509
558 525 334 576 0 519 512 489 556 482 367 273 472 212 471
650 634 459 756 519 0 662 154 664 615 339 558 608 451 518
87 119 317 71 512 662 0 614 555 514 508 514 490 479 459
645 631 526 687 489 154 614 0 646 598 314 493 598 519 564
604 564 401 632 556 664 555 646 0 99 528 524 437 522 451
482 464 337 508 482 615 514 598 99 0 446 441 441 434 311
485 489 333 504 367 339 508 314 528 446 0 342 379 308 392
501 419 332 505 273 558 514 493 524 441 342 0 429 9 379
524 446 292 515 472 608 490 598 437 441 379 429 0 404 123
484 391 299 485 212 451 479 519 522 434 308 9 404 0 357
430 402 266 509 471 518 459 564 451 311 392 379 123 357 0
