0 293 268 461 454 486 352 468 529 513 481 610 505 424 509
293 0 181 235 256 334 80 240 282 319 312 390 271 249 263
268 181 0 395 370 417 223 372 420 389 422 474 394 406 393
461 235 395 0 139 248 291 475 316 477 48 119 485 395 427
454 256 370 139 0 268 253 418 286 479 185 301 439 412 371
486 334 417 248 268 0 331 509 15 525 339 397 536 463 448
352 80 223 291 253 331 0 176 321 361 378 396 357 289 307
468 240 372 475 418 509 176 0 537 530 530 574 493 465 473
529 282 420 316 286 15 321 537 0 539 338 409 552 502 414
513 319 389 477 479 525 361 530 539 0 510 515 459 386 457
481 312 422 48 185 339 378 530 338 510 0 98 528 437 460
610 390 474 119 301 397 396 574 409 515 98 0 537 532 500
505 271 394 485 439 536 357 493 552 459 528 537 0 395 134
424 249 406 395 412 463 289 465 502 386 437 532 395 0 340
509 263 393 427 371 448 307 473 414 457 460 500 134 340 0
