     15
object000 0 270 372 442 338 477 310 522 319 547 285 609 618 401 470
object001 270 0 231 306 218 241 198 329 357 605 289 462 426 447 310
object002 372 231 0 187 309 302 289 252 485 757 492 329 300 545 211
object003 442 306 187 0 334 261 306 196 526 770 460 439 363 618 159
object004 338 218 309 334 0 359 92 340 380 658 356 524 540 473 360
object005 477 241 302 261 359 0 399 326 600 778 500 518 447 664 320
object006 310 198 289 306 92 399 0 456 488 610 329 527 527 455 388
object007 522 329 252 196 340 326 456 0 625 882 528 501 487 638 178
object008 319 357 485 526 380 600 488 625 0 346 236 744 747 130 569
object009 547 605 757 770 658 778 610 882 346 0 514 993 933 225 750
object010 285 289 492 460 356 500 329 528 236 514 0 680 683 329 502
object011 609 462 329 439 524 518 527 501 744 993 680 0 151 824 470
object012 618 426 300 363 540 447 527 487 747 933 683 151 0 781 450
object013 401 447 545 618 473 664 455 638 130 225 329 824 781 0 685
object014 470 310 211 159 360 320 388 178 569 750 502 470 450 685 0
