0 323 330 334 375 126 332 383 267 378 503 449 511 282 34
323 0 199 415 456 407 123 252 348 459 584 530 592 363 295
330 199 0 422 463 414 208 153 355 466 591 537 599 370 302
334 415 422 0 287 418 424 475 235 290 415 361 423 250 306
375 456 463 287 0 459 465 516 276 167 292 214 276 291 347
126 407 414 418 459 0 416 467 351 462 587 533 595 366 118
332 123 208 424 465 416 0 261 357 468 593 539 601 372 304
383 252 153 475 516 467 261 0 408 519 644 590 652 423 355
267 348 355 235 276 351 357 408 0 279 404 350 412 111 239
378 459 466 290 167 462 468 519 279 0 129 241 303 294 350
503 584 591 415 292 587 593 644 404 129 0 366 428 419 475
449 530 537 361 214 533 539 590 350 241 366 0 64 365 421
511 592 599 423 276 595 601 652 412 303 428 64 0 427 483
282 363 370 250 291 366 372 423 111 294 419 365 427 0 254
34 295 302 306 347 118 304 355 239 350 475 421 483 254 0
