0 316 417 388 457 486 399 347 346 347 421 314 405 317 442
316 0 215 328 397 426 339 287 286 145 703 596 687 599 724
417 215 0 429 498 527 440 388 387 88 804 697 788 700 825
388 328 429 0 369 318 311 259 98 359 775 668 759 671 796
457 397 498 369 0 467 106 132 327 428 844 737 828 740 865
486 426 527 318 467 0 409 357 276 457 873 766 857 769 894
399 339 440 311 106 409 0 74 269 370 786 679 770 682 807
347 287 388 259 132 357 74 0 217 318 734 627 718 630 755
346 286 387 98 327 276 269 217 0 317 733 626 717 629 754
347 145 88 359 428 457 370 318 317 0 734 627 718 630 755
421 703 804 775 844 873 786 734 733 734 0 361 92 364 305
314 596 697 668 737 766 679 627 626 627 361 0 345 177 382
405 687 788 759 828 857 770 718 717 718 92 345 0 348 289
317 599 700 671 740 769 682 630 629 630 364 177 348 0 385
442 724 825 796 865 894 807 755 754 755 305 382 289 385 0
