0 238 453 339 391 422 306 344 579 581 215 456 297 106 483
238 0 323 209 261 292 246 214 449 451 343 326 167 298 353
453 323 0 382 250 465 461 265 312 314 558 189 340 513 216
339 209 382 0 320 109 347 273 508 510 444 385 54 399 412
391 261 250 320 0 403 399 203 376 378 496 253 278 451 280
422 292 465 109 403 0 430 356 591 593 527 468 137 482 495
306 246 461 347 399 430 0 352 587 589 411 464 305 366 491
344 214 265 273 203 356 352 0 391 393 449 268 231 404 295
579 449 312 508 376 591 587 391 0 184 684 167 466 639 232
581 451 314 510 378 593 589 393 184 0 686 169 468 641 234
215 343 558 444 496 527 411 449 684 686 0 561 402 275 588
456 326 189 385 253 468 464 268 167 169 561 0 343 516 109
297 167 340 54 278 137 305 231 466 468 402 343 0 357 370
106 298 513 399 451 482 366 404 639 641 275 516 357 0 543
483 353 216 412 280 495 491 295 232 234 588 109 370 543 0
