0 143 280 407 323 403 210 554 432 470 579 397 569 299 229
143 0 328 377 281 346 239 547 468 466 570 346 538 339 315
280 328 0 436 31 406 480 597 357 375 637 450 675 568 473
407 377 436 0 410 210 479 308 638 591 294 219 294 609 587
323 281 31 410 0 433 418 538 298 328 560 386 619 510 444
403 346 406 210 433 0 503 383 590 587 353 215 379 571 576
210 239 480 479 418 503 0 685 607 578 636 478 711 158 149
554 547 597 308 538 383 685 0 734 719 353 336 373 765 703
432 468 357 638 298 590 607 734 0 172 763 560 834 704 636
470 466 375 591 328 587 578 719 172 0 710 565 813 664 637
579 570 637 294 560 353 636 353 763 710 0 352 110 694 686
397 346 450 219 386 215 478 336 560 565 352 0 400 577 528
569 538 675 294 619 379 711 373 834 813 110 400 0 813 756
299 339 568 609 510 571 158 765 704 664 694 577 813 0 62
229 315 473 587 444 576 149 703 636 637 686 528 756 62 0
