0 244 422 224 424 277 404 315 358 160 337 371 302 308 440
244 0 206 414 282 438 230 112 264 344 125 170 464 468 238
422 206 0 564 217 608 225 314 259 487 398 378 582 586 438
224 414 564 0 691 181 624 560 610 243 579 605 251 273 644
424 282 217 691 0 688 172 368 299 557 425 449 711 705 496
277 438 608 181 688 0 639 545 627 232 595 632 272 282 641
404 230 225 624 172 639 0 378 294 541 439 477 654 670 485
315 112 314 560 368 545 378 0 384 452 175 115 522 614 193
358 264 259 610 299 627 294 384 0 517 434 351 633 680 472
160 344 487 243 557 232 541 452 517 0 562 505 303 330 532
337 125 398 579 425 595 439 175 434 562 0 77 633 613 256
371 170 378 605 449 632 477 115 351 505 77 0 631 624 266
302 464 582 251 711 272 654 522 633 303 633 631 0 83 648
308 468 586 273 705 282 670 614 680 330 613 624 83 0 682
440 238 438 644 496 641 485 193 472 532 256 266 648 682 0
