0 255 449 416 404 349 255 612 428 578 507 400 591 554 250
255 0 257 234 278 239 238 447 318 377 333 264 374 337 243
449 257 0 265 105 241 452 484 353 456 412 313 457 455 522
416 234 265 0 333 184 463 182 300 488 146 247 187 168 455
404 278 105 333 0 293 496 502 316 447 415 357 458 501 506
349 239 241 184 293 0 426 393 334 453 299 139 348 312 451
255 238 452 463 496 426 0 692 561 646 555 480 641 590 177
612 447 484 182 502 393 692 0 497 616 157 382 278 247 687
428 318 353 300 316 334 561 497 0 233 487 365 502 451 557
578 377 456 488 447 453 646 616 233 0 619 462 627 589 686
507 333 412 146 415 299 555 157 487 619 0 373 180 139 602
400 264 313 247 357 139 480 382 365 462 373 0 415 329 460
591 374 457 187 458 348 641 278 502 627 180 415 0 -3 675
554 337 455 168 501 312 590 247 451 589 139 329 -3 0 635
250 243 522 455 506 451 177 687 557 686 602 460 675 635 0
