     15
object000 0 329 454 467 406 353 589 553 619 664 701 499 453 592 724
object001 329 0 456 475 413 389 548 352 619 654 509 326 256 608 521
object002 454 456 0 432 362 294 290 628 350 400 759 610 559 472 773
object003 467 475 432 0 123 291 505 696 566 554 813 652 586 214 825
object004 406 413 362 123 0 223 483 601 492 525 764 589 529 178 800
object005 353 389 294 291 223 0 434 647 489 513 747 558 504 339 768
object006 589 548 290 505 483 434 0 772 287 345 958 745 658 646 877
object007 553 352 628 696 601 647 772 0 832 864 385 213 313 793 356
object008 619 619 350 566 492 489 287 832 0 105 930 819 764 659 998
object009 664 654 400 554 525 513 345 864 105 0 947 856 760 670 1030
object010 701 509 759 813 764 747 958 385 930 947 0 241 391 915 121
object011 499 326 610 652 589 558 745 213 819 856 241 0 240 725 277
object012 453 256 559 586 529 504 658 313 764 760 391 240 0 677 407
object013 592 608 472 214 178 339 646 793 659 670 915 725 677 0 914
object014 724 521 773 825 800 768 877 356 998 1030 121 277 407 914 0
