0 161 120 308 410 315 363 135 376 282 337 377 248 372 508
161 0 193 321 423 328 376 128 389 295 350 390 261 385 521
120 193 0 340 442 347 395 167 408 314 369 409 280 404 540
308 321 340 0 518 423 109 295 484 390 445 485 90 480 254
410 423 442 518 0 335 573 397 476 382 437 275 458 472 718
315 328 347 423 335 0 478 302 381 287 342 302 363 377 623
363 376 395 109 573 478 0 350 539 445 500 540 145 535 237
135 128 167 295 397 302 350 0 363 269 324 364 235 359 495
376 389 408 484 476 381 539 363 0 136 65 443 424 100 684
282 295 314 390 382 287 445 269 136 0 97 349 330 132 590
337 350 369 445 437 342 500 324 65 97 0 404 385 47 645
377 390 409 485 275 302 540 364 443 349 404 0 425 439 685
248 261 280 90 458 363 145 235 424 330 385 425 0 420 290
372 385 404 480 472 377 535 359 100 132 47 439 420 0 680
508 521 540 254 718 623 237 495 684 590 645 685 290 680 0
