     15
object000 0 329 58 275 334 210 175 419 439 398 509 522 503 151 225
object001 329 0 382 394 373 498 566 359 456 396 433 547 499 385 437
object002 58 382 0 258 359 190 208 418 454 380 445 548 504 159 268
object003 275 394 258 0 433 431 448 476 563 461 548 661 599 129 161
object004 334 373 359 433 0 525 570 162 257 252 225 341 386 375 400
object005 210 498 190 431 525 0 193 593 635 598 636 669 720 305 388
object006 175 566 208 448 570 193 0 571 677 589 656 764 697 355 458
object007 419 359 418 476 162 593 571 0 98 211 348 401 320 377 469
object008 439 456 454 563 257 635 677 98 0 283 373 459 384 481 552
object009 398 396 380 461 252 598 589 211 283 0 351 425 232 383 511
object010 509 433 445 548 225 636 656 348 373 351 0 482 454 457 511
object011 522 547 548 661 341 669 764 401 459 425 482 0 551 552 646
object012 503 499 504 599 386 720 697 320 384 232 454 551 0 521 595
object013 151 385 159 129 375 305 355 377 481 383 457 552 521 0 158
object014 225 437 268 161 400 388 458 469 552 511 511 646 595 158 0
