     15
object000 0 456 491 119 382 177 459 575 302 466 544 452 552 220 351
object001 456 0 440 414 543 448 407 288 485 429 496 206 372 388 194
object002 491 440 0 430 570 511 258 561 494 194 66 480 573 465 332
object003 119 414 430 0 354 64 373 569 265 435 491 430 472 257 330
object004 382 543 570 354 0 389 547 689 198 538 634 570 662 177 461
object005 177 448 511 64 389 0 529 627 353 477 588 462 576 266 339
object006 459 407 258 373 547 529 0 551 439 215 326 434 507 382 303
object007 575 288 561 569 689 627 551 0 561 552 635 263 580 517 356
object008 302 485 494 265 198 353 439 561 0 414 569 452 558 131 398
object009 466 429 194 435 538 477 215 552 414 0 280 403 498 433 292
object010 544 496 66 491 634 588 326 635 569 280 0 516 584 487 389
object011 452 206 480 430 570 462 434 263 452 403 516 0 422 442 294
object012 552 372 573 472 662 576 507 580 558 498 584 422 0 487 203
object013 220 388 465 257 177 266 382 517 131 433 487 442 487 0 305
object014 351 194 332 330 461 339 303 356 398 292 389 294 203 305 0
