     15
object000 0 296 176 640 608 712 428 338 412 386 672 699 586 688 417
object001 296 0 250 531 396 493 310 269 288 248 465 502 388 585 312
object002 176 250 0 617 595 665 418 265 391 336 613 657 466 624 439
object003 640 531 617 0 822 893 657 454 655 575 822 906 720 137 505
object004 608 396 595 822 0 226 603 542 646 359 190 240 271 861 650
object005 712 493 665 893 226 0 723 588 687 418 92 101 313 942 701
object006 428 310 418 657 603 723 0 357 159 400 664 715 614 758 481
object007 338 269 265 454 542 588 357 0 325 290 544 590 464 505 334
object008 412 288 391 655 646 687 159 325 0 371 680 688 569 702 482
object009 386 248 336 575 359 418 400 290 371 0 427 392 294 621 437
object010 672 465 613 822 190 92 664 544 680 427 0 73 293 945 686
object011 699 502 657 906 240 101 715 590 688 392 73 0 340 959 765
object012 586 388 466 720 271 313 614 464 569 294 293 340 0 868 591
object013 688 585 624 137 861 942 758 505 702 621 945 959 868 0 578
object014 417 312 439 505 650 701 481 334 482 437 686 765 591 578 0
