0 144 561 415 356 489 321 480 485 330 373 287 399 294 339
144 0 518 461 370 425 218 454 460 343 401 339 391 265 400
561 518 0 227 577 524 446 527 561 418 635 447 169 475 592
415 461 227 0 429 420 347 425 457 336 512 325 131 461 506
356 370 577 429 0 461 177 434 510 375 279 413 384 248 220
489 425 524 420 461 0 427 296 421 281 530 211 432 474 535
321 218 446 347 177 427 0 401 424 273 134 288 328 93 245
480 454 527 425 434 296 401 0 380 226 538 160 350 430 552
485 460 561 457 510 421 424 380 0 170 497 316 430 489 507
330 343 418 336 375 281 273 226 170 0 407 113 277 330 387
373 401 635 512 279 530 134 538 497 407 0 394 437 148 279
287 339 447 325 413 211 288 160 316 113 394 0 279 328 406
399 391 169 131 384 432 328 350 430 277 437 279 0 382 453
294 265 475 461 248 474 93 430 489 330 148 328 382 0 281
339 400 592 506 220 535 245 552 507 387 279 406 453 281 0
