     15
object000 0 328 260 332 352 339 359 346 504 274 365 401 394 369 572
object001 328 0 218 500 193 466 327 109 425 387 79 336 577 543 466
object002 260 218 0 483 290 475 168 308 237 396 256 209 565 488 431
object003 332 500 483 0 630 96 520 501 642 237 452 610 362 337 668
object004 352 193 290 630 0 645 418 247 536 537 194 538 733 654 612
object005 339 466 475 96 645 0 592 586 674 302 504 646 414 313 687
object006 359 327 168 520 418 592 0 328 197 479 300 122 632 551 219
object007 346 109 308 501 247 586 328 0 457 451 143 412 670 612 566
object008 504 425 237 642 536 674 197 457 0 676 494 198 756 702 379
object009 274 387 396 237 537 302 479 451 676 0 434 548 340 301 696
object010 365 79 256 452 194 504 300 143 494 434 0 402 575 544 508
object011 401 336 209 610 538 646 122 412 198 548 402 0 728 650 312
object012 394 577 565 362 733 414 632 670 756 340 575 728 0 134 797
object013 369 543 488 337 654 313 551 612 702 301 544 650 134 0 750
object014 572 466 431 668 612 687 219 566 379 696 508 312 797 750 0
