0 259 353 338 329 345 153 350 487 556 294 360 313 108 378
259 0 280 265 256 272 232 277 414 483 479 545 240 315 305
353 280 0 299 198 306 326 225 234 303 573 639 274 409 125
338 265 299 0 275 53 311 296 433 502 558 624 149 394 324
329 256 198 275 0 282 302 201 332 401 549 615 250 385 223
345 272 306 53 282 0 318 303 440 509 565 631 156 401 331
153 232 326 311 302 318 0 323 460 529 373 439 286 209 351
350 277 225 296 201 303 323 0 359 428 570 636 271 406 250
487 414 234 433 332 440 460 359 0 83 707 773 408 543 123
556 483 303 502 401 509 529 428 83 0 776 842 477 612 192
294 479 573 558 549 565 373 570 707 776 0 244 533 350 598
360 545 639 624 615 631 439 636 773 842 244 0 599 416 664
313 240 274 149 250 156 286 271 408 477 533 599 0 369 299
108 315 409 394 385 401 209 406 543 612 350 416 369 0 434
378 305 125 324 223 331 351 250 123 192 598 664 299 434 0
