0 467 121 600 653 582 308 547 616 670 168 637 539 625 570
467 0 514 349 402 331 395 296 365 287 513 254 288 242 187
121 514 0 647 700 629 355 594 663 717 215 684 586 672 617
600 349 647 0 359 92 528 253 322 552 646 519 241 507 452
653 402 700 359 0 341 581 170 89 605 699 572 298 560 505
582 331 629 92 341 0 510 235 304 534 628 501 223 489 434
308 395 355 528 581 510 0 475 544 598 354 565 467 553 498
547 296 594 253 170 235 475 0 133 499 593 466 192 454 399
616 365 663 322 89 304 544 133 0 568 662 535 261 523 468
670 287 717 552 605 534 598 499 568 0 716 59 491 185 202
168 513 215 646 699 628 354 593 662 716 0 683 585 671 616
637 254 684 519 572 501 565 466 535 59 683 0 458 152 169
539 288 586 241 298 223 467 192 261 491 585 458 0 446 391
625 242 672 507 560 489 553 454 523 185 671 152 446 0 157
570 187 617 452 505 434 498 399 468 202 616 169 391 157 0
