0 432 416 357 277 341 418 288 306 237 252 325 362 236 547
432 0 288 633 347 658 384 557 565 580 547 661 672 215 370
416 288 0 580 342 634 413 528 605 587 540 652 681 219 258
357 633 580 0 536 111 585 140 418 327 292 350 397 456 701
277 347 342 536 0 565 91 466 542 506 432 524 559 187 432
341 658 634 111 565 0 560 108 372 309 285 431 401 469 773
418 384 413 585 91 560 0 499 548 572 493 627 608 240 511
288 557 528 140 466 108 499 0 306 321 243 360 340 459 638
306 565 605 418 542 372 548 306 0 143 127 251 236 482 656
237 580 587 327 506 309 572 321 143 0 74 179 101 443 694
252 547 540 292 432 285 493 243 127 74 0 87 114 420 611
325 661 652 350 524 431 627 360 251 179 87 0 95 516 771
362 672 681 397 559 401 608 340 236 101 114 95 0 503 792
236 215 219 456 187 469 240 459 482 443 420 516 503 0 371
547 370 258 701 432 773 511 638 656 694 611 771 792 371 0
