0 327 179 443 412 411 438 468 441 85 331 277 314 497 250
327 0 236 702 671 670 697 727 700 304 158 536 573 756 125
179 236 0 554 523 522 549 579 552 156 240 388 425 608 159
443 702 554 0 99 538 565 595 568 460 706 354 151 624 625
412 671 523 99 0 507 534 564 537 429 675 323 120 593 594
411 670 522 538 507 0 271 371 274 428 674 372 409 330 593
438 697 549 565 534 271 0 398 151 455 701 399 436 207 620
468 727 579 595 564 371 398 0 401 485 731 429 466 457 650
441 700 552 568 537 274 151 401 0 458 704 402 439 74 623
85 304 156 460 429 428 455 485 458 0 308 294 331 514 227
331 158 240 706 675 674 701 731 704 308 0 540 577 760 129
277 536 388 354 323 372 399 429 402 294 540 0 225 458 459
314 573 425 151 120 409 436 466 439 331 577 225 0 495 496
497 756 608 624 593 330 207 457 74 514 760 458 495 0 679
250 125 159 625 594 593 620 650 623 227 129 459 496 679 0
