0 455 337 493 31 369 463 623 389 365 411 327 446 489 404
455 0 504 270 436 640 334 348 597 562 438 352 137 268 499
337 504 0 584 333 211 530 680 353 131 392 379 508 606 569
493 270 584 0 478 633 400 307 603 615 481 353 227 209 523
31 436 333 478 0 381 464 628 368 388 424 286 429 561 436
369 640 211 633 381 0 529 743 417 119 479 429 637 685 529
463 334 530 400 464 529 0 504 558 551 401 386 297 446 529
623 348 680 307 628 743 504 0 718 717 580 581 317 110 666
389 597 353 603 368 417 558 718 0 365 450 434 582 708 547
365 562 131 615 388 119 551 717 365 0 442 446 564 630 524
411 438 392 481 424 479 401 580 450 442 0 173 460 553 403
327 352 379 353 286 429 386 581 434 446 173 0 364 477 347
446 137 508 227 429 637 297 317 582 564 460 364 0 257 494
489 268 606 209 561 685 446 110 708 630 553 477 257 0 594
404 499 569 523 436 529 529 666 547 524 403 347 494 594 0
