0 344 345 350 327 147 207 506 227 342 330 410 461 213 135
344 0 187 408 385 441 265 202 285 184 388 468 519 271 357
345 187 0 409 386 442 266 349 286 119 389 469 520 272 358
350 408 409 0 275 447 189 570 209 406 278 358 409 195 363
327 385 386 275 0 424 166 547 186 383 121 201 216 172 340
147 441 442 447 424 0 304 603 324 439 427 507 558 310 232
207 265 266 189 166 304 0 427 60 263 169 249 300 30 220
506 202 349 570 547 603 427 0 447 346 550 630 681 433 519
227 285 286 209 186 324 60 447 0 283 189 269 320 66 240
342 184 119 406 383 439 263 346 283 0 386 466 517 269 355
330 388 389 278 121 427 169 550 189 386 0 174 255 175 343
410 468 469 358 201 507 249 630 269 466 174 0 335 255 423
461 519 520 409 216 558 300 681 320 517 255 335 0 306 474
213 271 272 195 172 310 30 433 66 269 175 255 306 0 226
135 357 358 363 340 232 220 519 240 355 343 423 474 226 0
