0 342 405 364 471 487 393 364 361 407 418 315 388 303 433
342 0 193 359 379 409 331 277 288 170 690 551 677 591 719
405 193 0 386 545 566 419 450 373 96 873 702 806 699 884
364 359 386 0 350 342 296 316 72 367 800 643 786 677 780
471 379 545 350 0 440 108 158 371 466 862 746 822 723 856
487 409 566 342 440 0 471 358 288 430 869 766 901 763 872
393 331 419 296 108 471 0 92 242 378 766 653 743 679 800
364 277 450 316 158 358 92 0 239 323 675 595 698 636 752
361 288 373 72 371 288 242 239 0 315 754 628 696 677 759
407 170 96 367 466 430 378 323 315 0 695 585 702 638 730
418 690 873 800 862 869 766 675 754 695 0 343 80 377 286
315 551 702 643 746 766 653 595 628 585 343 0 381 215 386
388 677 806 786 822 901 743 698 696 702 80 381 0 345 308
303 591 699 677 723 763 679 636 677 638 377 215 345 0 439
433 719 884 780 856 872 800 752 759 730 286 386 308 439 0
