0 355 57 242 349 220 247 377 467 401 452 541 510 147 248
355 0 370 433 328 533 560 356 446 380 431 520 489 338 439
57 370 0 257 364 201 228 392 482 416 467 556 525 162 263
242 433 257 0 427 420 447 455 545 479 530 619 588 167 144
349 328 364 427 0 527 554 204 294 228 241 342 337 332 433
220 533 201 420 527 0 155 555 645 579 630 719 688 325 426
247 560 228 447 554 155 0 582 672 606 657 746 715 352 453
377 356 392 455 204 555 582 0 106 188 307 396 297 360 461
467 446 482 545 294 645 672 106 0 278 397 486 387 450 551
401 380 416 479 228 579 606 188 278 0 331 420 223 384 485
452 431 467 530 241 630 657 307 397 331 0 445 440 435 536
541 520 556 619 342 719 746 396 486 420 445 0 529 524 625
510 489 525 588 337 688 715 297 387 223 440 529 0 493 594
147 338 162 167 332 325 352 360 450 384 435 524 493 0 173
248 439 263 144 433 426 453 461 551 485 536 625 594 173 0
