     15
object000 0 293 293 298 111 194 394 373 264 406 399 382 389 347 392
object001 293 0 235 373 206 337 507 433 417 492 502 448 454 372 484
object002 293 235 0 399 235 372 556 483 486 528 501 498 490 461 567
object003 298 373 399 0 246 376 355 166 428 255 227 197 209 219 219
object004 111 206 235 246 0 104 330 325 233 345 335 312 398 305 373
object005 194 337 372 376 104 0 462 407 128 436 467 463 491 443 504
object006 394 507 556 355 330 462 0 370 608 292 456 426 446 389 450
object007 373 433 483 166 325 407 370 0 480 345 239 207 166 221 82
object008 264 417 486 428 233 128 608 480 0 536 461 513 553 526 515
object009 406 492 528 255 345 436 292 345 536 0 357 420 415 361 363
object010 399 502 501 227 335 467 456 239 461 357 0 223 285 182 261
object011 382 448 498 197 312 463 426 207 513 420 223 0 264 237 243
object012 389 454 490 209 398 491 446 166 553 415 285 264 0 221 0
object013 347 372 461 219 305 443 389 221 526 361 182 237 221 0 222
object014 392 484 567 219 373 504 450 82 515 363 261 243 0 222 0
