0 94 179 120 534 594 353 613 305 566 466 288 378 477 374
94 0 230 166 438 487 238 445 162 473 318 148 261 364 203
179 230 0 136 613 645 497 607 371 713 561 402 465 528 468
120 166 136 0 585 617 406 609 260 593 483 323 435 489 342
534 438 613 585 0 387 677 383 585 339 432 573 677 469 639
594 487 645 617 387 0 633 269 612 273 447 602 670 508 696
353 238 497 406 677 633 0 693 213 685 537 90 257 575 167
613 445 607 609 383 269 693 0 634 98 486 591 737 455 650
305 162 371 260 585 612 213 634 0 624 492 100 232 486 138
566 473 713 593 339 273 685 98 624 0 508 633 708 540 708
466 318 561 483 432 447 537 486 492 508 0 479 626 159 538
288 148 402 323 573 602 90 591 100 633 479 0 147 536 106
378 261 465 435 677 670 257 737 232 708 626 147 0 625 161
477 364 528 489 469 508 575 455 486 540 159 536 625 0 586
374 203 468 342 639 696 167 650 138 708 538 106 161 586 0
