0 325 169 309 199 403 439 362 354 363 304 241 377 239 329
325 0 310 452 342 446 482 405 397 406 347 384 420 382 156
169 310 0 296 186 388 424 347 339 348 289 228 362 226 314
309 452 296 0 290 530 566 489 481 490 431 202 504 200 456
199 342 186 290 0 420 456 379 371 380 321 222 394 220 346
403 446 388 530 420 0 326 331 241 250 133 462 102 460 450
439 482 424 566 456 326 0 367 255 264 227 498 300 496 486
362 405 347 489 379 331 367 0 282 291 232 421 305 419 409
354 397 339 481 371 241 255 282 0 163 142 413 215 411 401
363 406 348 490 380 250 264 291 163 0 151 422 224 420 410
304 347 289 431 321 133 227 232 142 151 0 363 107 361 351
241 384 228 202 222 462 498 421 413 422 363 0 436 4 388
377 420 362 504 394 102 300 305 215 224 107 436 0 434 424
239 382 226 200 220 460 496 419 411 420 361 4 434 0 386
329 156 314 456 346 450 486 409 401 410 351 388 424 386 0
