0 269 296 467 429 495 312 473 506 522 505 566 507 459 472
269 0 181 268 230 296 63 224 307 323 306 367 308 260 273
296 181 0 379 341 407 224 385 418 434 417 478 419 371 384
467 268 379 0 166 310 311 472 321 481 44 105 466 418 431
429 230 341 166 0 272 273 434 283 443 204 265 428 380 393
495 296 407 310 272 0 339 500 37 509 348 409 494 446 459
312 63 224 311 273 339 0 185 350 366 349 410 351 303 316
473 224 385 472 434 500 185 0 511 527 510 571 512 464 477
506 307 418 321 283 37 350 511 0 520 359 420 505 457 470
522 323 434 481 443 509 366 527 520 0 519 580 469 421 434
505 306 417 44 204 348 349 510 359 519 0 137 504 456 469
566 367 478 105 265 409 410 571 420 580 137 0 565 517 530
507 308 419 466 428 494 351 512 505 469 504 565 0 348 163
459 260 371 418 380 446 303 464 457 421 456 517 348 0 313
472 273 384 431 393 459 316 477 470 434 469 530 163 313 0
