0 123 276 415 287 370 362 545 344 349 470 194 571 571 412
123 0 187 326 198 281 273 456 255 260 381 177 482 482 323
276 187 0 385 167 340 332 515 254 259 440 330 541 541 382
415 326 385 0 396 253 245 256 453 458 181 469 282 282 295
287 198 167 396 0 351 343 526 265 270 451 341 552 552 393
370 281 340 253 351 0 74 383 408 413 308 424 409 409 124
362 273 332 245 343 74 0 375 400 405 300 416 401 401 74
545 456 515 256 526 383 375 0 583 588 111 599 378 378 425
344 255 254 453 265 408 400 583 0 129 508 398 609 609 450
349 260 259 458 270 413 405 588 129 0 513 403 614 614 455
470 381 440 181 451 308 300 111 508 513 0 524 303 303 350
194 177 330 469 341 424 416 599 398 403 524 0 625 625 466
571 482 541 282 552 409 401 378 609 614 303 625 0 150 451
571 482 541 282 552 409 401 378 609 614 303 625 150 0 451
412 323 382 295 393 124 74 425 450 455 350 466 451 451 0
