0 380 192 746 302 192 600 376 764 687 297 239 444 609 646
380 0 394 534 450 340 388 524 552 475 499 441 232 397 434
192 394 0 760 316 206 614 390 778 701 213 155 458 623 660
746 534 760 0 816 706 300 890 44 105 865 807 424 309 346
302 450 316 816 0 254 670 250 834 757 421 363 514 679 716
192 340 206 706 254 0 560 328 724 647 311 253 404 569 606
600 388 614 300 670 560 0 744 318 241 719 661 278 115 152
376 524 390 890 250 328 744 0 908 831 495 437 588 753 790
764 552 778 44 834 724 318 908 0 123 883 825 442 327 364
687 475 701 105 757 647 241 831 123 0 806 748 365 250 287
297 499 213 865 421 311 719 495 883 806 0 98 563 728 765
239 441 155 807 363 253 661 437 825 748 98 0 505 670 707
444 232 458 424 514 404 278 588 442 365 563 505 0 287 324
609 397 623 309 679 569 115 753 327 250 728 670 287 0 127
646 434 660 346 716 606 152 790 364 287 765 707 324 127 0
