     15
object000 0 380 257 375 185 471 475 487 481 550 378 263 421 217 414
object001 380 0 404 618 438 477 459 547 462 593 425 470 472 442 146
object002 257 404 0 385 250 496 465 506 456 526 425 290 427 319 472
object003 375 618 385 0 295 663 639 723 651 730 546 264 603 278 573
object004 185 438 250 295 0 544 504 622 520 599 419 144 471 142 505
object005 471 477 496 663 544 0 261 521 307 328 93 513 140 493 517
object006 475 459 465 639 504 261 0 535 207 273 188 575 237 555 486
object007 487 547 506 723 622 521 535 0 543 656 461 596 530 591 565
object008 481 462 456 651 520 307 207 543 0 128 230 509 260 497 489
object009 550 593 526 730 599 328 273 656 128 0 283 614 319 614 594
object010 378 425 425 546 419 93 188 461 230 283 0 446 67 438 430
object011 263 470 290 264 144 513 575 596 509 614 446 0 495 139 551
object012 421 472 427 603 471 140 237 530 260 319 67 495 0 510 481
object013 217 442 319 278 142 493 555 591 497 614 438 139 510 0 539
object014 414 146 472 573 505 517 486 565 489 594 430 551 481 539 0
