0 165 378 494 557 234 362 499 430 722 262 212 483 401 562
165 0 271 387 450 311 439 392 323 615 339 289 376 478 455
378 271 0 298 361 524 652 303 144 436 552 502 287 691 366
494 387 298 0 179 640 768 287 350 642 668 618 271 807 350
557 450 361 179 0 703 831 350 413 705 731 681 334 870 413
234 311 524 640 703 0 376 645 576 868 276 226 629 415 708
362 439 652 768 831 376 0 773 704 996 402 156 757 69 836
499 392 303 287 350 645 773 0 355 647 673 623 222 812 253
430 323 144 350 413 576 704 355 0 392 604 554 339 743 418
722 615 436 642 705 868 996 647 392 0 896 846 631 1035 710
262 339 552 668 731 276 402 673 604 896 0 252 657 441 736
212 289 502 618 681 226 156 623 554 846 252 0 607 195 686
483 376 287 271 334 629 757 222 339 631 657 607 0 796 285
401 478 691 807 870 415 69 812 743 1035 441 195 796 0 875
562 455 366 350 413 708 836 253 418 710 736 686 285 875 0
