0 117 295 281 232 350 417 391 218 338 383 436 43 420 521
117 0 326 312 263 381 448 422 249 369 414 467 134 451 552
295 326 0 68 327 445 318 292 313 239 230 283 312 267 422
281 312 68 0 313 431 304 278 299 225 216 269 298 253 408
232 263 327 313 0 210 449 423 138 370 415 468 249 452 553
350 381 445 431 210 0 567 541 256 488 533 586 367 570 671
417 448 318 304 449 567 0 222 435 343 406 459 434 443 278
391 422 292 278 423 541 222 0 409 317 380 433 408 417 326
218 249 313 299 138 256 435 409 0 356 401 454 235 438 539
338 369 239 225 370 488 343 317 356 0 327 380 355 364 447
383 414 230 216 415 533 406 380 401 327 0 219 400 203 510
436 467 283 269 468 586 459 433 454 380 219 0 453 60 563
43 134 312 298 249 367 434 408 235 355 400 453 0 437 538
420 451 267 253 452 570 443 417 438 364 203 60 437 0 547
521 552 422 408 553 671 278 326 539 447 510 563 538 547 0
