0 428 474 410 488 419 474 454 150 198 609 513 212 600 211
428 0 450 473 318 433 178 435 528 568 459 198 487 293 464
474 450 0 135 489 296 428 346 506 584 551 541 490 587 496
410 473 135 0 431 301 435 280 489 524 524 513 427 528 450
488 318 489 431 0 396 301 480 553 574 285 301 474 426 507
419 433 296 301 396 0 418 223 486 523 558 455 428 520 452
474 178 428 435 301 418 0 452 506 538 473 145 485 108 478
454 435 346 280 480 223 452 0 475 515 603 503 482 577 428
150 528 506 489 553 486 506 475 0 136 645 529 258 645 268
198 568 584 524 574 523 538 515 136 0 656 632 275 663 313
609 459 551 524 285 558 473 603 645 656 0 483 617 487 600
513 198 541 513 301 455 145 503 529 632 483 0 532 96 560
212 487 490 427 474 428 485 482 258 275 617 532 0 606 221
600 293 587 528 426 520 108 577 645 663 487 96 606 0 591
211 464 496 450 507 452 478 428 268 313 600 560 221 591 0
