0 191 299 268 267 227 389 316 280 337 367 329 247 306 308
191 0 406 375 276 334 496 325 289 444 376 338 256 163 415
299 406 0 315 482 274 520 531 495 468 582 544 462 521 355
268 375 315 0 451 167 489 500 464 437 551 513 431 490 90
267 276 482 451 0 410 572 327 291 520 378 220 178 391 491
227 334 274 167 410 0 448 459 423 396 510 472 390 449 207
389 496 520 489 572 448 0 621 585 126 672 634 552 611 529
316 325 531 500 327 459 621 0 108 569 375 389 307 440 540
280 289 495 464 291 423 585 108 0 533 339 353 271 404 504
337 444 468 437 520 396 126 569 533 0 620 582 500 559 477
367 376 582 551 378 510 672 375 339 620 0 440 358 491 591
329 338 544 513 220 472 634 389 353 582 440 0 240 453 553
247 256 462 431 178 390 552 307 271 500 358 240 0 371 471
306 163 521 490 391 449 611 440 404 559 491 453 371 0 530
308 415 355 90 491 207 529 540 504 477 591 553 471 530 0
