0 397 402 397 334 383 301 431 487 190 474 592 408 502 382
397 0 419 414 499 400 466 596 652 517 639 609 425 519 175
402 419 0 263 504 169 471 601 657 522 644 296 194 206 404
397 414 263 0 499 244 466 596 652 517 639 453 269 363 399
334 499 504 499 0 485 51 315 371 454 358 694 510 604 484
383 400 169 244 485 0 452 582 638 503 625 359 83 269 385
301 466 471 466 51 452 0 282 338 421 325 661 477 571 451
431 596 601 596 315 582 282 0 276 551 263 791 607 701 581
487 652 657 652 371 638 338 276 0 607 157 847 663 757 637
190 517 522 517 454 503 421 551 607 0 594 712 528 622 502
474 639 644 639 358 625 325 263 157 594 0 834 650 744 624
592 609 296 453 694 359 661 791 847 712 834 0 384 210 594
408 425 194 269 510 83 477 607 663 528 650 384 0 294 410
502 519 206 363 604 269 571 701 757 622 744 210 294 0 504
382 175 404 399 484 385 451 581 637 502 624 594 410 504 0
