     15
object000 0 167 284 284 219 324 425 398 198 355 393 451 36 427 489
object001 167 0 314 352 244 393 429 368 225 367 435 514 137 402 581
object002 284 314 0 75 331 453 362 287 310 264 214 329 259 252 372
object003 284 352 75 0 335 446 282 259 294 240 182 266 293 220 431
object004 219 244 331 335 0 169 429 438 156 394 435 452 266 465 548
object005 324 393 453 446 169 0 578 529 248 464 500 603 355 561 690
object006 425 429 362 282 429 578 0 239 442 345 426 471 448 446 286
object007 398 368 287 259 438 529 239 0 416 295 422 430 391 399 259
object008 198 225 310 294 156 248 442 416 0 358 399 447 218 436 535
object009 355 367 264 240 394 464 345 295 358 0 325 337 351 387 451
object010 393 435 214 182 435 500 426 422 399 325 0 188 409 187 511
object011 451 514 329 266 452 603 471 430 447 337 188 0 460 42 565
object012 36 137 259 293 266 355 448 391 218 351 409 460 0 439 498
object013 427 402 252 220 465 561 446 399 436 387 187 42 439 0 562
object014 489 581 372 431 548 690 286 259 535 451 511 565 498 562 0
