0 190 394 215 269 300 395 402 359 470 387 402 272 526 400
190 0 362 217 271 302 363 404 327 438 355 370 240 494 368
394 362 0 421 475 506 217 608 133 368 197 212 342 424 222
215 217 421 0 122 203 422 305 386 497 414 429 299 553 427
269 271 475 122 0 257 476 359 440 551 468 483 353 607 481
300 302 506 203 257 0 507 352 471 582 499 514 384 638 512
395 363 217 422 476 507 0 609 182 369 210 225 343 425 167
402 404 608 305 359 352 609 0 573 684 601 616 486 740 614
359 327 133 386 440 471 182 573 0 333 162 177 307 389 187
470 438 368 497 551 582 369 684 333 0 361 376 418 228 374
387 355 197 414 468 499 210 601 162 361 0 127 335 417 215
402 370 212 429 483 514 225 616 177 376 127 0 350 432 230
272 240 342 299 353 384 343 486 307 418 335 350 0 474 348
526 494 424 553 607 638 425 740 389 228 417 432 474 0 430
400 368 222 427 481 512 167 614 187 374 215 230 348 430 0
