0 295 368 342 411 200 99 121 351 521 92 442 598 596 235
295 0 265 147 281 511 443 402 366 475 333 395 544 542 503
368 265 0 249 374 534 365 377 255 322 342 276 437 441 453
342 147 249 0 79 459 419 407 385 486 337 405 522 580 524
411 281 374 79 0 596 526 475 475 546 438 486 649 633 556
200 511 534 459 596 0 247 154 582 723 243 624 773 848 132
99 443 365 419 526 247 0 159 477 581 146 513 637 713 227
121 402 377 407 475 154 159 0 474 527 105 516 626 711 115
351 366 255 385 475 582 477 474 0 394 462 281 399 498 587
521 475 322 486 546 723 581 527 394 0 525 292 255 327 643
92 333 342 337 438 243 146 105 462 525 0 476 670 651 226
442 395 276 405 486 624 513 516 281 292 476 0 312 341 663
598 544 437 522 649 773 637 626 399 255 670 312 0 143 702
596 542 441 580 633 848 713 711 498 327 651 341 143 0 785
235 503 453 524 556 132 227 115 587 643 226 663 702 785 0
