0 274 297 271 122 239 430 341 301 374 388 366 394 366 387
274 0 177 355 232 349 514 425 411 458 472 450 478 450 471
297 177 0 378 255 372 537 448 434 481 495 473 501 473 494
271 355 378 0 229 346 327 158 408 271 205 183 211 183 204
122 232 255 229 0 129 388 299 191 332 346 324 352 324 345
239 349 372 346 129 0 505 416 110 449 463 441 469 441 462
430 514 537 327 388 505 0 397 567 274 444 422 450 422 443
341 425 448 158 299 416 397 0 478 341 223 201 129 201 122
301 411 434 408 191 110 567 478 0 511 525 503 531 503 524
374 458 481 271 332 449 274 341 511 0 388 366 394 366 387
388 472 495 205 346 463 444 223 525 388 0 244 276 146 269
366 450 473 183 324 441 422 201 503 366 244 0 254 222 247
394 478 501 211 352 469 450 129 531 394 276 254 0 254 25
366 450 473 183 324 441 422 201 503 366 146 222 254 0 247
387 471 494 204 345 462 443 122 524 387 269 247 25 247 0
