0 310 154 427 298 254 304 451 480 472 504 412 427 329 365
310 0 298 375 344 300 252 399 526 228 260 556 183 473 509
154 298 0 415 286 242 292 439 468 460 492 286 415 203 239
427 375 415 0 461 417 175 128 643 537 569 673 492 590 626
298 344 286 461 0 126 338 485 272 506 538 544 461 461 497
254 300 242 417 126 0 294 441 308 462 494 500 417 417 453
304 252 292 175 338 294 0 199 520 414 446 550 369 467 503
451 399 439 128 485 441 199 0 667 561 593 697 516 614 650
480 526 468 643 272 308 520 667 0 688 720 726 643 643 679
472 228 460 537 506 462 414 561 688 0 46 718 293 635 671
504 260 492 569 538 494 446 593 720 46 0 750 325 667 703
412 556 286 673 544 500 550 697 726 718 750 0 673 113 327
427 183 415 492 461 417 369 516 643 293 325 673 0 590 626
329 473 203 590 461 417 467 614 643 635 667 113 590 0 244
365 509 239 626 497 453 503 650 679 671 703 327 626 244 0
