0 373 134 709 514 519 491 537 476 386 537 587 542 683 613
373 0 342 548 355 326 377 376 364 174 338 356 297 598 433
134 342 0 650 511 504 488 474 458 366 535 506 493 663 577
709 548 650 0 661 727 474 381 452 542 736 665 715 -11 416
514 355 511 661 0 221 459 493 504 117 201 192 189 686 601
519 326 504 727 221 0 506 484 483 181 158 155 167 754 647
491 377 488 474 459 506 0 296 11 337 505 508 512 475 387
537 376 474 381 493 484 296 0 243 342 479 550 543 355 255
476 364 458 452 504 483 11 243 0 325 482 445 499 507 400
386 174 366 542 117 181 337 342 325 0 188 150 134 565 497
537 338 535 736 201 158 505 479 482 188 0 107 253 735 648
587 356 506 665 192 155 508 550 445 150 107 0 180 704 622
542 297 493 715 189 167 512 543 499 134 253 180 0 710 633
683 598 663 -11 686 754 475 355 507 565 735 704 710 0 410
613 433 577 416 601 647 387 255 400 497 648 622 633 410 0
