     15
object000 0 268 138 439 295 251 371 447 457 486 506 425 408 359 390
object001 268 0 288 397 346 273 253 384 540 254 268 545 199 472 533
object002 138 288 0 408 285 234 258 431 461 481 540 321 374 179 266
object003 439 397 408 0 448 388 225 54 647 552 557 696 497 614 661
object004 295 346 285 448 0 166 310 454 285 535 557 553 471 466 537
object005 251 273 234 388 166 0 305 451 300 467 474 513 404 402 439
object006 371 253 258 225 310 305 0 184 527 418 458 536 330 476 497
object007 447 384 431 54 454 451 184 0 663 563 593 682 502 599 683
object008 457 540 461 647 285 300 527 663 0 656 769 722 602 665 705
object009 486 254 481 552 535 467 418 563 656 0 31 729 270 581 737
object010 506 268 540 557 557 474 458 593 769 31 0 728 345 672 692
object011 425 545 321 696 553 513 536 682 722 729 728 0 664 123 344
object012 408 199 374 497 471 404 330 502 602 270 345 664 0 576 630
object013 359 472 179 614 466 402 476 599 665 581 672 123 576 0 239
object014 390 533 266 661 537 439 497 683 705 737 692 344 630 239 0
