     15
object000 0 326 549 395 283 531 361 355 261 218 18 250 627 370 526
object001 326 0 401 289 213 475 260 331 174 197 336 346 441 254 467
object002 549 401 0 420 472 774 459 571 432 444 594 635 264 286 717
object003 395 289 420 0 352 649 189 461 356 338 523 438 522 345 577
object004 283 213 472 352 0 433 315 100 207 83 326 329 538 383 424
object005 531 475 774 649 433 0 584 575 458 457 590 628 802 615 226
object006 361 260 459 189 315 584 0 400 273 326 461 433 532 319 545
object007 355 331 571 461 100 575 400 0 192 154 366 422 602 442 549
object008 261 174 432 356 207 458 273 192 0 104 313 287 523 350 415
object009 218 197 444 338 83 457 326 154 104 0 291 324 543 329 396
object010 18 336 594 523 326 590 461 366 313 291 0 266 676 482 595
object011 250 346 635 438 329 628 433 422 287 324 266 0 720 494 611
object012 627 441 264 522 538 802 532 602 523 543 676 720 0 316 767
object013 370 254 286 345 383 615 319 442 350 329 482 494 316 0 583
object014 526 467 717 577 424 226 545 549 415 396 595 611 767 583 0
