0 195 410 410 431 377 224 606 469 587 522 430 580 551 251
195 0 235 235 256 202 243 431 294 412 347 255 405 376 270
410 235 0 280 107 247 458 476 319 437 392 300 450 421 485
410 235 280 0 301 191 458 226 339 457 142 244 200 171 485
431 256 107 301 0 268 479 497 340 458 413 321 471 442 506
377 202 247 191 268 0 425 387 306 424 303 147 361 332 452
224 243 458 458 479 425 0 654 517 635 570 478 628 599 175
606 431 476 226 497 387 654 0 535 653 168 440 248 219 681
469 294 319 339 340 306 517 535 0 232 451 359 509 480 544
587 412 437 457 458 424 635 653 232 0 569 477 627 598 662
522 347 392 142 413 303 570 168 451 569 0 356 164 135 597
430 255 300 244 321 147 478 440 359 477 356 0 414 385 505
580 405 450 200 471 361 628 248 509 627 164 414 0 39 655
551 376 421 171 442 332 599 219 480 598 135 385 39 0 626
251 270 485 485 506 452 175 681 544 662 597 505 655 626 0
