0 191 386 177 277 286 395 447 368 506 402 386 250 561 388
191 0 384 246 263 324 362 416 296 438 351 412 237 431 382
386 384 0 449 495 496 176 643 148 417 175 275 311 411 212
177 246 449 0 86 196 396 264 348 461 407 452 292 511 444
277 263 495 86 0 312 477 373 450 606 452 462 388 609 505
286 324 496 196 312 0 496 329 424 560 512 515 370 621 516
395 362 176 396 477 496 0 596 220 353 219 275 373 389 147
447 416 643 264 373 329 596 0 571 660 572 616 458 747 630
368 296 148 348 450 424 220 571 0 317 179 178 326 336 216
506 438 417 461 606 560 353 660 317 0 364 352 434 217 437
402 351 175 407 452 512 219 572 179 364 0 139 377 427 219
386 412 275 452 462 515 275 616 178 352 139 0 360 445 225
250 237 311 292 388 370 373 458 326 434 377 360 0 474 360
561 431 411 511 609 621 389 747 336 217 427 445 474 0 398
388 382 212 444 505 516 147 630 216 437 219 225 360 398 0
