0 195 268 517 458 490 459 432 530 159 282 290 462 549 261
195 0 168 717 588 587 643 592 611 95 85 415 612 697 102
268 168 0 686 638 679 664 642 719 125 253 545 640 737 199
517 717 686 0 125 548 582 509 551 603 707 356 223 580 654
458 588 638 125 0 460 474 471 539 524 676 284 166 523 657
490 587 679 548 460 0 308 359 329 545 679 293 476 143 668
459 643 664 582 474 308 0 353 309 547 690 385 504 399 688
432 592 642 509 471 359 353 0 378 571 665 304 534 439 673
530 611 719 551 539 329 309 378 0 564 711 358 539 328 680
159 95 125 603 524 545 547 571 564 0 138 342 522 643 171
282 85 253 707 676 679 690 665 711 138 0 548 687 742 199
290 415 545 356 284 293 385 304 358 342 548 0 234 410 515
462 612 640 223 166 476 504 534 539 522 687 234 0 584 674
549 697 737 580 523 143 399 439 328 643 742 410 584 0 757
261 102 199 654 657 668 688 673 680 171 199 515 674 757 0
