     15
object000 0 202 443 483 512 423 387 102 497 469 344 41 82 182 310
object001 202 0 371 624 572 520 358 255 587 593 294 299 291 155 498
object002 443 371 0 816 748 717 84 416 763 756 97 475 444 265 509
object003 483 624 816 0 324 346 866 516 320 323 723 518 552 551 528
object004 512 572 748 324 0 283 811 476 352 266 702 476 485 529 406
object005 423 520 717 346 283 0 708 443 302 303 600 392 469 456 420
object006 387 358 84 866 811 708 0 407 779 793 179 464 507 303 558
object007 102 255 416 516 476 443 407 0 529 532 356 77 132 205 331
object008 497 587 763 320 352 302 779 529 0 124 681 538 495 562 428
object009 469 593 756 323 266 303 793 532 124 0 686 509 492 540 437
object010 344 294 97 723 702 600 179 356 681 686 0 370 386 208 537
object011 41 299 475 518 476 392 464 77 538 509 370 0 99 241 313
object012 82 291 444 552 485 469 507 132 495 492 386 99 0 252 302
object013 182 155 265 551 529 456 303 205 562 540 208 241 252 0 371
object014 310 498 509 528 406 420 558 331 428 437 537 313 302 371 0
