0 134 435 510 210 416 419 497 335 689 514 486 521 415 268
134 0 461 505 166 461 479 566 338 690 543 477 514 402 146
435 461 0 418 526 393 342 449 335 583 471 520 509 355 510
510 505 418 0 587 325 423 223 396 384 607 554 574 316 662
210 166 526 587 0 540 545 607 409 815 624 574 594 466 172
416 461 393 325 540 0 402 332 314 506 571 539 568 143 561
419 479 342 423 545 402 0 442 312 602 554 526 528 320 532
497 566 449 223 607 332 442 0 431 261 646 594 624 348 642
335 338 335 396 409 314 312 431 0 614 201 192 224 332 481
689 690 583 384 815 506 602 261 614 0 813 734 773 480 829
514 543 471 607 624 571 554 646 201 813 0 104 421 556 732
486 477 520 554 574 539 526 594 192 734 104 0 391 469 626
521 514 509 574 594 568 528 624 224 773 421 391 0 527 608
415 402 355 316 466 143 320 348 332 480 556 469 527 0 536
268 146 510 662 172 561 532 642 481 829 732 626 608 536 0
