0 464 460 434 484 435 465 454 151 185 591 518 186 577 211
464 0 456 430 300 431 151 450 523 557 407 204 462 263 487
460 456 0 148 476 319 457 338 519 553 583 510 458 569 483
434 430 148 0 450 293 431 312 493 527 557 484 432 543 457
484 300 476 450 0 451 301 470 543 577 297 354 482 413 507
435 431 319 293 451 0 432 177 494 528 558 485 433 544 458
465 151 457 431 301 432 0 451 524 558 408 81 463 140 488
454 450 338 312 470 177 451 0 513 547 577 504 452 563 477
151 523 519 493 543 494 524 513 0 164 650 577 245 636 270
185 557 553 527 577 528 558 547 164 0 684 611 279 670 304
591 407 583 557 297 558 408 577 650 684 0 461 589 520 614
518 204 510 484 354 485 81 504 577 611 461 0 516 113 541
186 462 458 432 482 433 463 452 245 279 589 516 0 575 193
577 263 569 543 413 544 140 563 636 670 520 113 575 0 600
211 487 483 457 507 458 488 477 270 304 614 541 193 600 0
