0 295 521 420 262 546 399 338 222 229 72 253 611 413 508
295 0 360 259 239 509 238 315 199 206 353 358 450 252 471
521 360 0 457 465 735 436 541 425 432 579 584 270 266 697
420 259 457 0 364 634 201 440 324 331 478 483 547 349 596
262 239 465 364 0 490 343 88 126 95 320 325 555 357 452
546 509 735 634 490 0 613 566 450 457 604 609 825 627 196
399 238 436 201 343 613 0 419 303 310 457 462 526 328 575
338 315 541 440 88 566 419 0 202 171 396 401 631 433 528
222 199 425 324 126 450 303 202 0 93 280 285 515 317 412
229 206 432 331 95 457 310 171 93 0 287 292 522 324 419
72 353 579 478 320 604 457 396 280 287 0 311 669 471 566
253 358 584 483 325 609 462 401 285 292 311 0 674 476 571
611 450 270 547 555 825 526 631 515 522 669 674 0 356 787
413 252 266 349 357 627 328 433 317 324 471 476 356 0 589
508 471 697 596 452 196 575 528 412 419 566 571 787 589 0
