0 324 201 444 344 441 439 500 458 153 338 270 360 499 270
324 0 208 682 637 653 739 719 725 349 199 531 561 730 187
201 208 0 572 506 501 541 558 470 140 237 386 407 591 167
444 682 572 0 140 545 552 599 567 401 689 328 153 602 614
344 637 506 140 0 513 528 594 571 460 647 298 166 636 599
441 653 501 545 513 0 269 389 242 407 659 361 392 311 581
439 739 541 552 528 269 0 420 149 464 668 390 395 218 640
500 719 558 599 594 389 420 0 436 484 757 442 492 453 663
458 725 470 567 571 242 149 436 0 458 699 397 456 90 597
153 349 140 401 460 407 464 484 458 0 292 308 347 509 235
338 199 237 689 647 659 668 757 699 292 0 548 589 774 125
270 531 386 328 298 361 390 442 397 308 548 0 201 459 434
360 561 407 153 166 392 395 492 456 347 589 201 0 479 469
499 730 591 602 636 311 218 453 90 509 774 459 479 0 694
270 187 167 614 599 581 640 663 597 235 125 434 469 694 0
