0 152 232 360 353 306 200 335 304 249 226 234 251 365 457
152 0 126 254 247 314 94 343 312 257 196 242 259 373 351
232 126 0 288 281 394 40 423 392 337 276 322 339 453 385
360 254 288 0 235 522 256 551 520 465 404 450 467 581 339
353 247 281 235 0 515 249 544 513 458 397 443 460 574 242
306 314 394 522 515 0 362 205 280 225 388 330 227 461 619
200 94 40 256 249 362 0 391 360 305 244 290 307 421 353
335 343 423 551 544 205 391 0 309 254 417 359 256 490 648
304 312 392 520 513 280 360 309 0 63 386 328 201 459 617
249 257 337 465 458 225 305 254 63 0 331 273 146 404 562
226 196 276 404 397 388 244 417 386 331 0 316 333 447 501
234 242 322 450 443 330 290 359 328 273 316 0 275 275 547
251 259 339 467 460 227 307 256 201 146 333 275 0 406 564
365 373 453 581 574 461 421 490 459 404 447 275 406 0 678
457 351 385 339 242 619 353 648 617 562 501 547 564 678 0
