0 262 198 460 370 117 277 282 514 169 141 444 241 460 226
262 0 388 328 238 255 145 150 382 359 331 312 379 328 364
198 388 0 586 496 243 403 408 640 235 207 570 367 586 352
460 328 586 0 254 453 303 308 210 557 529 140 577 344 562
370 238 496 254 0 363 213 218 308 467 439 238 487 178 472
117 255 243 453 363 0 270 275 507 214 186 437 158 453 143
277 145 403 303 213 270 0 13 357 374 346 287 394 303 379
282 150 408 308 218 275 13 0 362 379 351 292 399 308 384
514 382 640 210 308 507 357 362 0 611 583 80 631 398 616
169 359 235 557 467 214 374 379 611 0 156 541 338 557 323
141 331 207 529 439 186 346 351 583 156 0 513 310 529 295
444 312 570 140 238 437 287 292 80 541 513 0 561 328 546
241 379 367 577 487 158 394 399 631 338 310 561 0 577 169
460 328 586 344 178 453 303 308 398 557 529 328 577 0 562
226 364 352 562 472 143 379 384 616 323 295 546 169 562 0
