0 223 307 264 166 369 403 398 279 304 359 249 579 313 622
223 0 214 171 227 276 310 305 340 365 420 310 486 374 529
307 214 0 175 311 172 206 309 424 449 504 394 490 458 533
264 171 175 0 268 237 271 208 381 406 461 351 389 415 432
166 227 311 268 0 373 407 402 241 304 359 249 583 313 626
369 276 172 237 373 0 164 371 486 511 566 456 552 520 595
403 310 206 271 407 164 0 405 520 545 600 490 586 554 629
398 305 309 208 402 371 405 0 515 540 595 485 189 549 232
279 340 424 381 241 486 520 515 0 417 472 362 696 426 739
304 365 449 406 304 511 545 540 417 0 319 113 721 233 764
359 420 504 461 359 566 600 595 472 319 0 264 776 328 819
249 310 394 351 249 456 490 485 362 113 264 0 666 178 709
579 486 490 389 583 552 586 189 696 721 776 666 0 730 217
313 374 458 415 313 520 554 549 426 233 328 178 730 0 773
622 529 533 432 626 595 629 232 739 764 819 709 217 773 0
