0 184 482 394 245 369 445 630 625 481 255 266 488 461 522
184 0 535 364 259 427 423 658 645 441 280 241 522 490 485
482 535 0 296 589 315 376 257 354 566 566 606 400 445 220
394 364 296 0 468 120 288 387 459 490 487 509 265 374 294
245 259 589 468 0 576 500 705 725 663 175 157 664 652 651
369 427 315 120 576 0 307 397 450 483 521 539 92 413 303
445 423 376 288 500 307 0 458 493 509 501 531 390 173 365
630 658 257 387 705 397 458 0 149 690 687 683 471 489 138
625 645 354 459 725 450 493 149 0 716 702 772 514 587 240
481 441 566 490 663 483 509 690 716 0 603 594 627 591 538
255 280 566 487 175 521 501 687 702 603 0 135 647 595 629
266 241 606 509 157 539 531 683 772 594 135 0 665 633 623
488 522 400 265 664 92 390 471 514 627 647 665 0 461 410
461 490 445 374 652 413 173 489 587 591 595 633 461 0 456
522 485 220 294 651 303 365 138 240 538 629 623 410 456 0
