0 412 400 214 235 515 593 285 516 480 569 562 380 462 511
412 0 317 358 543 488 207 406 451 411 480 169 63 95 161
400 317 0 311 396 300 467 366 257 203 301 469 262 396 418
214 358 311 0 295 436 503 105 482 446 448 540 256 471 442
235 543 396 295 0 588 659 326 616 544 598 615 427 570 577
515 488 300 436 588 0 607 502 136 176 131 639 428 559 600
593 207 467 503 659 607 0 567 622 585 637 353 236 330 313
285 406 366 105 326 502 567 0 558 446 533 556 380 498 563
516 451 257 482 616 136 622 558 0 216 124 625 437 572 588
480 411 203 446 544 176 585 446 216 0 222 578 435 551 590
569 480 301 448 598 131 637 533 124 222 0 639 486 558 587
562 169 469 540 615 639 353 556 625 578 639 0 224 97 133
380 63 262 256 427 428 236 380 437 435 486 224 0 166 177
462 95 396 471 570 559 330 498 572 551 558 97 166 0 60
511 161 418 442 577 600 313 563 588 590 587 133 177 60 0
