     15
object000 0 346 335 351 319 169 203 559 232 325 332 391 439 226 98
object001 346 0 184 388 403 450 262 194 293 166 309 480 548 285 379
object002 335 184 0 420 372 413 308 328 295 127 409 449 545 249 333
object003 351 388 420 0 260 400 166 572 163 382 281 392 353 205 348
object004 319 403 372 260 0 424 168 556 184 409 155 178 215 173 345
object005 169 450 413 400 424 0 274 534 307 434 415 535 528 323 239
object006 203 262 308 166 168 274 0 378 63 284 178 275 360 -9 202
object007 559 194 328 572 556 534 378 0 439 371 527 668 689 445 518
object008 232 293 295 163 184 307 63 439 0 262 172 233 309 56 214
object009 325 166 127 382 409 434 284 371 262 0 416 450 502 261 373
object010 332 309 409 281 155 415 178 527 172 416 0 151 293 177 307
object011 391 480 449 392 178 535 275 668 233 450 151 0 367 246 419
object012 439 548 545 353 215 528 360 689 309 502 293 367 0 298 514
object013 226 285 249 205 173 323 -9 445 56 261 177 246 298 0 244
object014 98 379 333 348 345 239 202 518 214 373 307 419 514 244 0
