     15
object000 0 197 354 540 382 533 655 234 446 646 641 519 672 216 257
object001 197 0 242 371 215 434 510 281 263 572 563 457 576 295 315
object002 354 242 0 384 113 409 492 468 261 591 516 409 562 480 480
object003 540 371 384 0 376 176 329 583 402 314 356 252 319 613 625
object004 382 215 113 376 0 427 492 476 262 546 532 431 568 437 526
object005 533 434 409 176 427 0 386 593 461 386 384 297 395 602 697
object006 655 510 492 329 492 386 0 721 533 553 531 217 511 752 734
object007 234 281 468 583 476 593 721 0 492 730 742 636 783 54 108
object008 446 263 261 402 262 461 533 492 0 635 640 502 599 513 512
object009 646 572 591 314 546 386 553 730 635 0 418 466 382 735 794
object010 641 563 516 356 532 384 531 742 640 418 0 434 119 746 836
object011 519 457 409 252 431 297 217 636 502 466 434 0 448 646 640
object012 672 576 562 319 568 395 511 783 599 382 119 448 0 755 826
object013 216 295 480 613 437 602 752 54 513 735 746 646 755 0 74
object014 257 315 480 625 526 697 734 108 512 794 836 640 826 74 0
