0 201 278 324 461 360 393 165 382 300 242 431 387 304 330
201 0 188 208 376 342 262 280 505 440 351 613 465 438 432
278 188 0 169 190 142 229 408 551 447 431 627 627 471 517
324 208 169 0 347 332 89 405 582 465 427 628 599 495 513
461 376 190 347 0 181 407 597 740 646 598 739 742 685 729
360 342 142 332 181 0 347 524 703 602 525 749 724 607 684
393 262 229 89 407 347 0 443 589 545 443 698 628 529 575
165 280 408 405 597 524 443 0 432 336 287 424 446 269 344
382 505 551 582 740 703 589 432 0 233 284 509 521 548 555
300 440 447 465 646 602 545 336 233 0 222 407 372 422 506
242 351 431 427 598 525 443 287 284 222 0 280 276 415 450
431 613 627 628 739 749 698 424 509 407 280 0 122 658 654
387 465 627 599 742 724 628 446 521 372 276 122 0 561 605
304 438 471 495 685 607 529 269 548 422 415 658 561 0 80
330 432 517 513 729 684 575 344 555 506 450 654 605 80 0
