0 251 463 526 474 262 427 355 327 334 192 281 362 421 588
251 0 247 309 282 431 235 520 585 527 172 472 568 620 372
463 247 0 370 325 668 42 772 731 803 338 679 806 839 356
526 309 370 0 135 724 323 838 762 856 505 747 860 904 275
474 282 325 135 0 714 240 786 770 824 414 734 833 895 144
262 431 668 724 714 0 630 157 324 309 375 281 343 464 751
427 235 42 323 240 630 0 743 708 711 317 684 789 828 296
355 520 772 838 786 157 743 0 417 462 421 366 463 560 845
327 585 731 762 770 324 708 417 0 154 449 373 275 570 839
334 527 803 856 824 309 711 462 154 0 463 389 260 583 919
192 172 338 505 414 375 317 421 449 463 0 358 473 526 488
281 472 679 747 734 281 684 366 373 389 358 0 462 195 778
362 568 806 860 833 343 789 463 275 260 473 462 0 575 931
421 620 839 904 895 464 828 560 570 583 526 195 575 0 1001
588 372 356 275 144 751 296 845 839 919 488 778 931 1001 0
