0 273 571 225 237 456 471 454 68 265 317 466 576 606 490
273 0 445 235 398 274 317 255 197 265 411 247 382 411 353
571 445 0 541 654 438 374 364 508 625 744 419 187 205 41
225 235 541 0 439 485 469 491 206 137 418 424 573 540 544
237 398 654 439 0 623 576 619 228 462 356 638 726 732 659
456 274 438 485 623 0 386 348 382 568 661 223 463 478 422
471 317 374 469 576 386 0 116 423 493 641 373 367 330 349
454 255 364 491 619 348 116 0 373 544 659 332 353 352 361
68 197 508 206 228 382 423 373 0 281 231 370 499 540 461
265 265 625 137 462 568 493 544 281 0 507 495 625 627 551
317 411 744 418 356 661 641 659 231 507 0 642 734 785 726
466 247 419 424 638 223 373 332 370 495 642 0 389 443 370
576 382 187 573 726 463 367 353 499 625 734 389 0 194 118
606 411 205 540 732 478 330 352 540 627 785 443 194 0 170
490 353 41 544 659 422 349 361 461 551 726 370 118 170 0
