0 98 183 156 337 187 378 292 371 89 318 305 212 182 435
98 0 123 208 277 239 318 206 311 141 232 219 264 234 349
183 123 0 293 176 324 217 317 210 226 343 330 349 319 460
156 208 293 0 447 99 488 402 481 175 428 415 128 98 545
337 277 176 447 0 478 155 471 316 380 497 484 503 473 614
187 239 324 99 478 0 519 433 512 206 459 446 159 129 576
378 318 217 488 155 519 0 512 357 421 538 525 544 514 655
292 206 317 402 471 433 512 0 505 335 256 243 458 428 201
371 311 210 481 316 512 357 505 0 414 531 518 537 507 648
89 141 226 175 380 206 421 335 414 0 361 348 231 201 478
318 232 343 428 497 459 538 256 531 361 0 75 484 454 399
305 219 330 415 484 446 525 243 518 348 75 0 471 441 386
212 264 349 128 503 159 544 458 537 231 484 471 0 66 601
182 234 319 98 473 129 514 428 507 201 454 441 66 0 571
435 349 460 545 614 576 655 201 648 478 399 386 601 571 0
