0 169 447 371 353 399 243 562 414 451 307 443 294 279 441
169 0 501 503 399 509 367 636 590 535 422 584 426 402 478
447 501 0 229 516 389 362 563 472 460 483 451 121 428 592
371 503 229 0 507 486 457 579 533 526 452 489 172 488 557
353 399 516 507 0 484 210 647 565 564 310 552 399 227 241
399 509 389 486 484 0 410 259 406 338 511 222 359 456 570
243 367 362 457 210 410 0 504 523 488 181 507 278 114 293
562 636 563 579 647 259 504 0 502 448 663 291 471 557 712
414 590 472 533 565 406 523 502 0 160 579 402 387 514 699
451 535 460 526 564 338 488 448 160 0 563 384 400 528 669
307 422 483 452 310 511 181 663 579 563 0 580 406 120 401
443 584 451 489 552 222 507 291 402 384 580 0 357 476 634
294 426 121 172 399 359 278 471 387 400 406 357 0 345 451
279 402 428 488 227 456 114 557 514 528 120 476 345 0 328
441 478 592 557 241 570 293 712 699 669 401 634 451 328 0
