0 179 254 201 117 103 352 372 133 187 265 220 316 259 428
179 0 375 322 252 238 473 493 254 308 264 219 437 380 549
254 375 0 175 327 313 400 420 307 361 461 416 202 145 476
201 322 175 0 274 260 347 367 254 308 408 363 237 180 423
117 252 327 274 0 138 425 445 206 260 338 293 389 332 501
103 238 313 260 138 0 411 431 192 246 324 279 375 318 487
352 473 400 347 425 411 0 332 405 459 559 514 462 405 112
372 493 420 367 445 431 332 0 425 479 579 534 482 425 408
133 254 307 254 206 192 405 425 0 140 340 295 369 312 481
187 308 361 308 260 246 459 479 140 0 394 349 423 366 535
265 264 461 408 338 324 559 579 340 394 0 241 523 466 635
220 219 416 363 293 279 514 534 295 349 241 0 478 421 590
316 437 202 237 389 375 462 482 369 423 523 478 0 85 538
259 380 145 180 332 318 405 425 312 366 466 421 85 0 481
428 549 476 423 501 487 112 408 481 535 635 590 538 481 0
