     15
object000 0 230 134 472 385 141 226 255 568 170 112 420 246 433 254
object001 230 0 438 310 261 278 179 104 368 354 306 349 367 298 414
object002 134 438 0 566 510 251 409 432 626 198 240 598 383 575 312
object003 472 310 566 0 298 476 297 301 189 559 542 179 538 327 572
object004 385 261 510 298 0 327 244 186 340 438 440 234 497 182 471
object005 141 278 251 476 327 0 283 265 560 196 193 362 158 419 182
object006 226 179 409 297 244 283 0 17 316 383 368 337 390 291 414
object007 255 104 432 301 186 265 17 0 300 376 339 285 341 288 387
object008 568 368 626 189 340 560 316 300 0 588 564 44 625 411 589
object009 170 354 198 559 438 196 383 376 588 0 135 522 356 567 291
object010 112 306 240 542 440 193 368 339 564 135 0 555 265 492 273
object011 420 349 598 179 234 362 337 285 44 522 555 0 571 346 572
object012 246 367 383 538 497 158 390 341 625 356 265 571 0 629 181
object013 433 298 575 327 182 419 291 288 411 567 492 346 629 0 541
object014 254 414 312 572 471 182 414 387 589 291 273 572 181 541 0
