0 140 261 388 365 374 164 360 327 213 213 254 223 351 451
140 0 77 193 253 295 50 317 293 313 203 239 250 354 378
261 77 0 308 303 441 4 402 396 339 292 354 302 454 367
388 193 308 0 213 511 247 523 566 421 438 457 418 585 318
365 253 303 213 0 507 205 553 517 439 400 439 474 527 278
374 295 441 511 507 0 395 207 251 238 391 341 263 469 638
164 50 4 247 205 395 0 457 366 290 228 255 248 412 300
360 317 402 523 553 207 457 0 305 249 416 373 250 501 605
327 293 396 566 517 251 366 305 0 36 414 358 184 447 616
213 313 339 421 439 238 290 249 36 0 356 254 157 439 515
213 203 292 438 400 391 228 416 414 356 0 324 246 420 522
254 239 354 457 439 341 255 373 358 254 324 0 252 309 557
223 250 302 418 474 263 248 250 184 157 246 252 0 368 577
351 354 454 585 527 469 412 501 447 439 420 309 368 0 652
451 378 367 318 278 638 300 605 616 515 522 557 577 652 0
