0 294 167 260 234 267 302 395 329 101 340 403 279 541 371
294 0 183 552 526 283 318 287 345 393 232 295 571 433 663
167 183 0 425 399 134 169 284 196 266 229 292 444 430 536
260 552 425 0 42 525 560 653 587 239 598 661 203 799 295
234 526 399 42 0 499 534 627 561 213 572 635 177 773 269
267 283 134 525 499 0 93 384 242 366 329 392 544 530 636
302 318 169 560 534 93 0 419 277 401 364 427 579 565 671
395 287 284 653 627 384 419 0 446 494 293 356 672 344 764
329 345 196 587 561 242 277 446 0 428 391 454 606 592 698
101 393 266 239 213 366 401 494 428 0 439 502 258 640 350
340 232 229 598 572 329 364 293 391 439 0 71 617 439 709
403 295 292 661 635 392 427 356 454 502 71 0 680 502 772
279 571 444 203 177 544 579 672 606 258 617 680 0 818 232
541 433 430 799 773 530 565 344 592 640 439 502 818 0 910
371 663 536 295 269 636 671 764 698 350 709 772 232 910 0
