     15
object000 0 271 457 320 415 424 311 357 547 614 245 436 267 123 472
object001 271 0 301 178 276 303 262 227 411 506 332 341 186 291 344
object002 457 301 0 391 215 490 471 287 289 321 563 188 330 504 192
object003 320 178 391 0 319 113 345 265 505 529 449 432 43 379 381
object004 415 276 215 319 0 421 389 217 406 365 490 254 233 446 271
object005 424 303 490 113 421 0 412 376 576 641 524 424 157 461 501
object006 311 262 471 345 389 412 0 389 543 582 370 422 300 349 527
object007 357 227 287 265 217 376 389 0 446 447 453 236 260 469 268
object008 547 411 289 505 406 576 543 446 0 182 694 112 503 684 210
object009 614 506 321 529 365 641 582 447 182 0 682 143 462 648 206
object010 245 332 563 449 490 524 370 453 694 682 0 586 388 303 568
object011 436 341 188 432 254 424 422 236 112 143 586 0 367 540 106
object012 267 186 330 43 233 157 300 260 503 462 388 367 0 362 373
object013 123 291 504 379 446 461 349 469 684 648 303 540 362 0 517
object014 472 344 192 381 271 501 527 268 210 206 568 106 373 517 0
