     15
object000 0 263 198 251 294 358 353 381 338 64 343 475 331 358 510
object001 263 0 278 469 527 425 428 261 440 278 261 351 514 546 358
object002 198 278 0 438 476 250 236 410 233 277 420 464 440 526 532
object003 251 469 438 0 126 523 586 619 571 339 628 666 315 341 764
object004 294 527 476 126 0 533 591 608 612 342 631 692 368 382 769
object005 358 425 250 523 533 0 163 578 172 424 536 582 658 653 608
object006 353 428 236 586 591 163 0 576 132 361 546 611 610 621 649
object007 381 261 410 619 608 578 576 0 562 417 278 331 661 701 245
object008 338 440 233 571 612 172 132 562 0 408 530 627 663 663 650
object009 64 278 277 339 342 424 361 417 408 0 437 522 333 349 520
object010 343 261 420 628 631 536 546 278 530 437 0 91 637 723 342
object011 475 351 464 666 692 582 611 331 627 522 91 0 744 772 409
object012 331 514 440 315 368 658 610 661 663 333 637 744 0 87 830
object013 358 546 526 341 382 653 621 701 663 349 723 772 87 0 782
object014 510 358 532 764 769 608 649 245 650 520 342 409 830 782 0
