0 428 573 181 339 178 377 465 236 426 611 523 350 299 307
428 0 497 455 453 452 301 237 350 350 535 295 240 413 197
573 497 0 600 598 597 354 534 495 345 132 592 419 558 376
181 455 600 0 366 63 404 492 263 453 638 550 377 326 334
339 453 598 366 0 363 402 490 111 451 636 548 375 194 332
178 452 597 63 363 0 401 489 260 450 635 547 374 323 331
377 301 354 404 402 401 0 338 299 207 392 396 223 362 180
465 237 534 492 490 489 338 0 387 387 572 196 277 450 234
236 350 495 263 111 260 299 387 0 348 533 445 272 91 229
426 350 345 453 451 450 207 387 348 0 383 445 272 411 229
611 535 132 638 636 635 392 572 533 383 0 630 457 596 414
523 295 592 550 548 547 396 196 445 445 630 0 335 508 292
350 240 419 377 375 374 223 277 272 272 457 335 0 335 107
299 413 558 326 194 323 362 450 91 411 596 508 335 0 292
307 197 376 334 332 331 180 234 229 229 414 292 107 292 0
