     15
object000 0 249 136 295 143 100 192 329 282 341 198 389 390 220 284
object001 249 0 318 367 200 246 341 344 323 388 185 399 379 379 438
object002 136 318 0 402 332 96 143 485 442 424 299 500 530 373 371
object003 295 367 402 0 392 286 327 537 559 499 344 606 577 313 153
object004 143 200 332 392 0 241 284 292 270 304 49 302 378 362 411
object005 100 246 96 286 241 0 41 415 327 389 237 451 393 268 356
object006 192 341 143 327 284 41 0 416 413 429 287 458 486 293 414
object007 329 344 485 537 292 415 416 0 50 222 277 486 228 481 538
object008 282 323 442 559 270 327 413 50 0 142 282 429 145 471 463
object009 341 388 424 499 304 389 429 222 142 0 313 474 180 466 476
object010 198 185 299 344 49 237 287 277 282 313 0 285 311 328 430
object011 389 399 500 606 302 451 458 486 429 474 285 0 547 540 567
object012 390 379 530 577 378 393 486 228 145 180 311 547 0 535 580
object013 220 379 373 313 362 268 293 481 471 466 328 540 535 0 346
object014 284 438 371 153 411 356 414 538 463 476 430 567 580 346 0
