0 181 449 153 488 387 519 510 454 575 171 239 483 498 490
181 0 328 160 367 266 398 389 333 454 178 246 362 377 369
449 328 0 428 197 230 204 195 337 284 446 514 326 341 175
153 160 428 0 467 366 498 489 433 554 148 216 462 477 469
488 367 197 467 0 269 267 258 376 185 485 553 365 380 238
387 266 230 366 269 0 300 291 275 356 384 452 204 219 271
519 398 204 498 267 300 0 123 407 354 516 584 396 411 149
510 389 195 489 258 291 123 0 398 345 507 575 387 402 140
454 333 337 433 376 275 407 398 0 463 451 519 371 386 378
575 454 284 554 185 356 354 345 463 0 572 640 452 467 325
171 178 446 148 485 384 516 507 451 572 0 102 480 495 487
239 246 514 216 553 452 584 575 519 640 102 0 548 563 555
483 362 326 462 365 204 396 387 371 452 480 548 0 91 367
498 377 341 477 380 219 411 402 386 467 495 563 91 0 382
490 369 175 469 238 271 149 140 378 325 487 555 367 382 0
