0 524 411 110 502 264 325 454 523 164 465 59 451 129 409 186 287 376 291
524 0 172 502 86 407 259 201 260 405 56 454 188 395 130 313 223 156 220
411 172 0 375 141 299 166 116 140 295 129 313 99 276 32 208 114 37 125
110 502 375 0 455 238 330 406 516 146 469 37 435 101 362 182 269 364 259
502 86 141 455 0 381 249 161 238 376 39 457 176 351 93 309 213 124 205
264 407 299 238 381 0 226 318 404 152 344 206 350 139 264 76 164 244 174
325 259 166 330 249 226 0 172 284 224 213 279 217 205 139 123 38 127 41
454 201 116 406 161 318 172 0 68 343 144 369 7 325 52 263 161 63 143
523 260 140 516 238 404 284 68 0 402 208 459 61 379 146 309 230 136 217
164 405 295 146 376 152 224 343 402 0 326 75 329 -2 283 80 173 267 182
465 56 129 469 39 344 213 144 208 326 0 389 140 352 75 291 152 84 172
59 454 313 37 457 206 279 369 459 75 389 0 386 83 320 124 237 315 221
451 188 99 435 176 350 217 7 61 329 140 386 0 333 48 244 162 74 158
129 395 276 101 351 139 205 325 379 -2 352 83 333 0 259 66 165 240 164
409 130 32 362 93 264 139 52 146 283 75 320 48 259 0 193 89 16 113
186 313 208 182 309 76 123 263 309 80 291 124 244 66 193 0 95 201 114
287 223 114 269 213 164 38 161 230 173 152 237 162 165 89 95 0 93 -6
376 156 37 364 124 244 127 63 136 267 84 315 74 240 16 201 93 0 88
291 220 125 259 205 174 41 143 217 182 172 221 158 164 113 114 -6 88 0
