0 424 362 249 222 268 340 228 418 274 215 245 369 207 171 298 78 232 148
424 0 190 517 490 536 300 496 104 234 483 205 55 475 439 126 346 192 276
362 190 0 455 428 474 238 434 184 172 421 143 135 413 377 64 284 130 214
249 517 455 0 41 175 433 63 511 367 34 338 462 42 78 391 171 325 241
222 490 428 41 0 148 406 36 484 340 7 311 435 15 51 364 144 298 214
268 536 474 175 148 0 452 154 530 386 141 357 481 133 97 410 190 344 260
340 300 238 433 406 452 0 412 294 124 399 95 245 391 355 174 262 108 192
228 496 434 63 36 154 412 0 490 346 29 317 441 21 57 370 150 304 220
418 104 184 511 484 530 294 490 0 228 477 199 49 469 433 120 340 186 270
274 234 172 367 340 386 124 346 228 0 333 29 179 325 289 108 196 42 126
215 483 421 34 7 141 399 29 477 333 0 304 428 8 44 357 137 291 207
245 205 143 338 311 357 95 317 199 29 304 0 150 296 260 79 167 13 97
369 55 135 462 435 481 245 441 49 179 428 150 0 420 384 71 291 137 221
207 475 413 42 15 133 391 21 469 325 8 296 420 0 36 349 129 283 199
171 439 377 78 51 97 355 57 433 289 44 260 384 36 0 313 93 247 163
298 126 64 391 364 410 174 370 120 108 357 79 71 349 313 0 220 66 150
78 346 284 171 144 190 262 150 340 196 137 167 291 129 93 220 0 154 70
232 192 130 325 298 344 108 304 186 42 291 13 137 283 247 66 154 0 84
148 276 214 241 214 260 192 220 270 126 207 97 221 199 163 150 70 84 0
