0 36 349 319 235 341 206 241 315 84 259 238 15 188 166 48 194 172 94
36 0 363 360 242 358 233 269 340 105 281 303 24 212 197 80 214 168 125
349 363 0 189 248 366 177 235 351 315 80 274 330 174 204 291 151 176 248
319 360 189 0 225 342 158 220 325 294 83 269 345 125 160 278 140 165 240
235 242 248 225 0 211 94 154 180 169 152 143 229 71 40 158 78 58 135
341 358 366 342 211 0 219 248 123 300 260 76 328 212 166 286 205 155 238
206 233 177 158 94 219 0 59 187 167 95 126 205 15 63 141 27 54 107
241 269 235 220 154 248 59 0 234 201 147 182 238 68 107 183 61 83 164
315 340 351 325 180 123 187 234 0 277 249 57 314 181 138 262 184 137 223
84 105 315 294 169 300 167 201 277 0 224 211 75 132 120 24 147 125 35
259 281 80 83 152 260 95 147 249 224 0 183 267 66 91 197 76 96 182
238 303 274 269 143 76 126 182 57 211 183 0 268 118 93 205 113 105 175
15 24 330 345 229 328 205 238 314 75 267 268 0 196 175 52 195 149 90
188 212 174 125 71 212 15 68 181 132 66 118 196 0 39 146 18 27 91
166 197 204 160 40 166 63 107 138 120 91 93 175 39 0 106 26 13 66
48 80 291 278 158 286 141 183 262 24 197 205 52 146 106 0 107 114 30
194 214 151 140 78 205 27 61 184 147 76 113 195 18 26 107 0 36 78
172 168 176 165 58 155 54 83 137 125 96 105 149 27 13 114 36 0 86
94 125 248 240 135 238 107 164 223 35 182 175 90 91 66 30 78 86 0
