0 270 321 205 23 299 176 133 194 219 250 161 170 16 93 70 61 192 95
270 0 207 353 261 185 324 281 342 367 136 309 318 254 241 218 209 78 175
321 207 0 404 312 120 375 332 393 418 71 360 369 305 292 269 260 129 226
205 353 404 0 196 382 59 198 259 284 333 44 235 189 158 135 144 275 178
23 261 312 196 0 290 167 124 185 210 241 152 161 7 84 61 52 183 86
299 185 120 382 290 0 353 310 371 396 49 338 347 283 270 247 238 107 204
176 324 375 59 167 353 0 169 230 255 304 15 206 160 129 106 115 246 149
133 281 332 198 124 310 169 0 141 166 261 154 117 117 40 63 72 203 106
194 342 393 259 185 371 230 141 0 73 322 215 24 178 101 124 133 264 167
219 367 418 284 210 396 255 166 73 0 347 240 49 203 126 149 158 289 192
250 136 71 333 241 49 304 261 322 347 0 289 298 234 221 198 189 58 155
161 309 360 44 152 338 15 154 215 240 289 0 191 145 114 91 100 231 134
170 318 369 235 161 347 206 117 24 49 298 191 0 154 77 100 109 240 143
16 254 305 189 7 283 160 117 178 203 234 145 154 0 77 54 45 176 79
93 241 292 158 84 270 129 40 101 126 221 114 77 77 0 23 32 163 66
70 218 269 135 61 247 106 63 124 149 198 91 100 54 23 0 9 140 43
61 209 260 144 52 238 115 72 133 158 189 100 109 45 32 9 0 131 34
192 78 129 275 183 107 246 203 264 289 58 231 240 176 163 140 131 0 97
95 175 226 178 86 204 149 106 167 192 155 134 143 79 66 43 34 97 0
