0 244 164 348 360 182 473 137 429 358 81 33 295 396 76 354 264 185 160
244 0 257 198 244 323 335 301 281 218 257 203 180 243 169 185 128 61 87
164 257 0 363 373 256 505 222 452 383 162 131 332 410 84 361 278 223 179
348 198 363 0 88 416 295 395 245 188 339 296 26 222 267 150 74 125 184
360 244 373 88 0 451 344 412 285 220 371 320 52 249 293 194 95 180 215
182 323 256 416 451 0 565 151 517 446 80 131 391 486 148 416 348 259 244
473 335 505 295 344 565 0 525 125 185 486 446 294 98 417 154 222 294 337
137 301 222 395 412 151 525 0 488 429 63 95 357 446 119 401 324 243 205
429 281 452 245 285 517 125 488 0 157 427 380 233 30 364 128 176 256 286
358 218 383 188 220 446 185 429 157 0 365 322 174 107 293 30 101 172 199
81 257 162 339 371 80 486 63 427 365 0 7 304 377 57 325 252 194 135
33 203 131 296 320 131 446 95 380 322 7 0 263 347 29 266 212 143 93
295 180 332 26 52 391 294 357 233 174 304 263 0 178 248 119 53 101 144
396 243 410 222 249 486 98 446 30 107 377 347 178 0 330 74 136 207 242
76 169 84 267 293 148 417 119 364 293 57 29 248 330 0 240 182 119 96
354 185 361 150 194 416 154 401 128 30 325 266 119 74 240 0 62 123 179
264 128 278 74 95 348 222 324 176 101 252 212 53 136 182 62 0 54 97
185 61 223 125 180 259 294 243 256 172 194 143 101 207 119 123 54 0 43
160 87 179 184 215 244 337 205 286 199 135 93 144 242 96 179 97 43 0
