     19
object000 0 234 463 198 369 333 480 482 147 541 96 449 462 156 284 357 266 187 255
object001 234 0 325 102 238 215 365 350 172 417 132 294 333 69 150 230 144 52 126
object002 463 325 0 337 283 232 72 204 421 283 390 40 187 303 211 104 192 293 184
object003 198 102 337 0 239 187 346 324 157 405 89 300 322 8 137 221 141 38 138
object004 369 238 283 239 0 138 301 290 318 366 285 268 273 214 89 177 89 199 138
object005 333 215 232 187 138 0 277 254 278 325 251 216 230 164 54 141 51 127 78
object006 480 365 72 346 301 277 0 237 435 291 392 50 211 336 219 115 223 317 218
object007 482 350 204 324 290 254 237 0 427 97 385 196 22 304 198 115 198 302 204
object008 147 172 421 157 318 278 435 427 0 504 30 381 414 132 243 335 238 136 212
object009 541 417 283 405 366 325 291 97 504 0 462 234 109 373 287 182 271 353 267
object010 96 132 390 89 285 251 392 385 30 462 0 346 366 79 209 284 185 103 174
object011 449 294 40 300 268 216 50 196 381 234 346 0 162 274 176 85 164 263 180
object012 462 333 187 322 273 230 211 22 414 109 366 162 0 282 191 86 172 262 178
object013 156 69 303 8 214 164 336 304 132 373 79 274 282 0 139 191 122 30 101
object014 284 150 211 137 89 54 219 198 243 287 209 176 191 139 0 109 5 108 24
object015 357 230 104 221 177 141 115 115 335 182 284 85 86 191 109 0 94 190 99
object016 266 144 192 141 89 51 223 198 238 271 185 164 172 122 5 94 0 105 11
object017 187 52 293 38 199 127 317 302 136 353 103 263 262 30 108 190 105 0 94
object018 255 126 184 138 138 78 218 204 212 267 174 180 178 101 24 99 11 94 0
