0 157 212 301 330 246 280 312 91 294 215 201 127 245 49 170 105 128 119
157 0 159 248 277 193 183 215 150 241 118 148 30 192 108 117 52 75 66
212 159 0 257 286 202 282 314 205 250 217 157 129 201 163 126 107 84 93
301 248 257 0 141 207 371 403 294 255 306 162 218 56 252 131 196 173 182
330 277 286 141 0 236 400 432 323 284 335 191 247 85 281 160 225 202 211
246 193 202 207 236 0 316 348 239 138 251 45 163 151 197 76 141 118 127
280 183 282 371 400 316 0 162 273 364 65 271 153 315 231 240 175 198 189
312 215 314 403 432 348 162 0 305 396 97 303 185 347 263 272 207 230 221
91 150 205 294 323 239 273 305 0 287 208 194 120 238 42 163 98 121 112
294 241 250 255 284 138 364 396 287 0 299 93 211 199 245 124 189 166 175
215 118 217 306 335 251 65 97 208 299 0 206 88 250 166 175 110 133 124
201 148 157 162 191 45 271 303 194 93 206 0 118 106 152 31 96 73 82
127 30 129 218 247 163 153 185 120 211 88 118 0 162 78 87 22 45 36
245 192 201 56 85 151 315 347 238 199 250 106 162 0 196 75 140 117 126
49 108 163 252 281 197 231 263 42 245 166 152 78 196 0 121 56 79 70
170 117 126 131 160 76 240 272 163 124 175 31 87 75 121 0 65 42 51
105 52 107 196 225 141 175 207 98 189 110 96 22 140 56 65 0 23 14
128 75 84 173 202 118 198 230 121 166 133 73 45 117 79 42 23 0 9
119 66 93 182 211 127 189 221 112 175 124 82 36 126 70 51 14 9 0
