0 230 138 467 490 563 530 623 256 624 621 52 560 432 482 135 395 228 300
230 0 264 427 450 523 490 583 216 584 581 178 520 392 442 95 355 188 260
138 264 0 501 524 597 564 657 290 658 655 86 594 466 516 169 429 262 334
467 427 501 0 167 240 133 300 267 301 298 415 237 35 159 332 72 239 167
490 450 524 167 0 89 230 149 290 150 147 438 86 132 8 355 95 262 190
563 523 597 240 89 0 303 66 363 67 64 511 3 205 81 428 168 335 263
530 490 564 133 230 303 0 363 330 364 361 478 300 98 222 395 135 302 230
623 583 657 300 149 66 363 0 423 5 2 571 63 265 141 488 228 395 323
256 216 290 267 290 363 330 423 0 424 421 204 360 232 282 121 195 28 100
624 584 658 301 150 67 364 5 424 0 3 572 64 266 142 489 229 396 324
621 581 655 298 147 64 361 2 421 3 0 569 61 263 139 486 226 393 321
52 178 86 415 438 511 478 571 204 572 569 0 508 380 430 83 343 176 248
560 520 594 237 86 3 300 63 360 64 61 508 0 202 78 425 165 332 260
432 392 466 35 132 205 98 265 232 266 263 380 202 0 124 297 37 204 132
482 442 516 159 8 81 222 141 282 142 139 430 78 124 0 347 87 254 182
135 95 169 332 355 428 395 488 121 489 486 83 425 297 347 0 260 93 165
395 355 429 72 95 168 135 228 195 229 226 343 165 37 87 260 0 167 95
228 188 262 239 262 335 302 395 28 396 393 176 332 204 254 93 167 0 72
300 260 334 167 190 263 230 323 100 324 321 248 260 132 182 165 95 72 0
