0 204 218 158 180 243 214 226 283 233 204 156 197 230 131 135 112 97 47
204 0 161 156 143 241 212 230 284 230 213 87 184 200 68 135 118 105 185
218 161 0 162 80 255 231 214 283 239 234 62 201 236 82 169 136 97 182
158 156 162 0 127 146 76 94 130 149 88 116 57 127 74 21 23 42 114
180 143 80 127 0 251 195 195 259 219 196 25 177 215 55 124 110 95 163
243 241 255 146 251 0 195 188 253 31 189 202 171 31 176 138 129 151 226
214 212 231 76 195 195 0 58 105 195 62 185 18 180 138 86 90 97 177
226 230 214 94 195 188 58 0 52 180 11 180 38 185 138 67 90 126 202
283 284 283 130 259 253 105 52 0 245 49 247 91 222 210 147 136 177 249
233 230 239 149 219 31 195 180 245 0 205 180 159 9 132 121 109 114 196
204 213 234 88 196 189 62 11 49 205 0 161 33 161 137 60 90 110 185
156 87 62 116 25 202 185 180 247 180 161 0 133 178 32 94 82 32 128
197 184 201 57 177 171 18 38 91 159 33 133 0 143 98 47 56 74 157
230 200 236 127 215 31 180 185 222 9 161 178 143 0 123 119 96 114 191
131 68 82 74 55 176 138 138 210 132 137 32 98 123 0 64 60 24 100
135 135 169 21 124 138 86 67 147 121 60 94 47 119 64 0 -3 45 101
112 118 136 23 110 129 90 90 136 109 90 82 56 96 60 -3 0 8 100
97 105 97 42 95 151 97 126 177 114 110 32 74 114 24 45 8 0 81
47 185 182 114 163 226 177 202 249 196 185 128 157 191 100 101 100 81 0
