0 420 208 241 81 190 250 191 382 288 77 176 377 182 157 115 141 230 329
420 0 346 379 347 328 440 381 48 248 343 314 43 372 295 305 279 190 91
208 346 0 97 135 84 228 169 308 214 131 32 303 160 51 93 67 156 255
241 379 97 0 168 117 261 202 341 247 164 65 336 193 84 126 100 189 288
81 347 135 168 0 117 177 118 309 215 4 103 304 109 84 42 68 157 256
190 328 84 117 117 0 210 151 290 196 113 52 285 142 33 75 49 138 237
250 440 228 261 177 210 0 77 402 308 173 196 397 68 177 135 161 250 349
191 381 169 202 118 151 77 0 343 249 114 137 338 9 118 76 102 191 290
382 48 308 341 309 290 402 343 0 210 305 276 5 334 257 267 241 152 53
288 248 214 247 215 196 308 249 210 0 211 182 205 240 163 173 147 58 157
77 343 131 164 4 113 173 114 305 211 0 99 300 105 80 38 64 153 252
176 314 32 65 103 52 196 137 276 182 99 0 271 128 19 61 35 124 223
377 43 303 336 304 285 397 338 5 205 300 271 0 329 252 262 236 147 48
182 372 160 193 109 142 68 9 334 240 105 128 329 0 109 67 93 182 281
157 295 51 84 84 33 177 118 257 163 80 19 252 109 0 42 16 105 204
115 305 93 126 42 75 135 76 267 173 38 61 262 67 42 0 26 115 214
141 279 67 100 68 49 161 102 241 147 64 35 236 93 16 26 0 89 188
230 190 156 189 157 138 250 191 152 58 153 124 147 182 105 115 89 0 99
329 91 255 288 256 237 349 290 53 157 252 223 48 281 204 214 188 99 0
