0 309 295 320 190 252 209 256 314 233 169 286 147 288 208 57 237 189 99
309 0 55 140 362 435 172 242 139 434 360 15 351 110 177 256 73 128 207
295 55 0 146 366 436 181 230 93 417 352 -21 316 100 147 228 63 119 202
320 140 146 0 383 441 187 240 47 440 356 123 359 23 168 265 79 155 223
190 362 366 383 0 124 286 351 373 117 52 365 49 365 285 133 318 241 160
252 435 436 441 124 0 376 393 436 147 106 425 99 409 368 205 379 289 231
209 172 181 187 286 376 0 86 160 341 275 163 254 153 24 175 100 57 107
256 242 230 240 351 393 86 0 240 358 330 217 316 217 56 209 153 90 171
314 139 93 47 373 436 160 240 0 390 338 113 334 16 160 235 49 137 197
233 434 417 440 117 147 341 358 390 0 59 394 58 387 321 178 340 273 204
169 360 352 356 52 106 275 330 338 59 0 344 12 344 281 104 282 221 129
286 15 -21 123 365 425 163 217 113 394 344 0 345 101 151 245 63 132 200
147 351 316 359 49 99 254 316 334 58 12 345 0 327 255 96 291 224 123
288 110 100 23 365 409 153 217 16 387 344 101 327 0 140 212 49 107 176
208 177 147 168 285 368 24 56 160 321 281 151 255 140 0 148 123 35 103
57 256 228 265 133 205 175 209 235 178 104 245 96 212 148 0 192 124 20
237 73 63 79 318 379 100 153 49 340 282 63 291 49 123 192 0 61 143
189 128 119 155 241 289 57 90 137 273 221 132 224 107 35 124 61 0 70
99 207 202 223 160 231 107 171 197 204 129 200 123 176 103 20 143 70 0
