0 312 253 265 265 256 213 327 203 337 314 224 249 177 162 151 121 96 66
312 0 373 79 385 376 223 447 323 457 434 344 63 297 282 161 241 216 246
253 373 0 326 164 185 274 132 214 142 119 29 310 76 91 212 132 157 187
265 79 326 0 338 329 176 400 276 410 387 297 16 250 235 114 194 169 199
265 385 164 338 0 197 286 238 226 248 225 135 322 88 103 224 144 169 199
256 376 185 329 197 0 277 259 217 269 246 156 313 109 94 215 135 160 190
213 223 274 176 286 277 0 348 224 358 335 245 160 198 183 62 142 117 147
327 447 132 400 238 259 348 0 288 36 13 103 384 150 165 286 206 231 261
203 323 214 276 226 217 224 288 0 298 275 185 260 138 123 162 82 107 137
337 457 142 410 248 269 358 36 298 0 23 113 394 160 175 296 216 241 271
314 434 119 387 225 246 335 13 275 23 0 90 371 137 152 273 193 218 248
224 344 29 297 135 156 245 103 185 113 90 0 281 47 62 183 103 128 158
249 63 310 16 322 313 160 384 260 394 371 281 0 234 219 98 178 153 183
177 297 76 250 88 109 198 150 138 160 137 47 234 0 15 136 56 81 111
162 282 91 235 103 94 183 165 123 175 152 62 219 15 0 121 41 66 96
151 161 212 114 224 215 62 286 162 296 273 183 98 136 121 0 80 55 85
121 241 132 194 144 135 142 206 82 216 193 103 178 56 41 80 0 25 55
96 216 157 169 169 160 117 231 107 241 218 128 153 81 66 55 25 0 30
66 246 187 199 199 190 147 261 137 271 248 158 183 111 96 85 55 30 0
