0 180 344 280 347 312 185 310 207 270 157 278 65 103 265 319 223 176 117
180 0 399 328 412 382 256 371 109 332 33 343 129 154 328 367 290 232 180
344 399 0 97 285 230 364 138 441 280 381 80 295 252 90 209 129 194 231
280 328 97 0 217 160 283 46 361 201 298 -5 214 202 10 146 77 129 144
347 412 285 217 0 95 369 244 465 292 377 220 314 282 211 64 145 203 242
312 382 230 160 95 0 304 178 408 222 328 151 251 210 158 23 79 160 188
185 256 364 283 369 304 0 321 297 288 212 290 145 104 281 311 229 194 124
310 371 138 46 244 178 321 0 401 243 323 64 252 214 58 190 112 152 195
207 109 441 361 465 408 297 401 0 360 86 355 143 179 348 398 290 262 202
270 332 280 201 292 222 288 243 360 0 286 225 194 180 190 223 146 87 146
157 33 381 298 377 328 212 323 86 286 0 297 67 108 312 330 231 198 153
278 343 80 -5 220 151 290 64 355 225 297 0 223 180 -3 134 56 88 148
65 129 295 214 314 251 145 252 143 194 67 223 0 43 211 227 144 103 56
103 154 252 202 282 210 104 214 179 180 108 180 43 0 179 221 124 75 23
265 328 90 10 211 158 281 58 348 190 312 -3 211 179 0 136 46 105 134
319 367 209 146 64 23 311 190 398 223 330 134 227 221 136 0 97 137 162
223 290 129 77 145 79 229 112 290 146 231 56 144 124 46 97 0 47 97
176 232 194 129 203 160 194 152 262 87 198 88 103 75 105 137 47 0 48
117 180 231 144 242 188 124 195 202 146 153 148 56 23 134 162 97 48 0
