0 48 61 252 253 238 199 409 350 420 378 163 17 313 230 176 133 73 44
48 0 114 297 296 302 248 465 396 462 413 201 43 360 279 248 175 104 78
61 114 0 181 186 177 146 372 286 368 328 114 61 254 170 128 65 4 2
252 297 181 0 191 211 187 396 356 387 335 73 251 278 214 164 124 191 186
253 296 186 191 0 240 170 410 332 404 354 83 241 302 206 181 107 201 206
238 302 177 211 240 0 61 196 127 178 164 155 256 92 -12 68 109 187 199
199 248 146 187 170 61 0 253 183 257 201 72 186 122 61 7 65 137 156
409 465 372 396 410 196 253 0 160 91 32 317 414 114 169 240 291 342 370
350 396 286 356 332 127 183 160 0 172 138 249 364 65 123 197 221 292 305
420 462 368 387 404 178 257 91 172 0 68 316 427 94 165 220 294 353 390
378 413 328 335 354 164 201 32 138 68 0 275 356 62 151 191 224 298 334
163 201 114 73 83 155 72 317 249 316 275 0 154 199 116 93 48 112 130
17 43 61 251 241 256 186 414 364 427 356 154 0 314 264 187 127 52 33
313 360 254 278 302 92 122 114 65 94 62 199 314 0 88 127 155 246 259
230 279 170 214 206 -12 61 169 123 165 151 116 264 88 0 52 106 190 184
176 248 128 164 181 68 7 240 197 220 191 93 187 127 52 0 36 120 146
133 175 65 124 107 109 65 291 221 294 224 48 127 155 106 36 0 78 89
73 104 4 191 201 187 137 342 292 353 298 112 52 246 190 120 78 0 8
44 78 2 186 206 199 156 370 305 390 334 130 33 259 184 146 89 8 0
