0 151 258 197 60 203 341 382 386 213 198 293 30 255 200 164 141 52 144
151 0 305 244 151 250 388 429 433 260 245 340 121 302 247 211 188 99 7
258 305 0 173 258 179 199 240 244 189 174 151 228 113 58 140 117 206 298
197 244 173 0 197 72 256 297 301 82 67 208 167 170 115 33 56 145 237
60 151 258 197 0 203 341 382 386 213 198 293 30 255 200 164 141 52 144
203 250 179 72 203 0 262 303 307 20 5 214 173 176 121 39 62 151 243
341 388 199 256 341 262 0 213 217 272 257 124 311 86 141 223 200 289 381
382 429 240 297 382 303 213 0 182 313 298 89 352 127 182 264 241 330 422
386 433 244 301 386 307 217 182 0 317 302 93 356 131 186 268 245 334 426
213 260 189 82 213 20 272 313 317 0 15 224 183 186 131 49 72 161 253
198 245 174 67 198 5 257 298 302 15 0 209 168 171 116 34 57 146 238
293 340 151 208 293 214 124 89 93 224 209 0 263 38 93 175 152 241 333
30 121 228 167 30 173 311 352 356 183 168 263 0 225 170 134 111 22 114
255 302 113 170 255 176 86 127 131 186 171 38 225 0 55 137 114 203 295
200 247 58 115 200 121 141 182 186 131 116 93 170 55 0 82 59 148 240
164 211 140 33 164 39 223 264 268 49 34 175 134 137 82 0 23 112 204
141 188 117 56 141 62 200 241 245 72 57 152 111 114 59 23 0 89 181
52 99 206 145 52 151 289 330 334 161 146 241 22 203 148 112 89 0 92
144 7 298 237 144 243 381 422 426 253 238 333 114 295 240 204 181 92 0
