0 186 236 224 245 311 287 302 290 239 215 217 164 291 247 196 127 103 44
186 0 213 187 234 254 247 249 226 187 152 137 110 245 214 162 82 57 136
236 213 0 269 98 137 124 325 291 248 243 245 170 108 96 11 119 109 209
224 187 269 0 298 346 323 210 195 144 128 106 93 291 277 240 137 123 188
245 234 98 298 0 84 66 358 313 261 270 268 206 59 1 80 164 165 215
311 254 137 346 84 0 37 388 382 315 308 289 245 38 76 105 207 199 260
287 247 124 323 66 37 0 373 361 290 269 284 237 4 52 88 181 167 258
302 249 325 210 358 388 373 0 167 98 86 102 138 360 301 262 177 191 257
290 226 291 195 313 382 361 167 0 91 58 71 108 346 290 259 156 164 231
239 187 248 144 261 315 290 98 91 0 13 19 65 290 241 220 118 118 190
215 152 243 128 270 308 269 86 58 13 0 2 25 261 228 188 95 102 159
217 137 245 106 268 289 284 102 71 19 2 0 34 256 216 168 93 90 165
164 110 170 93 206 245 237 138 108 65 25 34 0 222 178 151 63 55 105
291 245 108 291 59 38 4 360 346 290 261 256 222 0 54 90 188 174 231
247 214 96 277 1 76 52 301 290 241 228 216 178 54 0 32 143 135 196
196 162 11 240 80 105 88 262 259 220 188 168 151 90 32 0 89 86 147
127 82 119 137 164 207 181 177 156 118 95 93 63 188 143 89 0 2 68
103 57 109 123 165 199 167 191 164 118 102 90 55 174 135 86 2 0 79
44 136 209 188 215 260 258 257 231 190 159 165 105 231 196 147 68 79 0
