0 255 408 264 247 519 258 242 331 306 410 228 178 193 316 167 91 154 223
255 0 487 172 360 591 345 332 390 236 481 140 269 285 392 84 162 225 290
408 487 0 476 392 124 371 353 128 569 33 480 314 315 95 412 325 256 180
264 172 476 0 330 580 348 324 424 107 470 2 285 285 395 99 174 223 310
247 360 392 330 0 469 125 88 287 399 383 326 50 74 289 238 169 129 219
519 591 124 580 469 0 479 463 237 648 119 564 416 418 207 498 396 370 293
258 345 371 348 125 479 0 116 306 410 371 313 61 85 277 246 171 113 214
242 332 353 324 88 463 116 0 288 390 361 306 61 57 258 249 159 112 192
331 390 128 424 287 237 306 288 0 479 124 394 250 232 5 302 239 167 109
306 236 569 107 399 648 410 390 479 0 554 78 347 340 437 141 237 281 380
410 481 33 470 383 119 371 361 124 554 0 453 327 317 92 394 316 260 186
228 140 480 2 326 564 313 306 394 78 453 0 263 259 377 85 158 179 294
178 269 314 285 50 416 61 61 250 347 327 263 0 6 214 202 113 65 115
193 285 315 285 74 418 85 57 232 340 317 259 6 0 223 186 87 56 124
316 392 95 395 289 207 277 258 5 437 92 377 214 223 0 289 208 159 83
167 84 412 99 238 498 246 249 302 141 394 85 202 186 289 0 80 133 219
91 162 325 174 169 396 171 159 239 237 316 158 113 87 208 80 0 57 143
154 225 256 223 129 370 113 112 167 281 260 179 65 56 159 133 57 0 94
223 290 180 310 219 293 214 192 109 380 186 294 115 124 83 219 143 94 0
