0 152 409 413 419 362 487 463 466 152 349 406 70 380 336 109 315 255 192
152 0 421 425 431 374 499 475 478 164 361 418 82 392 348 121 327 267 204
409 421 0 312 198 73 386 242 365 343 60 305 339 159 235 300 94 154 217
413 425 312 0 322 265 228 366 207 347 252 147 343 283 77 304 218 158 221
419 431 198 322 0 151 396 122 375 353 138 315 349 39 245 310 104 164 227
362 374 73 265 151 0 339 195 318 296 13 258 292 112 188 253 47 107 170
487 499 386 228 396 339 0 440 141 421 326 81 417 357 151 378 292 232 295
463 475 242 366 122 195 440 0 419 397 182 359 393 83 289 354 148 208 271
466 478 365 207 375 318 141 419 0 400 305 60 396 336 130 357 271 211 274
152 164 343 347 353 296 421 397 400 0 283 340 82 314 270 43 249 189 126
349 361 60 252 138 13 326 182 305 283 0 245 279 99 175 240 34 94 157
406 418 305 147 315 258 81 359 60 340 245 0 336 276 70 297 211 151 214
70 82 339 343 349 292 417 393 396 82 279 336 0 310 266 39 245 185 122
380 392 159 283 39 112 357 83 336 314 99 276 310 0 206 271 65 125 188
336 348 235 77 245 188 151 289 130 270 175 70 266 206 0 227 141 81 144
109 121 300 304 310 253 378 354 357 43 240 297 39 271 227 0 206 146 83
315 327 94 218 104 47 292 148 271 249 34 211 245 65 141 206 0 60 123
255 267 154 158 164 107 232 208 211 189 94 151 185 125 81 146 60 0 63
192 204 217 221 227 170 295 271 274 126 157 214 122 188 144 83 123 63 0
