0 190 175 158 78 228 217 280 293 287 187 197 16 162 130 144 67 51 142
190 0 257 233 250 296 318 359 374 365 270 285 174 229 232 204 175 123 38
175 257 0 182 235 224 118 160 177 274 196 85 157 45 36 125 85 126 210
158 233 182 0 228 127 220 254 290 188 92 202 151 163 131 38 73 110 202
78 250 235 228 0 288 281 331 343 326 284 272 80 214 196 194 149 102 194
228 296 224 127 288 0 287 310 355 94 33 245 200 214 190 86 149 150 279
217 318 118 220 281 287 0 163 194 331 227 121 207 68 79 173 131 173 235
280 359 160 254 331 310 163 0 146 384 305 67 269 93 129 237 176 214 279
293 374 177 290 343 355 194 146 0 393 315 73 295 126 143 253 214 248 319
287 365 274 188 326 94 331 384 393 0 87 323 275 276 233 162 181 224 322
187 270 196 92 284 33 227 305 315 87 0 223 193 183 162 66 114 167 207
197 285 85 202 272 245 121 67 73 323 223 0 202 57 67 184 134 150 235
16 174 157 151 80 200 207 269 295 275 193 202 0 155 137 125 70 53 130
162 229 45 163 214 214 68 93 126 276 183 57 155 0 20 127 65 117 178
130 232 36 131 196 190 79 129 143 233 162 67 137 20 0 106 66 93 158
144 204 125 38 194 86 173 237 253 162 66 184 125 127 106 0 59 85 154
67 175 85 73 149 149 131 176 214 181 114 134 70 65 66 59 0 44 100
51 123 126 110 102 150 173 214 248 224 167 150 53 117 93 85 44 0 100
142 38 210 202 194 279 235 279 319 322 207 235 130 178 158 154 100 100 0
