0 411 241 284 203 367 25 288 303 388 336 203 43 208 119 285 184 214 211
411 0 260 454 346 243 401 309 264 126 56 353 387 245 301 145 206 193 196
241 260 0 294 189 203 229 104 150 227 192 195 224 20 111 112 42 66 50
284 454 294 0 92 424 254 321 325 424 377 83 259 251 172 300 249 272 252
203 346 189 92 0 308 180 271 230 331 296 2 166 187 89 213 149 188 135
367 243 203 424 308 0 328 257 224 206 169 307 338 188 239 79 168 140 152
25 401 229 254 180 328 0 291 287 365 349 159 18 210 103 248 181 193 189
288 309 104 321 271 257 291 0 193 303 242 238 281 60 176 178 106 118 117
303 264 150 325 230 224 287 193 0 262 181 230 279 116 187 121 94 65 104
388 126 227 424 331 206 365 303 262 0 51 334 360 223 265 120 204 181 191
336 56 192 377 296 169 349 242 181 51 0 283 313 169 205 81 147 122 130
203 353 195 83 2 307 159 238 230 334 283 0 168 168 56 223 135 170 144
43 387 224 259 166 338 18 281 279 360 313 168 0 202 113 244 179 204 168
208 245 20 251 187 188 210 60 116 223 169 168 202 0 116 110 13 39 15
119 301 111 172 89 239 103 176 187 265 205 56 113 116 0 149 82 95 94
285 145 112 300 213 79 248 178 121 120 81 223 244 110 149 0 58 45 52
184 206 42 249 149 168 181 106 94 204 147 135 179 13 82 58 0 25 20
214 193 66 272 188 140 193 118 65 181 122 170 204 39 95 45 25 0 24
211 196 50 252 135 152 189 117 104 191 130 144 168 15 94 52 20 24 0
