0 155 437 151 390 377 389 265 322 272 358 73 296 259 269 133 206 255 288
155 0 326 160 279 266 278 154 211 161 247 82 185 148 158 22 95 144 177
437 326 0 442 317 98 316 192 347 297 79 364 223 186 294 304 231 182 149
151 160 442 0 395 382 394 270 327 277 363 78 301 264 274 138 211 260 293
390 279 317 395 0 257 187 137 300 250 238 317 94 131 247 257 184 135 168
377 266 98 382 257 0 256 132 287 237 19 304 163 126 234 244 171 122 89
389 278 316 394 187 256 0 136 299 249 237 316 93 130 246 256 183 134 167
265 154 192 270 137 132 136 0 175 125 113 192 43 6 122 132 59 10 43
322 211 347 327 300 287 299 175 0 56 268 249 206 169 53 189 116 165 198
272 161 297 277 250 237 249 125 56 0 218 199 156 119 3 139 66 115 148
358 247 79 363 238 19 237 113 268 218 0 285 144 107 215 225 152 103 70
73 82 364 78 317 304 316 192 249 199 285 0 223 186 196 60 133 182 215
296 185 223 301 94 163 93 43 206 156 144 223 0 37 153 163 90 41 74
259 148 186 264 131 126 130 6 169 119 107 186 37 0 116 126 53 4 37
269 158 294 274 247 234 246 122 53 3 215 196 153 116 0 136 63 112 145
133 22 304 138 257 244 256 132 189 139 225 60 163 126 136 0 73 122 155
206 95 231 211 184 171 183 59 116 66 152 133 90 53 63 73 0 49 82
255 144 182 260 135 122 134 10 165 115 103 182 41 4 112 122 49 0 33
288 177 149 293 168 89 167 43 198 148 70 215 74 37 145 155 82 33 0
