0 151 148 87 210 203 223 149 122 171 158 79 116 70 1 64 142 6 88
151 0 15 226 359 352 372 288 261 320 307 218 265 219 150 203 9 145 63
148 15 0 223 356 349 369 285 258 317 304 215 262 216 147 200 6 142 60
87 226 223 0 295 288 308 108 51 256 243 8 201 155 86 23 217 81 163
210 359 356 295 0 181 293 357 330 241 228 287 94 140 209 272 350 214 296
203 352 349 288 181 0 286 350 323 234 221 280 87 133 202 265 343 207 289
223 372 369 308 293 286 0 370 343 78 65 300 199 153 222 285 363 227 309
149 288 285 108 357 350 370 0 143 318 305 100 263 217 148 85 279 143 225
122 261 258 51 330 323 343 143 0 291 278 43 236 190 121 58 252 116 198
171 320 317 256 241 234 78 318 291 0 13 248 147 101 170 233 311 175 257
158 307 304 243 228 221 65 305 278 13 0 235 134 88 157 220 298 162 244
79 218 215 8 287 280 300 100 43 248 235 0 193 147 78 15 209 73 155
116 265 262 201 94 87 199 263 236 147 134 193 0 46 115 178 256 120 202
70 219 216 155 140 133 153 217 190 101 88 147 46 0 69 132 210 74 156
1 150 147 86 209 202 222 148 121 170 157 78 115 69 0 63 141 5 87
64 203 200 23 272 265 285 85 58 233 220 15 178 132 63 0 194 58 140
142 9 6 217 350 343 363 279 252 311 298 209 256 210 141 194 0 136 54
6 145 142 81 214 207 227 143 116 175 162 73 120 74 5 58 136 0 82
88 63 60 163 296 289 309 225 198 257 244 155 202 156 87 140 54 82 0
