0 311 200 204 126 328 198 254 241 317 253 167 228 123 55 159 17 156 91
311 0 477 481 403 327 475 247 96 316 252 444 83 400 332 152 294 155 220
200 477 0 70 216 494 152 420 407 483 419 33 394 77 145 325 183 322 257
204 481 70 0 220 498 156 424 411 487 423 37 398 81 149 329 187 326 261
126 403 216 220 0 420 214 346 333 409 345 183 320 139 71 251 109 248 183
328 327 494 498 420 0 492 270 257 139 75 461 244 417 349 175 311 172 237
198 475 152 156 214 492 0 418 405 481 417 119 392 75 143 323 181 320 255
254 247 420 424 346 270 418 0 177 259 195 387 164 343 275 95 237 98 163
241 96 407 411 333 257 405 177 0 246 182 374 13 330 262 82 224 85 150
317 316 483 487 409 139 481 259 246 0 64 450 233 406 338 164 300 161 226
253 252 419 423 345 75 417 195 182 64 0 386 169 342 274 100 236 97 162
167 444 33 37 183 461 119 387 374 450 386 0 361 44 112 292 150 289 224
228 83 394 398 320 244 392 164 13 233 169 361 0 317 249 69 211 72 137
123 400 77 81 139 417 75 343 330 406 342 44 317 0 68 248 106 245 180
55 332 145 149 71 349 143 275 262 338 274 112 249 68 0 180 38 177 112
159 152 325 329 251 175 323 95 82 164 100 292 69 248 180 0 142 3 68
17 294 183 187 109 311 181 237 224 300 236 150 211 106 38 142 0 139 74
156 155 322 326 248 172 320 98 85 161 97 289 72 245 177 3 139 0 65
91 220 257 261 183 237 255 163 150 226 162 224 137 180 112 68 74 65 0
