0 268 164 178 202 119 227 294 300 322 52 249 235 188 130 126 149 229 232
268 0 180 148 218 283 243 104 110 120 216 59 33 204 146 142 119 39 36
164 180 0 90 106 179 131 206 212 234 112 161 147 92 34 38 61 141 144
178 148 90 0 128 193 153 174 180 202 126 129 115 114 56 52 29 109 112
202 218 106 128 0 217 53 244 250 272 150 199 185 14 72 76 99 179 182
119 283 179 193 217 0 242 309 315 337 67 264 250 203 145 141 164 244 247
227 243 131 153 53 242 0 269 275 297 175 224 210 39 97 101 124 204 207
294 104 206 174 244 309 269 0 96 158 242 45 71 230 172 168 145 65 68
300 110 212 180 250 315 275 96 0 164 248 51 77 236 178 174 151 71 74
322 120 234 202 272 337 297 158 164 0 270 113 87 258 200 196 173 93 90
52 216 112 126 150 67 175 242 248 270 0 197 183 136 78 74 97 177 180
249 59 161 129 199 264 224 45 51 113 197 0 26 185 127 123 100 20 23
235 33 147 115 185 250 210 71 77 87 183 26 0 171 113 109 86 6 3
188 204 92 114 14 203 39 230 236 258 136 185 171 0 58 62 85 165 168
130 146 34 56 72 145 97 172 178 200 78 127 113 58 0 4 27 107 110
126 142 38 52 76 141 101 168 174 196 74 123 109 62 4 0 23 103 106
149 119 61 29 99 164 124 145 151 173 97 100 86 85 27 23 0 80 83
229 39 141 109 179 244 204 65 71 93 177 20 6 165 107 103 80 0 3
232 36 144 112 182 247 207 68 74 90 180 23 3 168 110 106 83 3 0
