0 155 333 267 374 283 429 459 320 202 151 393 196 55 312 138 245 199 235
155 0 378 312 419 328 474 504 365 55 4 438 241 100 357 183 290 244 280
333 378 0 324 309 340 364 394 163 425 374 328 253 278 247 195 88 134 170
267 312 324 0 365 158 420 450 311 359 308 384 71 212 303 129 236 190 226
374 419 309 365 0 381 179 209 296 466 415 143 294 319 62 236 221 175 139
283 328 340 158 381 0 436 466 327 375 324 400 87 228 319 145 252 206 242
429 474 364 420 179 436 0 102 351 521 470 36 349 374 117 291 276 230 194
459 504 394 450 209 466 102 0 381 551 500 66 379 404 147 321 306 260 224
320 365 163 311 296 327 351 381 0 412 361 315 240 265 234 182 75 121 157
202 55 425 359 466 375 521 551 412 0 51 485 288 147 404 230 337 291 327
151 4 374 308 415 324 470 500 361 51 0 434 237 96 353 179 286 240 276
393 438 328 384 143 400 36 66 315 485 434 0 313 338 81 255 240 194 158
196 241 253 71 294 87 349 379 240 288 237 313 0 141 232 58 165 119 155
55 100 278 212 319 228 374 404 265 147 96 338 141 0 257 83 190 144 180
312 357 247 303 62 319 117 147 234 404 353 81 232 257 0 174 159 113 77
138 183 195 129 236 145 291 321 182 230 179 255 58 83 174 0 107 61 97
245 290 88 236 221 252 276 306 75 337 286 240 165 190 159 107 0 46 82
199 244 134 190 175 206 230 260 121 291 240 194 119 144 113 61 46 0 36
235 280 170 226 139 242 194 224 157 327 276 158 155 180 77 97 82 36 0
