     19
object000 0 260 274 332 109 316 332 279 262 329 273 291 254 34 256 182 107 187 197
object001 260 0 141 382 245 198 336 322 317 379 122 327 301 190 284 232 142 60 64
object002 274 141 0 388 287 76 354 359 335 390 3 342 313 235 306 232 158 83 85
object003 332 382 388 0 335 434 79 252 234 325 386 55 218 282 206 137 229 318 319
object004 109 245 287 335 0 330 302 287 265 333 243 275 226 41 241 189 100 216 193
object005 316 198 76 434 330 0 417 401 388 453 72 386 366 281 350 306 201 126 133
object006 332 336 354 79 302 417 0 235 217 287 359 44 189 240 193 110 188 304 278
object007 279 322 359 252 287 401 235 0 80 143 335 208 71 224 50 109 194 269 263
object008 262 317 335 234 265 388 217 80 0 125 315 200 30 207 15 98 155 256 249
object009 329 379 390 325 333 453 287 143 125 0 377 246 89 255 93 142 234 318 293
object010 273 122 3 386 243 72 359 335 315 377 0 308 298 194 276 222 127 78 78
object011 291 327 342 55 275 386 44 208 200 246 308 0 167 216 156 94 178 263 266
object012 254 301 313 218 226 366 189 71 30 89 298 167 0 197 15 60 135 225 218
object013 34 190 235 282 41 281 240 224 207 255 194 216 197 0 185 120 67 124 126
object014 256 284 306 206 241 350 193 50 15 93 276 156 15 185 0 59 135 220 216
object015 182 232 232 137 189 306 110 109 98 142 222 94 60 120 59 0 71 158 150
object016 107 142 158 229 100 201 188 194 155 234 127 178 135 67 135 71 0 84 66
object017 187 60 83 318 216 126 304 269 256 318 78 263 225 124 220 158 84 0 17
object018 197 64 85 319 193 133 278 263 249 293 78 266 218 126 216 150 66 17 0
