0 385 459 344 353 444 460 354 415 167 402 369 269 335 346 244 181 141 48
385 0 84 311 72 293 324 344 280 272 274 4 234 198 43 94 177 230 299
459 84 0 380 142 371 383 417 342 344 340 81 317 273 130 204 269 309 402
344 311 380 0 306 380 393 176 334 225 346 315 79 295 282 172 149 182 270
353 72 142 306 0 285 305 320 261 254 248 61 235 190 12 118 188 204 292
444 293 371 380 285 0 93 392 162 318 16 289 284 78 244 164 238 274 386
460 324 383 393 305 93 0 422 194 342 47 300 315 115 283 217 248 296 380
354 344 417 176 320 392 422 0 374 266 374 357 111 316 310 236 153 233 298
415 280 342 334 261 162 194 374 0 284 125 274 270 72 229 157 213 269 340
167 272 344 225 254 318 342 266 284 0 274 250 149 240 225 136 82 29 134
402 274 340 346 248 16 47 374 125 274 0 264 259 58 230 155 188 258 333
369 4 81 315 61 289 300 357 274 250 264 0 233 185 37 109 187 208 310
269 234 317 79 235 284 315 111 270 149 259 233 0 186 188 128 64 110 208
335 198 273 295 190 78 115 316 72 240 58 185 186 0 163 69 156 201 267
346 43 130 282 12 244 283 310 229 225 230 37 188 163 0 76 132 196 278
244 94 204 172 118 164 217 236 157 136 155 109 128 69 76 0 40 104 210
181 177 269 149 188 238 248 153 213 82 188 187 64 156 132 40 0 60 138
141 230 309 182 204 274 296 233 269 29 258 208 110 201 196 104 60 0 92
48 299 402 270 292 386 380 298 340 134 333 310 208 267 278 210 138 92 0
