0 245 281 365 322 153 256 223 250 295 271 213 229 192 131 191 107 182 105
245 0 176 426 395 225 122 288 46 187 338 99 31 288 190 69 156 61 137
281 176 0 456 419 246 161 320 141 216 349 151 128 313 217 97 198 105 197
365 426 456 0 153 277 411 165 403 477 87 393 394 160 226 382 276 341 259
322 395 419 153 0 246 383 136 383 415 83 346 365 115 208 334 223 318 243
153 225 246 277 246 0 198 151 217 241 182 176 187 111 43 157 61 145 73
256 122 161 411 383 198 0 281 124 100 302 22 88 256 161 69 126 50 124
223 288 320 165 136 151 281 0 294 328 63 258 267 4 102 220 123 222 129
250 46 141 403 383 217 124 294 0 158 313 89 23 284 183 69 156 52 133
295 187 216 477 415 241 100 328 158 0 357 70 133 320 220 130 194 106 199
271 338 349 87 83 182 302 63 313 357 0 304 304 52 145 246 173 241 191
213 99 151 393 346 176 22 258 89 70 304 0 74 244 163 41 127 50 122
229 31 128 394 365 187 88 267 23 133 304 74 0 237 166 41 135 47 141
192 288 313 160 115 111 256 4 284 320 52 244 237 0 88 224 112 190 126
131 190 217 226 208 43 161 102 183 220 145 163 166 88 0 126 36 111 32
191 69 97 382 334 157 69 220 69 130 246 41 41 224 126 0 88 5 68
107 156 198 276 223 61 126 123 156 194 173 127 135 112 36 88 0 98 -4
182 61 105 341 318 145 50 222 52 106 241 50 47 190 111 5 98 0 58
105 137 197 259 243 73 124 129 133 199 191 122 141 126 32 68 -4 58 0
