0 247 118 380 498 290 203 257 514 387 458 368 304 245 95 202 199 153 108
247 0 175 321 439 231 144 106 455 328 399 309 245 186 152 143 48 94 139
118 175 0 308 426 218 131 185 442 315 386 296 232 173 23 130 127 81 36
380 321 308 0 270 180 179 331 286 159 230 140 76 135 285 178 273 227 272
498 439 426 270 0 298 297 449 96 149 40 130 194 253 403 296 391 345 390
290 231 218 180 298 0 89 241 314 187 258 168 104 45 195 88 183 137 182
203 144 131 179 297 89 0 154 313 186 257 167 103 44 108 1 96 50 95
257 106 185 331 449 241 154 0 465 338 409 319 255 196 162 153 58 104 149
514 455 442 286 96 314 313 465 0 165 56 146 210 269 419 312 407 361 406
387 328 315 159 149 187 186 338 165 0 109 19 83 142 292 185 280 234 279
458 399 386 230 40 258 257 409 56 109 0 90 154 213 363 256 351 305 350
368 309 296 140 130 168 167 319 146 19 90 0 64 123 273 166 261 215 260
304 245 232 76 194 104 103 255 210 83 154 64 0 59 209 102 197 151 196
245 186 173 135 253 45 44 196 269 142 213 123 59 0 150 43 138 92 137
95 152 23 285 403 195 108 162 419 292 363 273 209 150 0 107 104 58 13
202 143 130 178 296 88 1 153 312 185 256 166 102 43 107 0 95 49 94
199 48 127 273 391 183 96 58 407 280 351 261 197 138 104 95 0 46 91
153 94 81 227 345 137 50 104 361 234 305 215 151 92 58 49 46 0 45
108 139 36 272 390 182 95 149 406 279 350 260 196 137 13 94 91 45 0
