0 387 220 131 339 82 103 369 362 107 306 38 291 56 224 67 70 140 128
387 0 327 442 278 335 350 308 167 382 245 349 96 331 163 320 317 247 259
220 327 0 275 279 168 183 309 302 215 246 182 231 164 164 153 150 80 92
131 442 275 0 394 137 158 424 417 162 361 93 346 111 279 122 125 195 183
339 278 279 394 0 287 302 96 253 334 33 301 182 283 115 272 269 199 211
82 335 168 137 287 0 51 317 310 77 254 44 239 26 172 15 18 88 76
103 350 183 158 302 51 0 332 325 98 269 65 254 47 187 36 33 103 91
369 308 309 424 96 317 332 0 283 364 63 331 212 313 145 302 299 229 241
362 167 302 417 253 310 325 283 0 357 220 324 71 306 138 295 292 222 234
107 382 215 162 334 77 98 364 357 0 301 69 286 51 219 62 65 135 123
306 245 246 361 33 254 269 63 220 301 0 268 149 250 82 239 236 166 178
38 349 182 93 301 44 65 331 324 69 268 0 253 18 186 29 32 102 90
291 96 231 346 182 239 254 212 71 286 149 253 0 235 67 224 221 151 163
56 331 164 111 283 26 47 313 306 51 250 18 235 0 168 11 14 84 72
224 163 164 279 115 172 187 145 138 219 82 186 67 168 0 157 154 84 96
67 320 153 122 272 15 36 302 295 62 239 29 224 11 157 0 3 73 61
70 317 150 125 269 18 33 299 292 65 236 32 221 14 154 3 0 70 58
140 247 80 195 199 88 103 229 222 135 166 102 151 84 84 73 70 0 12
128 259 92 183 211 76 91 241 234 123 178 90 163 72 96 61 58 12 0
