0 436 176 149 176 403 457 430 454 115 392 50 323 83 358 62 312 145 244
436 0 322 461 488 215 269 242 174 451 204 386 135 395 78 374 124 291 192
176 322 0 201 228 289 343 316 340 191 278 126 209 135 244 114 198 31 130
149 461 201 0 159 428 482 455 479 164 417 99 348 66 383 87 337 170 269
176 488 228 159 0 455 509 482 506 191 444 126 375 93 410 114 364 197 296
403 215 289 428 455 0 214 187 233 418 149 353 80 362 137 341 91 258 159
457 269 343 482 509 214 0 103 287 472 65 407 134 416 191 395 145 312 213
430 242 316 455 482 187 103 0 260 445 38 380 107 389 164 368 118 285 186
454 174 340 479 506 233 287 260 0 469 222 404 153 413 96 392 142 309 210
115 451 191 164 191 418 472 445 469 0 407 65 338 98 373 77 327 160 259
392 204 278 417 444 149 65 38 222 407 0 342 69 351 126 330 80 247 148
50 386 126 99 126 353 407 380 404 65 342 0 273 33 308 12 262 95 194
323 135 209 348 375 80 134 107 153 338 69 273 0 282 57 261 11 178 79
83 395 135 66 93 362 416 389 413 98 351 33 282 0 317 21 271 104 203
358 78 244 383 410 137 191 164 96 373 126 308 57 317 0 296 46 213 114
62 374 114 87 114 341 395 368 392 77 330 12 261 21 296 0 250 83 182
312 124 198 337 364 91 145 118 142 327 80 262 11 271 46 250 0 167 68
145 291 31 170 197 258 312 285 309 160 247 95 178 104 213 83 167 0 99
244 192 130 269 296 159 213 186 210 259 148 194 79 203 114 182 68 99 0
