0 232 333 145 168 136 195 145 177 315 163 126 110 112 29 44 153 269 204
232 0 500 301 116 308 143 328 235 475 103 86 282 145 190 215 320 418 377
333 500 0 384 413 392 466 209 434 106 409 420 327 356 294 283 192 58 137
145 301 384 0 221 68 262 208 261 356 224 203 36 188 97 97 188 340 238
168 116 413 221 0 220 65 263 158 398 -11 8 183 57 127 141 230 374 273
136 308 392 68 220 0 290 215 256 383 222 223 33 181 103 86 199 305 245
195 143 466 262 65 290 0 291 198 444 50 62 226 103 161 180 255 421 316
145 328 209 208 263 215 291 0 286 185 238 246 172 204 126 130 20 152 85
177 235 434 261 158 256 198 286 0 426 140 134 216 91 158 165 253 388 328
315 475 106 356 398 383 444 185 426 0 404 389 328 338 263 266 173 37 121
163 103 409 224 -11 222 50 238 140 404 0 19 190 63 123 119 240 361 284
126 86 420 203 8 223 62 246 134 389 19 0 186 52 111 119 217 353 292
110 282 327 36 183 33 226 172 216 328 190 186 0 126 71 71 161 292 202
112 145 356 188 57 181 103 204 91 338 63 52 126 0 73 86 169 296 226
29 190 294 97 127 103 161 126 158 263 123 111 71 73 0 3 104 231 157
44 215 283 97 141 86 180 130 165 266 119 119 71 86 3 0 76 231 160
153 320 192 188 230 199 255 20 253 173 240 217 161 169 104 76 0 119 46
269 418 58 340 374 305 421 152 388 37 361 353 292 296 231 231 119 0 86
204 377 137 238 273 245 316 85 328 121 284 292 202 226 157 160 46 86 0
