0 137 220 496 300 215 455 402 132 136 84 410 62 138 353 120 264 150 229
137 0 112 407 201 139 375 309 184 177 116 324 91 19 271 27 168 60 156
220 112 0 481 304 209 435 393 246 249 190 403 179 95 335 105 275 145 234
496 407 481 0 282 437 112 212 531 530 482 61 466 389 158 395 230 352 250
300 201 304 282 0 229 243 156 330 325 267 181 246 207 107 164 39 154 53
215 139 209 437 229 0 374 307 265 258 190 352 188 108 272 113 178 87 167
455 375 435 112 243 374 0 176 513 476 432 29 379 344 128 349 180 305 225
402 309 393 212 156 307 176 0 430 427 385 124 341 279 48 285 128 244 143
132 184 246 531 330 265 513 430 0 112 77 465 97 167 386 146 315 189 275
136 177 249 530 325 258 476 427 112 0 48 457 72 135 366 150 295 194 279
84 116 190 482 267 190 432 385 77 48 0 387 22 95 318 72 238 130 222
410 324 403 61 181 352 29 124 465 457 387 0 365 317 71 319 169 263 182
62 91 179 466 246 188 379 341 97 72 22 365 0 73 310 74 222 88 172
138 19 95 389 207 108 344 279 167 135 95 317 73 0 221 5 163 49 133
353 271 335 158 107 272 128 48 386 366 318 71 310 221 0 232 78 181 84
120 27 105 395 164 113 349 285 146 150 72 319 74 5 232 0 167 34 124
264 168 275 230 39 178 180 128 315 295 238 169 222 163 78 167 0 124 26
150 60 145 352 154 87 305 244 189 194 130 263 88 49 181 34 124 0 102
229 156 234 250 53 167 225 143 275 279 222 182 172 133 84 124 26 102 0
