0 398 384 421 465 401 296 466 153 305 376 326 354 310 77 242 208 174 245
398 0 162 335 243 315 278 244 397 355 154 240 132 88 321 156 190 224 295
384 162 0 321 141 301 264 142 383 341 52 226 30 74 307 142 176 210 281
421 335 321 0 402 170 301 403 420 378 313 95 291 247 344 179 213 247 318
465 243 141 402 0 382 345 179 464 422 89 307 111 155 388 223 257 291 362
401 315 301 170 382 0 281 383 400 358 293 75 271 227 324 159 193 227 298
296 278 264 301 345 281 0 346 295 253 256 206 234 190 219 122 88 122 193
466 244 142 403 179 383 346 0 465 423 90 308 112 156 389 224 258 292 363
153 397 383 420 464 400 295 465 0 304 375 325 353 309 76 241 207 173 244
305 355 341 378 422 358 253 423 304 0 333 283 311 267 228 199 165 131 60
376 154 52 313 89 293 256 90 375 333 0 218 22 66 299 134 168 202 273
326 240 226 95 307 75 206 308 325 283 218 0 196 152 249 84 118 152 223
354 132 30 291 111 271 234 112 353 311 22 196 0 44 277 112 146 180 251
310 88 74 247 155 227 190 156 309 267 66 152 44 0 233 68 102 136 207
77 321 307 344 388 324 219 389 76 228 299 249 277 233 0 165 131 97 168
242 156 142 179 223 159 122 224 241 199 134 84 112 68 165 0 34 68 139
208 190 176 213 257 193 88 258 207 165 168 118 146 102 131 34 0 34 105
174 224 210 247 291 227 122 292 173 131 202 152 180 136 97 68 34 0 71
245 295 281 318 362 298 193 363 244 60 273 223 251 207 168 139 105 71 0
