0 352 362 197 250 427 98 126 419 301 355 344 270 202 49 74 161 191 258
352 0 345 234 287 402 242 381 401 112 357 301 68 232 289 266 161 173 251
362 345 0 276 333 147 284 396 121 327 45 46 282 263 323 261 214 174 80
197 234 276 0 86 324 101 215 318 196 255 232 148 5 136 106 54 74 182
250 287 333 86 0 411 171 273 379 249 320 286 226 35 198 181 100 135 216
427 402 147 324 411 0 349 474 147 389 53 91 342 314 411 364 272 267 168
98 242 284 101 171 349 0 130 364 240 277 252 184 96 32 7 58 105 196
126 381 396 215 273 474 130 0 446 330 387 352 288 233 71 110 183 193 299
419 401 121 318 379 147 364 446 0 378 45 80 333 311 368 332 294 251 155
301 112 327 196 249 389 240 330 378 0 283 300 49 204 278 218 176 116 230
355 357 45 255 320 53 277 387 45 283 0 26 274 246 323 264 215 174 91
344 301 46 232 286 91 252 352 80 300 26 0 254 222 287 254 213 135 59
270 68 282 148 226 342 184 288 333 49 274 254 0 142 226 195 131 91 180
202 232 263 5 35 314 96 233 311 204 246 222 142 0 138 128 28 73 175
49 289 323 136 198 411 32 71 368 278 323 287 226 138 0 43 102 137 233
74 266 261 106 181 364 7 110 332 218 264 254 195 128 43 0 66 97 188
161 161 214 54 100 272 58 183 294 176 215 213 131 28 102 66 0 16 109
191 173 174 74 135 267 105 193 251 116 174 135 91 73 137 97 16 0 98
258 251 80 182 216 168 196 299 155 230 91 59 180 175 233 188 109 98 0
