0 195 477 341 198 452 165 153 479 388 145 387 116 94 188 434 354 244 316
195 0 296 160 205 271 172 160 298 207 152 206 123 101 7 253 173 63 135
477 296 0 330 487 221 454 442 248 91 434 90 405 383 289 203 123 233 161
341 160 330 0 351 305 318 306 332 241 298 240 269 247 153 287 207 97 169
198 205 487 351 0 462 73 119 489 398 53 397 82 104 198 444 364 254 326
452 271 221 305 462 0 429 417 63 132 409 131 380 358 264 18 98 208 136
165 172 454 318 73 429 0 86 456 365 20 364 49 71 165 411 331 221 293
153 160 442 306 119 417 86 0 444 353 66 352 37 59 153 399 319 209 281
479 298 248 332 489 63 456 444 0 159 436 158 407 385 291 45 125 235 163
388 207 91 241 398 132 365 353 159 0 345 1 316 294 200 114 34 144 72
145 152 434 298 53 409 20 66 436 345 0 344 29 51 145 391 311 201 273
387 206 90 240 397 131 364 352 158 1 344 0 315 293 199 113 33 143 71
116 123 405 269 82 380 49 37 407 316 29 315 0 22 116 362 282 172 244
94 101 383 247 104 358 71 59 385 294 51 293 22 0 94 340 260 150 222
188 7 289 153 198 264 165 153 291 200 145 199 116 94 0 246 166 56 128
434 253 203 287 444 18 411 399 45 114 391 113 362 340 246 0 80 190 118
354 173 123 207 364 98 331 319 125 34 311 33 282 260 166 80 0 110 38
244 63 233 97 254 208 221 209 235 144 201 143 172 150 56 190 110 0 72
316 135 161 169 326 136 293 281 163 72 273 71 244 222 128 118 38 72 0
