0 366 206 236 212 181 285 417 405 327 124 372 295 294 55 216 188 137 175
366 0 431 207 291 443 229 200 185 84 388 144 65 62 313 122 145 213 177
206 431 0 353 299 99 410 545 509 417 47 470 403 386 176 313 288 227 263
236 207 353 0 153 307 141 285 242 165 290 237 144 149 193 69 49 96 65
212 291 299 153 0 307 232 371 330 260 256 301 253 239 168 144 126 76 118
181 443 99 307 307 0 400 543 496 424 54 489 399 374 136 310 284 221 253
285 229 410 141 232 400 0 302 267 192 342 240 157 159 267 78 96 159 112
417 200 545 285 371 543 302 0 78 161 481 56 141 142 385 213 237 297 254
405 185 509 242 330 496 267 78 0 143 444 26 125 93 365 170 199 269 231
327 84 417 165 260 424 192 161 143 0 367 109 14 37 267 94 116 175 174
124 388 47 290 256 54 342 481 444 367 0 410 346 330 85 260 243 189 223
372 144 470 237 301 489 240 56 26 109 410 0 100 70 336 162 200 251 217
295 65 403 144 253 399 157 141 125 14 346 100 0 15 257 75 108 169 117
294 62 386 149 239 374 159 142 93 37 330 70 15 0 258 77 90 153 123
55 313 176 193 168 136 267 385 365 267 85 336 257 258 0 178 140 80 126
216 122 313 69 144 310 78 213 170 94 260 162 75 77 178 0 37 77 52
188 145 288 49 126 284 96 237 199 116 243 200 108 90 140 37 0 62 35
137 213 227 96 76 221 159 297 269 175 189 251 169 153 80 77 62 0 31
175 177 263 65 118 253 112 254 231 174 223 217 117 123 126 52 35 31 0
