0 213 91 282 335 382 343 440 282 382 372 56 346 294 300 139 287 220 279
213 0 212 208 247 297 270 362 200 289 285 170 218 197 208 82 193 128 171
91 212 0 288 312 342 330 433 262 355 338 58 299 258 287 134 257 199 256
282 208 288 0 74 111 59 196 166 118 101 224 38 12 27 147 29 85 14
335 247 312 74 0 112 122 202 224 123 95 271 70 85 34 186 64 112 66
382 297 342 111 112 0 153 175 259 111 86 318 55 108 68 225 92 164 98
343 270 330 59 122 153 0 235 213 164 155 281 119 60 106 188 57 135 72
440 362 433 196 202 175 235 0 298 107 107 375 120 183 145 280 169 244 155
282 200 262 166 224 259 213 298 0 261 212 240 200 175 168 157 155 75 144
382 289 355 118 123 111 164 107 261 0 33 322 71 103 95 243 112 162 106
372 285 338 101 95 86 155 107 212 33 0 291 46 84 36 206 104 131 86
56 170 58 224 271 318 281 375 240 322 291 0 252 221 238 90 240 159 207
346 218 299 38 70 55 119 120 200 71 46 252 0 61 19 163 25 100 46
294 197 258 12 85 108 60 183 175 103 84 221 61 0 32 140 -15 66 28
300 208 287 27 34 68 106 145 168 95 36 238 19 32 0 126 8 82 22
139 82 134 147 186 225 188 280 157 243 206 90 163 140 126 0 139 68 94
287 193 257 29 64 92 57 169 155 112 104 240 25 -15 8 139 0 75 11
220 128 199 85 112 164 135 244 75 162 131 159 100 66 82 68 75 0 40
279 171 256 14 66 98 72 155 144 106 86 207 46 28 22 94 11 40 0
