0 527 219 200 240 443 495 288 301 59 23 431 150 206 115 357 155 300 229
527 0 436 497 537 256 160 505 228 540 504 96 447 423 412 170 372 227 298
219 436 0 189 229 352 404 95 210 232 196 340 139 13 104 266 64 209 138
200 497 189 0 140 413 465 258 271 213 177 401 50 176 85 327 125 270 199
240 537 229 140 0 453 505 298 311 253 217 441 90 216 125 367 165 310 239
443 256 352 413 453 0 224 421 144 456 420 160 363 339 328 86 288 143 214
495 160 404 465 505 224 0 473 196 508 472 64 415 391 380 138 340 195 266
288 505 95 258 298 421 473 0 279 301 265 409 208 82 173 335 133 278 207
301 228 210 271 311 144 196 279 0 314 278 132 221 197 186 58 146 1 72
59 540 232 213 253 456 508 301 314 0 36 444 163 219 128 370 168 313 242
23 504 196 177 217 420 472 265 278 36 0 408 127 183 92 334 132 277 206
431 96 340 401 441 160 64 409 132 444 408 0 351 327 316 74 276 131 202
150 447 139 50 90 363 415 208 221 163 127 351 0 126 35 277 75 220 149
206 423 13 176 216 339 391 82 197 219 183 327 126 0 91 253 51 196 125
115 412 104 85 125 328 380 173 186 128 92 316 35 91 0 242 40 185 114
357 170 266 327 367 86 138 335 58 370 334 74 277 253 242 0 202 57 128
155 372 64 125 165 288 340 133 146 168 132 276 75 51 40 202 0 145 74
300 227 209 270 310 143 195 278 1 313 277 131 220 196 185 57 145 0 71
229 298 138 199 239 214 266 207 72 242 206 202 149 125 114 128 74 71 0
