0 205 171 226 147 57 70 139 215 150 56 141 200 125 144 128 18 40 66
205 0 296 175 272 226 239 264 164 67 225 266 149 250 61 77 187 165 139
171 296 0 317 36 192 205 60 306 241 191 30 291 46 235 219 153 131 157
226 175 317 0 293 247 260 285 41 120 246 287 26 271 114 98 208 186 160
147 272 36 293 0 168 181 36 282 217 167 6 267 22 211 195 129 107 133
57 226 192 247 168 0 15 160 236 171 1 162 221 146 165 149 39 61 87
70 239 205 260 181 15 0 173 249 184 14 175 234 159 178 162 52 74 100
139 264 60 285 36 160 173 0 274 209 159 30 259 14 203 187 121 99 125
215 164 306 41 282 236 249 274 0 109 235 276 15 260 103 87 197 175 149
150 67 241 120 217 171 184 209 109 0 170 211 94 195 6 22 132 110 84
56 225 191 246 167 1 14 159 235 170 0 161 220 145 164 148 38 60 86
141 266 30 287 6 162 175 30 276 211 161 0 261 16 205 189 123 101 127
200 149 291 26 267 221 234 259 15 94 220 261 0 245 88 72 182 160 134
125 250 46 271 22 146 159 14 260 195 145 16 245 0 189 173 107 85 111
144 61 235 114 211 165 178 203 103 6 164 205 88 189 0 16 126 104 78
128 77 219 98 195 149 162 187 87 22 148 189 72 173 16 0 110 88 62
18 187 153 208 129 39 52 121 197 132 38 123 182 107 126 110 0 22 48
40 165 131 186 107 61 74 99 175 110 60 101 160 85 104 88 22 0 26
66 139 157 160 133 87 100 125 149 84 86 127 134 111 78 62 48 26 0
