0 150 286 178 70 216 318 379 401 235 219 294 20 262 183 143 153 70 141
150 0 314 254 164 255 388 431 419 258 260 335 128 311 254 216 199 122 3
286 314 0 163 240 156 216 256 224 199 175 148 224 109 55 138 137 208 307
178 254 163 0 204 58 253 286 284 103 65 222 153 158 134 39 55 140 232
70 164 240 204 0 214 353 378 382 227 178 277 30 245 198 156 135 57 146
216 255 156 58 214 0 253 300 313 26 -12 195 163 182 128 33 58 143 230
318 388 216 253 353 253 0 234 223 276 254 94 304 82 139 208 185 291 369
379 431 256 286 378 300 234 0 173 315 305 103 359 124 182 269 233 321 427
401 419 224 284 382 313 223 173 0 310 281 89 346 122 185 247 230 332 424
235 258 199 103 227 26 276 315 310 0 23 225 182 172 132 40 83 160 264
219 260 175 65 178 -12 254 305 281 23 0 211 162 171 126 27 44 150 239
294 335 148 222 277 195 94 103 89 225 211 0 254 36 75 177 149 235 331
20 128 224 153 30 163 304 359 346 182 162 254 0 230 178 143 102 33 125
262 311 109 158 245 182 82 124 122 172 171 36 230 0 53 140 102 188 282
183 254 55 134 198 128 139 182 185 132 126 75 178 53 0 91 53 147 240
143 216 138 39 156 33 208 269 247 40 27 177 143 140 91 0 36 103 220
153 199 137 55 135 58 185 233 230 83 44 149 102 102 53 36 0 103 195
70 122 208 140 57 143 291 321 332 160 150 235 33 188 147 103 103 0 87
141 3 307 232 146 230 369 427 424 264 239 331 125 282 240 220 195 87 0
