0 382 35 280 320 303 369 308 343 318 323 284 254 35 244 308 262 183 125
382 0 344 255 288 272 342 143 328 67 279 251 237 323 211 58 99 171 244
35 344 0 246 278 278 343 301 329 289 291 244 230 0 205 275 252 164 98
280 255 246 0 120 122 190 193 148 199 162 90 72 265 46 203 161 78 159
320 288 278 120 0 98 136 259 141 229 84 64 54 293 81 232 206 147 179
303 272 278 122 98 0 157 206 154 241 117 61 55 251 60 205 177 110 187
369 342 343 190 136 157 0 288 72 293 31 94 111 336 148 287 251 169 260
308 143 301 193 259 206 288 0 271 83 233 184 181 297 163 84 44 90 184
343 328 329 148 141 154 72 271 0 268 32 79 95 327 125 256 242 164 242
318 67 289 199 229 241 293 83 268 0 260 197 165 259 156 -11 43 111 173
323 279 291 162 84 117 31 233 32 260 0 46 78 283 100 237 200 119 206
284 251 244 90 64 61 94 184 79 197 46 0 20 264 40 181 157 111 171
254 237 230 72 54 55 111 181 95 165 78 20 0 240 7 171 128 73 158
35 323 0 265 293 251 336 297 327 259 283 264 240 0 207 268 235 159 89
244 211 205 46 81 60 148 163 125 156 100 40 7 207 0 155 124 49 117
308 58 275 203 232 205 287 84 256 -11 237 181 171 268 155 0 23 107 200
262 99 252 161 206 177 251 44 242 43 200 157 128 235 124 23 0 49 155
183 171 164 78 147 110 169 90 164 111 119 111 73 159 49 107 49 0 90
125 244 98 159 179 187 260 184 242 173 206 171 158 89 117 200 155 90 0
