0 144 219 500 301 226 456 394 143 140 82 426 54 124 346 115 267 152 240
144 0 115 414 215 140 370 308 179 176 118 340 90 20 260 29 181 66 154
219 115 0 489 290 215 445 383 254 251 193 415 165 95 335 104 256 141 229
500 414 489 0 267 422 104 202 535 532 474 74 446 394 154 385 233 348 260
301 215 290 267 0 223 223 161 336 333 275 193 247 195 113 186 34 149 61
226 140 215 422 223 0 378 316 261 258 200 348 172 120 268 111 189 74 162
456 370 445 104 223 378 0 158 491 488 430 30 402 350 110 341 189 304 216
394 308 383 202 161 316 158 0 429 426 368 128 340 288 48 279 127 242 154
143 179 254 535 336 261 491 429 0 119 61 461 89 159 381 150 302 187 275
140 176 251 532 333 258 488 426 119 0 58 458 86 156 378 147 299 184 272
82 118 193 474 275 200 430 368 61 58 0 400 28 98 320 89 241 126 214
426 340 415 74 193 348 30 128 461 458 400 0 372 320 80 311 159 274 186
54 90 165 446 247 172 402 340 89 86 28 372 0 70 292 61 213 98 186
124 20 95 394 195 120 350 288 159 156 98 320 70 0 240 9 161 46 134
346 260 335 154 113 268 110 48 381 378 320 80 292 240 0 231 79 194 106
115 29 104 385 186 111 341 279 150 147 89 311 61 9 231 0 152 37 125
267 181 256 233 34 189 189 127 302 299 241 159 213 161 79 152 0 115 27
152 66 141 348 149 74 304 242 187 184 126 274 98 46 194 37 115 0 88
240 154 229 260 61 162 216 154 275 272 214 186 186 134 106 125 27 88 0
