0 381 142 265 359 100 299 246 269 449 295 10 364 170 126 92 186 254 306
381 0 339 274 232 461 172 443 466 102 168 371 17 367 323 289 195 127 75
142 339 0 223 317 222 257 136 159 407 253 132 322 60 16 50 144 212 264
265 274 223 0 252 345 192 327 350 342 188 255 257 251 207 173 79 147 199
359 232 317 252 0 439 68 421 444 300 64 349 215 345 301 267 173 105 157
100 461 222 345 439 0 379 326 349 529 375 90 444 250 206 172 266 334 386
299 172 257 192 68 379 0 361 384 240 4 289 155 285 241 207 113 45 97
246 443 136 327 421 326 361 0 175 511 357 236 426 76 120 154 248 316 368
269 466 159 350 444 349 384 175 0 534 380 259 449 99 143 177 271 339 391
449 102 407 342 300 529 240 511 534 0 236 439 85 435 391 357 263 195 143
295 168 253 188 64 375 4 357 380 236 0 285 151 281 237 203 109 41 93
10 371 132 255 349 90 289 236 259 439 285 0 354 160 116 82 176 244 296
364 17 322 257 215 444 155 426 449 85 151 354 0 350 306 272 178 110 58
170 367 60 251 345 250 285 76 99 435 281 160 350 0 44 78 172 240 292
126 323 16 207 301 206 241 120 143 391 237 116 306 44 0 34 128 196 248
92 289 50 173 267 172 207 154 177 357 203 82 272 78 34 0 94 162 214
186 195 144 79 173 266 113 248 271 263 109 176 178 172 128 94 0 68 120
254 127 212 147 105 334 45 316 339 195 41 244 110 240 196 162 68 0 52
306 75 264 199 157 386 97 368 391 143 93 296 58 292 248 214 120 52 0
