0 201 179 535 223 354 403 494 441 498 169 440 446 377 75 337 148 255 203
201 0 42 586 274 405 454 545 492 549 32 491 497 428 126 388 199 306 254
179 42 0 564 252 383 432 523 470 527 10 469 475 406 104 366 177 284 232
535 586 564 0 462 379 264 137 222 279 554 221 89 158 460 198 387 280 332
223 274 252 462 0 281 330 421 368 425 242 367 373 304 148 264 75 182 130
354 405 383 379 281 0 247 338 285 342 373 284 290 221 279 181 206 99 151
403 454 432 264 330 247 0 223 170 227 422 169 175 106 328 66 255 148 200
494 545 523 137 421 338 223 0 181 238 513 180 48 117 419 157 346 239 291
441 492 470 222 368 285 170 181 0 59 460 1 133 64 366 104 293 186 238
498 549 527 279 425 342 227 238 59 0 517 58 190 121 423 161 350 243 295
169 32 10 554 242 373 422 513 460 517 0 459 465 396 94 356 167 274 222
440 491 469 221 367 284 169 180 1 58 459 0 132 63 365 103 292 185 237
446 497 475 89 373 290 175 48 133 190 465 132 0 69 371 109 298 191 243
377 428 406 158 304 221 106 117 64 121 396 63 69 0 302 40 229 122 174
75 126 104 460 148 279 328 419 366 423 94 365 371 302 0 262 73 180 128
337 388 366 198 264 181 66 157 104 161 356 103 109 40 262 0 189 82 134
148 199 177 387 75 206 255 346 293 350 167 292 298 229 73 189 0 107 55
255 306 284 280 182 99 148 239 186 243 274 185 191 122 180 82 107 0 52
203 254 232 332 130 151 200 291 238 295 222 237 243 174 128 134 55 52 0
