0 138 330 247 297 246 314 118 464 413 370 273 273 202 200 133 27 142 47
138 0 215 137 175 140 187 203 332 316 245 174 158 82 66 -4 112 7 98
330 215 0 324 375 218 86 405 249 217 162 44 46 302 135 206 310 219 284
247 137 324 0 128 273 303 314 451 419 368 274 269 41 184 121 232 123 221
297 175 375 128 0 291 339 365 508 485 409 337 320 95 222 157 260 184 265
246 140 218 273 291 0 197 328 354 340 246 181 179 232 88 140 236 152 228
314 187 86 303 339 197 0 392 208 160 135 11 30 259 125 184 287 177 260
118 203 405 314 365 328 392 0 510 487 452 345 352 277 270 216 105 202 109
464 332 249 451 508 354 208 510 0 130 77 200 170 432 270 326 454 315 420
413 316 217 419 485 340 160 487 130 0 65 153 153 400 217 308 404 306 402
370 245 162 368 409 246 135 452 77 65 0 85 112 331 191 256 335 253 340
273 174 44 274 337 181 11 345 200 153 85 0 8 234 76 147 279 153 248
273 158 46 269 320 179 30 352 170 153 112 8 0 244 90 162 255 136 234
202 82 302 41 95 232 259 277 432 400 331 234 244 0 148 81 175 83 172
200 66 135 184 222 88 125 270 270 217 191 76 90 148 0 79 167 76 157
133 -4 206 121 157 140 184 216 326 308 256 147 162 81 79 0 118 15 72
27 112 310 232 260 236 287 105 454 404 335 279 255 175 167 118 0 106 20
142 7 219 123 184 152 177 202 315 306 253 153 136 83 76 15 106 0 84
47 98 284 221 265 228 260 109 420 402 340 248 234 172 157 72 20 84 0
