0 256 388 217 328 160 441 215 375 412 347 248 121 158 66 82 135 289 230
256 0 512 341 268 284 381 339 499 352 287 188 245 98 190 206 259 413 354
388 512 0 441 584 384 697 333 185 668 603 504 345 414 322 306 253 99 158
217 341 441 0 413 135 526 268 428 497 432 333 96 243 151 135 188 342 283
328 268 584 413 0 356 273 411 571 244 179 80 317 170 262 278 331 485 426
160 284 384 135 356 0 469 211 371 440 375 276 39 186 94 78 131 285 226
441 381 697 526 273 469 0 524 684 159 94 193 430 283 375 391 444 598 539
215 339 333 268 411 211 524 0 320 495 430 331 172 241 149 133 80 234 175
375 499 185 428 571 371 684 320 0 655 590 491 332 401 309 293 240 86 145
412 352 668 497 244 440 159 495 655 0 65 164 401 254 346 362 415 569 510
347 287 603 432 179 375 94 430 590 65 0 99 336 189 281 297 350 504 445
248 188 504 333 80 276 193 331 491 164 99 0 237 90 182 198 251 405 346
121 245 345 96 317 39 430 172 332 401 336 237 0 147 55 39 92 246 187
158 98 414 243 170 186 283 241 401 254 189 90 147 0 92 108 161 315 256
66 190 322 151 262 94 375 149 309 346 281 182 55 92 0 16 69 223 164
82 206 306 135 278 78 391 133 293 362 297 198 39 108 16 0 53 207 148
135 259 253 188 331 131 444 80 240 415 350 251 92 161 69 53 0 154 95
289 413 99 342 485 285 598 234 86 569 504 405 246 315 223 207 154 0 59
230 354 158 283 426 226 539 175 145 510 445 346 187 256 164 148 95 59 0
