0 520 354 130 467 152 229 557 525 183 426 62 472 92 412 136 226 349 320
520 0 176 526 135 400 297 253 221 519 94 458 168 428 108 384 294 171 200
354 176 0 360 123 234 131 213 181 353 82 292 128 262 68 218 128 5 34
130 526 360 0 473 158 235 563 531 189 432 68 478 98 418 142 232 355 326
467 135 123 473 0 347 244 200 168 466 41 405 115 375 55 331 241 118 147
152 400 234 158 347 0 109 437 405 151 306 90 352 60 292 16 106 229 200
229 297 131 235 244 109 0 334 302 228 203 167 249 137 189 93 3 126 97
557 253 213 563 200 437 334 0 138 556 159 495 85 465 145 421 331 208 237
525 221 181 531 168 405 302 138 0 524 127 463 53 433 113 389 299 176 205
183 519 353 189 466 151 228 556 524 0 425 121 471 91 411 135 225 348 319
426 94 82 432 41 306 203 159 127 425 0 364 74 334 14 290 200 77 106
62 458 292 68 405 90 167 495 463 121 364 0 410 30 350 74 164 287 258
472 168 128 478 115 352 249 85 53 471 74 410 0 380 60 336 246 123 152
92 428 262 98 375 60 137 465 433 91 334 30 380 0 320 44 134 257 228
412 108 68 418 55 292 189 145 113 411 14 350 60 320 0 276 186 63 92
136 384 218 142 331 16 93 421 389 135 290 74 336 44 276 0 90 213 184
226 294 128 232 241 106 3 331 299 225 200 164 246 134 186 90 0 123 94
349 171 5 355 118 229 126 208 176 348 77 287 123 257 63 213 123 0 29
320 200 34 326 147 200 97 237 205 319 106 258 152 228 92 184 94 29 0
