0 153 222 300 337 252 285 316 87 289 232 216 144 246 27 144 106 130 120
153 0 165 251 272 187 195 231 153 262 108 145 18 184 109 120 59 87 71
222 165 0 253 275 209 281 332 209 276 215 152 136 201 163 120 120 83 86
300 251 253 0 139 197 365 406 290 249 308 172 237 56 252 131 185 189 198
337 272 275 139 0 229 412 431 323 276 348 179 246 91 290 158 229 196 226
252 187 209 197 229 0 321 341 240 141 256 42 167 139 187 80 122 127 124
285 195 281 365 412 321 0 169 269 354 45 240 154 317 223 242 164 181 182
316 231 332 406 431 341 169 0 312 409 89 319 198 359 264 283 215 230 218
87 153 209 290 323 240 269 312 0 286 213 193 119 240 66 153 87 114 106
289 262 276 249 276 141 354 409 286 0 304 103 196 182 232 117 190 179 170
232 108 215 308 348 256 45 89 213 304 0 224 91 243 145 174 121 152 133
216 145 152 172 179 42 240 319 193 103 224 0 105 99 139 19 115 73 78
144 18 136 237 246 167 154 198 119 196 91 105 0 171 84 69 41 63 41
246 184 201 56 91 139 317 359 240 182 243 99 171 0 182 66 126 121 117
27 109 163 252 290 187 223 264 66 232 145 139 84 182 0 111 39 74 48
144 120 120 131 158 80 242 283 153 117 174 19 69 66 111 0 54 35 61
106 59 120 185 229 122 164 215 87 190 121 115 41 126 39 54 0 32 10
130 87 83 189 196 127 181 230 114 179 152 73 63 121 74 35 32 0 19
120 71 86 198 226 124 182 218 106 170 133 78 41 117 48 61 10 19 0
