0 231 174 219 261 203 333 129 303 149 244 224 153 103 35 43 153 92 65
231 0 196 313 28 334 262 291 252 195 170 1 253 163 201 185 82 125 176
174 196 0 273 244 270 309 234 288 74 200 204 201 53 167 127 118 67 107
219 313 273 0 371 145 442 268 428 262 355 354 58 242 188 152 235 218 167
261 28 244 371 0 332 271 332 238 198 171 22 279 181 221 224 115 167 187
203 334 270 145 332 0 437 245 404 235 331 305 68 212 163 141 248 206 158
333 262 309 442 271 437 0 403 171 286 88 267 391 263 299 299 173 256 274
129 291 234 268 332 245 403 0 378 221 300 280 216 181 103 108 207 155 144
303 252 288 428 238 404 171 378 0 274 79 217 349 237 304 256 149 215 228
149 195 74 262 198 235 286 221 274 0 194 173 188 49 129 116 109 73 104
244 170 200 355 171 331 88 300 79 194 0 161 289 155 202 164 78 141 161
224 1 204 354 22 305 267 280 217 173 161 0 271 154 199 173 74 123 151
153 253 201 58 279 68 391 216 349 188 289 271 0 148 109 81 188 124 101
103 163 53 242 181 212 263 181 237 49 155 154 148 0 85 79 67 34 47
35 201 167 188 221 163 299 103 304 129 202 199 109 85 0 29 110 71 28
43 185 127 152 224 141 299 108 256 116 164 173 81 79 29 0 98 45 11
153 82 118 235 115 248 173 207 149 109 78 74 188 67 110 98 0 56 91
92 125 67 218 167 206 256 155 215 73 141 123 124 34 71 45 56 0 39
65 176 107 167 187 158 274 144 228 104 161 151 101 47 28 11 91 39 0
