0 272 322 191 258 226 321 82 330 306 268 234 132 206 59 124 190 153 123
272 0 275 256 213 269 274 232 283 168 239 195 215 66 212 162 123 104 154
322 275 0 324 107 332 285 265 270 294 232 99 246 210 275 208 112 166 207
191 256 324 0 244 137 319 166 308 304 284 217 50 217 150 103 182 185 111
258 213 107 244 0 276 214 217 201 225 164 32 192 153 174 146 64 111 147
226 269 332 137 276 0 323 176 324 300 273 257 61 208 164 102 187 163 128
321 274 285 319 214 323 0 292 94 316 73 179 282 242 265 236 134 187 231
82 232 265 166 217 176 292 0 262 252 233 179 126 159 6 57 139 108 60
330 283 270 308 201 324 94 262 0 302 35 179 246 214 249 208 129 165 194
306 168 294 304 225 300 316 252 302 0 274 231 249 80 233 183 162 152 176
268 239 232 284 164 273 73 233 35 274 0 127 216 182 200 160 103 120 187
234 195 99 217 32 257 179 179 179 231 127 0 172 118 165 120 31 67 105
132 215 246 50 192 61 282 126 246 249 216 172 0 149 89 46 122 86 47
206 66 210 217 153 208 242 159 214 80 182 118 149 0 140 88 85 43 114
59 212 275 150 174 164 265 6 249 233 200 165 89 140 0 62 113 94 60
124 162 208 103 146 102 236 57 208 183 160 120 46 88 62 0 76 51 22
190 123 112 182 64 187 134 139 129 162 103 31 122 85 113 76 0 35 95
153 104 166 185 111 163 187 108 165 152 120 67 86 43 94 51 35 0 51
123 154 207 111 147 128 231 60 194 176 187 105 47 114 60 22 95 51 0
