0 217 198 220 280 177 272 188 44 142 205 167 153 127 172 132 34 118 173
217 0 195 201 187 143 189 197 203 104 127 140 84 114 201 94 205 109 124
198 195 0 217 282 167 273 27 198 129 201 162 141 118 34 133 168 93 58
220 201 217 0 248 66 234 185 209 116 193 57 129 89 185 92 200 120 146
280 187 282 248 0 220 124 275 272 175 88 214 139 161 257 177 259 178 216
177 143 167 66 220 0 185 141 159 52 128 1 67 54 129 43 152 60 83
272 189 273 234 124 185 0 257 245 153 34 178 119 148 222 134 251 169 194
188 197 27 185 275 141 257 0 162 117 185 121 126 103 -7 109 151 76 39
44 203 198 209 272 159 245 162 0 141 200 151 150 106 163 109 16 95 130
142 104 129 116 175 52 153 117 141 0 90 56 41 6 103 11 117 41 60
205 127 201 193 88 128 34 185 200 90 0 139 57 76 165 78 189 97 146
167 140 162 57 214 1 178 121 151 56 139 0 72 44 148 46 133 68 102
153 84 141 129 139 67 119 126 150 41 57 72 0 22 122 25 135 57 72
127 114 118 89 161 54 148 103 106 6 76 44 22 0 91 -15 99 -10 42
172 201 34 185 257 129 222 -7 163 103 165 148 122 91 0 64 148 72 47
132 94 133 92 177 43 134 109 109 11 78 46 25 -15 64 0 97 27 54
34 205 168 200 259 152 251 151 16 117 189 133 135 99 148 97 0 77 112
118 109 93 120 178 60 169 76 95 41 97 68 57 -10 72 27 77 0 38
173 124 58 146 216 83 194 39 130 60 146 102 72 42 47 54 112 38 0
