     19
object000 0 283 316 211 28 298 180 145 176 225 266 176 190 13 111 66 56 174 98
object001 283 0 201 353 246 189 335 288 326 371 117 310 316 249 236 207 227 70 176
object002 316 201 0 392 293 118 388 341 389 418 75 365 360 301 267 270 253 125 220
object003 211 353 392 0 190 379 41 199 257 278 330 47 228 182 170 137 142 288 177
object004 28 246 293 190 0 294 175 124 175 228 222 150 161 -3 76 57 42 183 69
object005 298 189 118 379 294 0 341 304 354 401 53 333 339 292 255 238 254 112 212
object006 180 335 388 41 175 341 0 178 228 256 297 4 203 157 131 92 119 238 156
object007 145 288 341 199 124 304 178 0 147 174 260 146 118 113 42 71 75 198 105
object008 176 326 389 257 175 354 228 147 0 72 321 219 20 164 99 135 125 267 181
object009 225 371 418 278 228 401 256 174 72 0 363 257 43 209 132 125 166 293 204
object010 266 117 75 330 222 53 297 260 321 363 0 293 292 242 201 196 189 47 155
object011 176 310 365 47 150 333 4 146 219 257 293 0 198 140 131 92 82 220 123
object012 190 316 360 228 161 339 203 118 20 43 292 198 0 151 87 109 125 236 131
object013 13 249 301 182 -3 292 157 113 164 209 242 140 151 0 83 49 27 172 102
object014 111 236 267 170 76 255 131 42 99 132 201 131 87 83 0 32 31 160 44
object015 66 207 270 137 57 238 92 71 135 125 196 92 109 49 32 0 10 133 42
object016 56 227 253 142 42 254 119 75 125 166 189 82 125 27 31 10 0 116 31
object017 174 70 125 288 183 112 238 198 267 293 47 220 236 172 160 133 116 0 114
object018 98 176 220 177 69 212 156 105 181 204 155 123 131 102 44 42 31 114 0
