0 416 431 396 437 325 231 397 173 213 339 298 336 324 74 281 183 134 190
416 0 199 250 205 179 281 165 441 361 107 152 104 92 342 135 233 282 338
431 199 0 265 196 194 296 156 456 376 98 167 95 107 357 150 248 297 353
396 250 265 0 271 125 261 231 421 341 173 98 170 158 322 115 213 262 318
437 205 196 271 0 200 302 156 462 382 98 173 101 113 363 156 254 303 359
325 179 194 125 200 0 190 160 350 270 102 27 99 87 251 44 142 191 247
231 281 296 261 302 190 0 262 256 176 204 163 201 189 157 146 48 97 153
397 165 156 231 156 160 262 0 422 342 58 133 61 73 323 116 214 263 319
173 441 456 421 462 350 256 422 0 238 364 323 361 349 99 306 208 159 215
213 361 376 341 382 270 176 342 238 0 284 243 281 269 139 226 128 79 23
339 107 98 173 98 102 204 58 364 284 0 75 3 15 265 58 156 205 261
298 152 167 98 173 27 163 133 323 243 75 0 72 60 224 17 115 164 220
336 104 95 170 101 99 201 61 361 281 3 72 0 12 262 55 153 202 258
324 92 107 158 113 87 189 73 349 269 15 60 12 0 250 43 141 190 246
74 342 357 322 363 251 157 323 99 139 265 224 262 250 0 207 109 60 116
281 135 150 115 156 44 146 116 306 226 58 17 55 43 207 0 98 147 203
183 233 248 213 254 142 48 214 208 128 156 115 153 141 109 98 0 49 105
134 282 297 262 303 191 97 263 159 79 205 164 202 190 60 147 49 0 56
190 338 353 318 359 247 153 319 215 23 261 220 258 246 116 203 105 56 0
