0 178 168 232 88 78 125 146 203 151 170 148 136 107 12 33 30 134 82
178 0 322 70 242 232 89 300 109 57 8 54 42 71 166 187 184 288 236
168 322 0 376 196 186 269 46 347 295 314 292 280 251 156 141 138 34 86
232 70 376 0 296 286 143 354 163 111 62 108 96 125 220 241 238 342 290
88 242 196 296 0 100 189 174 267 215 234 212 200 171 76 55 58 162 110
78 232 186 286 100 0 179 164 257 205 224 202 190 161 66 45 48 152 100
125 89 269 143 189 179 0 247 114 62 81 59 47 18 113 134 131 235 183
146 300 46 354 174 164 247 0 325 273 292 270 258 229 134 119 116 12 64
203 109 347 163 267 257 114 325 0 58 101 55 67 96 191 212 209 313 261
151 57 295 111 215 205 62 273 58 0 49 3 15 44 139 160 157 261 209
170 8 314 62 234 224 81 292 101 49 0 46 34 63 158 179 176 280 228
148 54 292 108 212 202 59 270 55 3 46 0 12 41 136 157 154 258 206
136 42 280 96 200 190 47 258 67 15 34 12 0 29 124 145 142 246 194
107 71 251 125 171 161 18 229 96 44 63 41 29 0 95 116 113 217 165
12 166 156 220 76 66 113 134 191 139 158 136 124 95 0 21 18 122 70
33 187 141 241 55 45 134 119 212 160 179 157 145 116 21 0 3 107 55
30 184 138 238 58 48 131 116 209 157 176 154 142 113 18 3 0 104 52
134 288 34 342 162 152 235 12 313 261 280 258 246 217 122 107 104 0 52
82 236 86 290 110 100 183 64 261 209 228 206 194 165 70 55 52 52 0
