     19
object000 0 236 376 200 174 319 82 111 406 315 323 285 200 155 49 59 94 176 234
object001 236 0 263 223 221 202 196 294 256 107 189 147 15 185 208 184 132 58 122
object002 376 263 0 382 352 153 323 417 197 337 129 89 236 345 333 327 278 190 150
object003 200 223 382 0 72 322 152 232 379 320 330 290 211 48 156 129 99 183 225
object004 174 221 352 72 0 313 144 239 372 292 297 253 217 44 136 119 92 151 211
object005 319 202 153 322 313 0 284 386 87 306 33 47 201 267 313 269 247 152 72
object006 82 196 323 152 144 284 0 135 348 281 283 238 168 107 49 -6 57 132 190
object007 111 294 417 232 239 386 135 0 434 368 373 331 267 194 80 111 144 232 281
object008 406 256 197 379 372 87 348 434 0 338 76 104 256 344 373 330 279 193 140
object009 315 107 337 320 292 306 281 368 338 0 259 247 92 245 288 253 231 149 179
object010 323 189 129 330 297 33 283 373 76 259 0 45 175 263 296 257 219 120 62
object011 285 147 89 290 253 47 238 331 104 247 45 0 145 230 244 208 192 101 44
object012 200 15 236 211 217 201 168 267 256 92 175 145 0 178 195 170 112 52 115
object013 155 185 345 48 44 267 107 194 344 245 263 230 178 0 116 96 58 124 192
object014 49 208 333 156 136 313 49 80 373 288 296 244 195 116 0 12 58 148 192
object015 59 184 327 129 119 269 -6 111 330 253 257 208 170 96 12 0 41 116 177
object016 94 132 278 99 92 247 57 144 279 231 219 192 112 58 58 41 0 67 138
object017 176 58 190 183 151 152 132 232 193 149 120 101 52 124 148 116 67 0 76
object018 234 122 150 225 211 72 190 281 140 179 62 44 115 192 192 177 138 76 0
