0 250 392 223 336 159 429 223 364 391 358 243 129 166 55 84 128 279 248
250 0 522 334 251 275 367 335 482 344 280 183 246 101 191 212 269 416 355
392 522 0 453 579 377 696 344 184 641 621 504 335 417 317 304 271 89 152
223 334 453 0 418 129 531 255 416 490 420 338 98 237 155 144 194 341 290
336 251 579 418 0 354 273 406 575 255 186 81 302 196 255 259 321 489 442
159 275 377 129 354 0 474 209 354 423 386 286 53 192 73 85 148 270 231
429 367 696 531 273 474 0 525 691 145 95 191 429 297 374 401 449 606 542
223 335 344 255 406 209 525 0 317 500 433 330 180 258 145 143 74 235 170
364 482 184 416 575 354 691 317 0 643 581 482 316 413 293 291 239 84 144
391 344 641 490 255 423 145 500 643 0 59 163 401 275 346 358 432 555 507
358 280 621 420 186 386 95 433 581 59 0 95 343 196 271 299 330 491 450
243 183 504 338 81 286 191 330 482 163 95 0 239 100 173 192 252 409 334
129 246 335 98 302 53 429 180 316 401 343 239 0 148 61 37 89 242 180
166 101 417 237 196 192 297 258 413 275 196 100 148 0 83 116 138 324 269
55 191 317 155 255 73 374 145 293 346 271 173 61 83 0 15 37 226 150
84 212 304 144 259 85 401 143 291 358 299 192 37 116 15 0 49 202 152
128 269 271 194 321 148 449 74 239 432 330 252 89 138 37 49 0 144 79
279 416 89 341 489 270 606 235 84 555 491 409 242 324 226 202 144 0 64
248 355 152 290 442 231 542 170 144 507 450 334 180 269 150 152 79 64 0
