0 352 236 94 76 233 315 216 138 148 227 13 271 176 113 74 109 152 173
352 0 263 450 356 256 130 222 297 306 247 348 92 164 282 318 266 207 210
236 263 0 330 218 18 237 124 211 188 28 236 187 76 175 214 145 69 65
94 450 330 0 156 308 404 299 202 230 315 90 359 271 205 126 173 247 265
76 356 218 156 0 219 298 203 104 141 213 55 254 154 86 31 79 145 174
233 256 18 308 219 0 214 102 179 208 0 219 162 75 143 204 113 77 42
315 130 237 404 298 214 0 202 267 266 190 302 40 135 230 252 208 153 170
216 222 124 299 203 102 202 0 162 158 111 207 123 29 131 171 117 54 84
138 297 211 202 104 179 267 162 0 55 184 126 231 107 36 81 36 118 134
148 306 188 230 141 208 266 158 55 0 175 109 219 135 16 90 35 120 139
227 247 28 315 213 0 190 111 184 175 0 225 168 76 147 190 151 55 29
13 348 236 90 55 219 302 207 126 109 225 0 277 175 75 44 75 140 193
271 92 187 359 254 162 40 123 231 219 168 277 0 84 194 201 167 107 138
176 164 76 271 154 75 135 29 107 135 76 175 84 0 109 121 72 0 12
113 282 175 205 86 143 230 131 36 16 147 75 194 109 0 74 6 75 112
74 318 214 126 31 204 252 171 81 90 190 44 201 121 74 0 48 118 140
109 266 145 173 79 113 208 117 36 35 151 75 167 72 6 48 0 53 117
152 207 69 247 145 77 153 54 118 120 55 140 107 0 75 118 53 0 11
173 210 65 265 174 42 170 84 134 139 29 193 138 12 112 140 117 11 0
