0 299 326 285 324 199 332 238 249 276 224 289 243 246 160 205 108 128 104
299 0 452 393 357 295 429 155 119 319 253 371 67 357 249 111 201 161 186
326 452 0 91 460 220 172 400 388 406 348 40 368 116 166 338 217 267 240
285 393 91 0 408 187 152 374 354 386 323 34 328 65 144 298 206 239 209
324 357 460 408 0 325 431 316 292 164 91 364 270 347 268 278 221 168 205
199 295 220 187 325 0 220 249 249 297 229 155 218 105 44 193 97 121 90
332 429 172 152 431 220 0 371 362 410 339 107 345 83 179 331 217 235 211
238 155 400 374 316 249 371 0 120 279 221 337 57 287 212 61 160 120 137
249 119 388 354 292 249 362 120 0 283 198 317 22 298 211 42 142 104 135
276 319 406 386 164 297 410 279 283 0 86 365 237 310 232 252 185 159 171
224 253 348 323 91 229 339 221 198 86 0 285 176 257 186 177 121 94 146
289 371 40 34 364 155 107 337 317 365 285 0 312 24 105 287 160 206 169
243 67 368 328 270 218 345 57 22 237 176 312 0 274 185 18 131 83 105
246 357 116 65 347 105 83 287 298 310 257 24 274 0 76 245 139 167 137
160 249 166 144 268 44 179 212 211 232 186 105 185 76 0 180 68 102 74
205 111 338 298 278 193 331 61 42 252 177 287 18 245 180 0 95 76 100
108 201 217 206 221 97 217 160 142 185 121 160 131 139 68 95 0 34 27
128 161 267 239 168 121 235 120 104 159 94 206 83 167 102 76 34 0 27
104 186 240 209 205 90 211 137 135 171 146 169 105 137 74 100 27 27 0
