0 159 149 88 218 208 220 143 127 156 150 70 112 57 16 72 127 7 86
159 0 4 235 365 354 361 300 261 321 294 213 267 222 148 213 25 156 73
149 4 0 225 361 363 359 288 247 315 287 209 251 199 172 191 7 125 59
88 235 225 0 301 298 306 107 49 266 229 0 211 151 84 37 214 71 159
218 365 361 301 0 189 299 355 335 260 207 299 76 148 227 256 361 231 280
208 354 363 298 189 0 294 350 314 243 224 285 85 135 196 264 336 203 321
220 361 359 306 299 294 0 373 349 66 58 290 184 134 207 282 367 223 307
143 300 288 107 355 350 373 0 146 324 307 102 263 219 153 79 290 131 221
127 261 247 49 335 314 349 146 0 302 279 34 245 193 133 51 274 133 200
156 321 315 266 260 243 66 324 302 0 26 255 140 90 186 232 316 175 251
150 294 287 229 207 224 58 307 279 26 0 248 131 83 147 230 299 164 253
70 213 209 0 299 285 290 102 34 255 248 0 187 138 90 33 211 82 163
112 267 251 211 76 85 184 263 245 140 131 187 0 60 109 164 244 119 179
57 222 199 151 148 135 134 219 193 90 83 138 60 0 54 148 202 88 170
16 148 172 84 227 196 207 153 133 186 147 90 109 54 0 68 131 -5 83
72 213 191 37 256 264 282 79 51 232 230 33 164 148 68 0 195 49 132
127 25 7 214 361 336 367 290 274 316 299 211 244 202 131 195 0 143 58
7 156 125 71 231 203 223 131 133 175 164 82 119 88 -5 49 143 0 73
86 73 59 159 280 321 307 221 200 251 253 163 179 170 83 132 58 73 0
