0 181 220 218 196 295 197 139 250 229 201 148 138 192 120 122 114 89 80
181 0 161 221 199 236 200 142 191 232 142 89 141 195 61 125 117 92 101
220 161 0 260 238 219 239 181 174 271 125 72 180 234 100 164 156 131 140
218 221 260 0 186 335 171 113 290 219 241 188 112 182 160 96 104 129 138
196 199 238 186 0 313 165 107 268 41 219 166 106 4 138 90 82 107 116
295 236 219 335 313 0 314 256 143 346 94 147 255 309 175 239 231 206 215
197 200 239 171 165 314 0 60 269 198 220 167 59 161 139 75 83 108 117
139 142 181 113 107 256 60 0 211 140 162 109 1 103 81 17 25 50 59
250 191 174 290 268 143 269 211 0 301 49 102 210 264 130 194 186 161 170
229 232 271 219 41 346 198 140 301 0 252 199 139 37 171 123 115 140 149
201 142 125 241 219 94 220 162 49 252 0 53 161 215 81 145 137 112 121
148 89 72 188 166 147 167 109 102 199 53 0 108 162 28 92 84 59 68
138 141 180 112 106 255 59 1 210 139 161 108 0 102 80 16 24 49 58
192 195 234 182 4 309 161 103 264 37 215 162 102 0 134 86 78 103 112
120 61 100 160 138 175 139 81 130 171 81 28 80 134 0 64 56 31 40
122 125 164 96 90 239 75 17 194 123 145 92 16 86 64 0 8 33 42
114 117 156 104 82 231 83 25 186 115 137 84 24 78 56 8 0 25 34
89 92 131 129 107 206 108 50 161 140 112 59 49 103 31 33 25 0 9
80 101 140 138 116 215 117 59 170 149 121 68 58 112 40 42 34 9 0
