0 156 24 405 436 447 424 551 217 531 487 6 414 365 398 82 293 145 211
156 0 164 365 437 403 426 527 176 493 465 127 383 351 335 59 273 111 171
24 164 0 404 478 459 454 578 216 529 486 32 408 400 390 107 290 159 221
405 365 404 0 289 279 83 401 316 364 314 403 239 32 198 319 113 249 172
436 437 478 289 0 155 343 283 374 253 206 450 110 277 98 363 171 328 256
447 403 459 279 155 0 297 206 334 151 107 431 38 234 61 354 142 304 233
424 426 454 83 343 297 0 455 344 396 362 433 273 62 249 354 177 302 215
551 527 578 401 283 206 455 0 473 126 88 537 168 373 205 479 269 416 351
217 176 216 316 374 334 344 473 0 443 382 192 304 278 296 112 199 55 113
531 493 529 364 253 151 396 126 443 0 32 516 129 340 154 456 246 378 333
487 465 486 314 206 107 362 88 382 32 0 468 93 305 125 400 198 325 280
6 127 32 403 450 431 433 537 192 516 468 0 384 370 365 77 260 110 203
414 383 408 239 110 38 273 168 304 129 93 384 0 220 28 316 106 249 188
365 351 400 32 277 234 62 373 278 340 305 370 220 0 175 292 104 238 165
398 335 390 198 98 61 249 205 296 154 125 365 28 175 0 286 87 246 170
82 59 107 319 363 354 354 479 112 456 400 77 316 292 286 0 216 58 120
293 273 290 113 171 142 177 269 199 246 198 260 106 104 87 216 0 131 70
145 111 159 249 328 304 302 416 55 378 325 110 249 238 246 58 131 0 59
211 171 221 172 256 233 215 351 113 333 280 203 188 165 170 120 70 59 0
