0 161 62 396 423 422 359 456 253 453 397 29 390 324 346 97 290 194 234
161 0 163 350 369 388 343 419 214 391 363 125 369 288 297 68 222 153 205
62 163 0 387 428 407 382 482 252 439 390 38 397 326 334 104 299 194 241
396 350 387 0 230 232 129 276 260 251 223 342 202 41 150 295 107 202 149
423 369 428 230 0 159 237 200 321 206 145 380 151 199 80 320 137 244 184
422 388 407 232 159 0 219 69 281 66 19 392 7 174 66 319 126 218 172
359 343 382 129 237 219 0 276 277 237 209 354 226 43 148 271 95 182 141
456 419 482 276 200 69 276 0 334 104 56 413 65 225 115 354 186 273 225
253 214 252 260 321 281 277 334 0 304 281 236 274 201 244 156 160 66 113
453 391 439 251 206 66 237 104 304 0 31 396 27 190 104 356 154 236 198
397 363 390 223 145 19 209 56 281 31 0 350 1 170 72 300 126 224 157
29 125 38 342 380 392 354 413 236 396 350 0 368 286 304 92 261 148 208
390 369 397 202 151 7 226 65 274 27 1 368 0 177 47 285 135 216 157
324 288 326 41 199 174 43 225 201 190 170 286 177 0 95 221 55 148 80
346 297 334 150 80 66 148 115 244 104 72 304 47 95 0 252 67 166 95
97 68 104 295 320 319 271 354 156 356 300 92 285 221 252 0 186 94 142
290 222 299 107 137 126 95 186 160 154 126 261 135 55 67 186 0 81 39
194 153 194 202 244 218 182 273 66 236 224 148 216 148 166 94 81 0 50
234 205 241 149 184 172 141 225 113 198 157 208 157 80 95 142 39 50 0
