0 414 192 141 170 401 446 436 458 98 395 53 320 72 365 50 284 120 255
414 0 327 473 506 203 254 251 184 450 199 395 135 405 81 362 139 299 190
192 327 0 206 234 292 350 318 334 178 282 122 209 126 246 133 178 26 124
141 473 206 0 160 434 484 448 482 163 409 102 338 58 368 93 325 167 260
170 506 234 160 0 433 508 510 497 185 443 131 385 96 396 115 355 213 306
401 203 292 434 433 0 221 173 246 412 139 359 57 357 140 352 85 272 126
446 254 350 484 508 221 0 94 299 490 59 420 133 429 186 390 150 320 205
436 251 318 448 510 173 94 0 257 454 35 376 105 398 152 373 121 275 200
458 184 334 482 497 246 299 257 0 462 236 399 144 422 103 394 149 312 232
98 450 178 163 185 412 490 454 462 0 387 57 324 121 366 71 324 180 265
395 199 282 409 443 139 59 35 236 387 0 341 72 350 141 311 85 257 149
53 395 122 102 131 359 420 376 399 57 341 0 277 32 313 30 265 95 187
320 135 209 338 385 57 133 105 144 324 72 277 0 283 54 254 17 194 75
72 405 126 58 96 357 429 398 422 121 350 32 283 0 306 26 275 102 219
365 81 246 368 396 140 186 152 103 366 141 313 54 306 0 312 44 203 105
50 362 133 93 115 352 390 373 394 71 311 30 254 26 312 0 259 79 195
284 139 178 325 355 85 150 121 149 324 85 265 17 275 44 259 0 161 72
120 299 26 167 213 272 320 275 312 180 257 95 194 102 203 79 161 0 101
255 190 124 260 306 126 205 200 232 265 149 187 75 219 105 195 72 101 0
