0 101 150 190 174 263 192 137 259 164 143 169 145 82 18 93 54 54 97
101 0 245 268 258 342 263 221 348 240 247 265 225 168 88 189 149 137 166
150 245 0 163 239 225 104 184 160 232 46 161 31 186 162 91 128 117 134
190 268 163 0 241 82 157 228 253 243 148 25 133 181 184 70 145 125 149
174 258 239 241 0 315 267 188 316 145 222 227 203 88 173 151 114 130 150
263 342 225 82 315 0 249 263 313 314 215 74 191 243 239 146 232 201 208
192 263 104 157 267 249 0 197 159 244 40 154 63 172 164 84 156 121 145
137 221 184 228 188 263 197 0 261 201 173 190 168 145 138 123 89 64 64
259 348 160 253 316 313 159 261 0 310 95 250 113 225 252 149 198 194 199
164 240 232 243 145 314 244 201 310 0 217 246 196 70 147 148 124 110 143
143 247 46 148 222 215 40 173 95 217 0 150 12 133 138 41 109 80 122
169 265 161 25 227 74 154 190 250 246 150 0 135 160 160 70 130 106 144
145 225 31 133 203 191 63 168 113 196 12 135 0 136 128 36 104 69 81
82 168 186 181 88 243 172 145 225 70 133 160 136 0 66 90 42 31 55
18 88 162 184 173 239 164 138 252 147 138 160 128 66 0 84 34 54 50
93 189 91 70 151 146 84 123 149 148 41 70 36 90 84 0 36 20 50
54 149 128 145 114 232 156 89 198 124 109 130 104 42 34 36 0 7 11
54 137 117 125 130 201 121 64 194 110 80 106 69 31 54 20 7 0 21
97 166 134 149 150 208 145 64 199 143 122 144 81 55 50 50 11 21 0
