0 172 281 100 159 127 148 200 307 202 125 138 89 238 88 44 55 85 146
172 0 339 75 185 153 177 248 340 102 175 26 110 284 71 93 91 104 190
281 339 0 289 323 238 262 364 90 363 326 320 229 51 252 213 209 192 139
100 75 289 0 145 103 135 189 285 119 146 68 85 227 16 61 37 59 140
159 185 323 145 0 127 189 70 342 240 18 163 128 281 137 120 83 127 170
127 153 238 103 127 0 88 203 259 188 119 119 31 204 94 40 44 21 113
148 177 262 135 189 88 0 232 312 229 183 128 58 231 115 78 79 94 137
200 248 364 189 70 203 232 0 393 291 64 221 174 332 177 137 150 155 227
307 340 90 285 342 259 312 393 0 381 332 303 235 56 287 243 239 230 163
202 102 363 119 240 188 229 291 381 0 237 70 182 322 125 162 143 157 226
125 175 326 146 18 119 183 64 332 237 0 144 100 244 111 85 85 123 186
138 26 320 68 163 119 128 221 303 70 144 0 100 254 34 75 81 89 155
89 110 229 85 128 31 58 174 235 182 100 100 0 179 58 44 23 19 75
238 284 51 227 281 204 231 332 56 322 244 254 179 0 220 198 194 171 105
88 71 252 16 137 94 115 177 287 125 111 34 58 220 0 32 31 48 121
44 93 213 61 120 40 78 137 243 162 85 75 44 198 32 0 -2 9 86
55 91 209 37 83 44 79 150 239 143 85 81 23 194 31 -2 0 11 90
85 104 192 59 127 21 94 155 230 157 123 89 19 171 48 9 11 0 46
146 190 139 140 170 113 137 227 163 226 186 155 75 105 121 86 90 46 0
