0 180 237 245 266 304 290 301 280 229 214 208 163 284 243 202 118 110 46
180 0 197 189 226 264 250 245 224 173 158 152 107 244 203 162 62 70 134
237 197 0 262 99 137 123 318 297 246 231 225 180 117 76 35 135 127 191
245 189 262 0 291 329 315 220 199 148 133 127 82 309 268 227 127 135 199
266 226 99 291 0 84 70 347 326 275 260 254 209 64 23 64 164 156 220
304 264 137 329 84 0 26 385 364 313 298 292 247 20 61 102 202 194 258
290 250 123 315 70 26 0 371 350 299 284 278 233 6 47 88 188 180 244
301 245 318 220 347 385 371 0 165 102 87 93 138 365 324 283 183 191 255
280 224 297 199 326 364 350 165 0 93 78 72 117 344 303 262 162 170 234
229 173 246 148 275 313 299 102 93 0 15 21 66 293 252 211 111 119 183
214 158 231 133 260 298 284 87 78 15 0 6 51 278 237 196 96 104 168
208 152 225 127 254 292 278 93 72 21 6 0 45 272 231 190 90 98 162
163 107 180 82 209 247 233 138 117 66 51 45 0 227 186 145 45 53 117
284 244 117 309 64 20 6 365 344 293 278 272 227 0 41 82 182 174 238
243 203 76 268 23 61 47 324 303 252 237 231 186 41 0 41 141 133 197
202 162 35 227 64 102 88 283 262 211 196 190 145 82 41 0 100 92 156
118 62 135 127 164 202 188 183 162 111 96 90 45 182 141 100 0 8 72
110 70 127 135 156 194 180 191 170 119 104 98 53 174 133 92 8 0 64
46 134 191 199 220 258 244 255 234 183 168 162 117 238 197 156 72 64 0
