0 221 249 227 245 281 255 355 114 159 270 233 182 41 144 220 202 132 141
221 0 106 184 202 238 212 312 253 92 227 190 39 180 77 177 159 89 98
249 106 0 212 230 266 240 340 281 120 255 218 67 208 105 205 187 117 126
227 184 212 0 68 68 42 142 259 122 57 20 145 186 107 7 25 95 86
245 202 230 68 0 122 96 196 277 140 111 74 163 204 125 61 43 113 104
281 238 266 68 122 0 70 96 313 176 11 48 199 240 161 61 79 149 140
255 212 240 42 96 70 0 144 287 150 59 22 173 214 135 35 53 123 114
355 312 340 142 196 96 144 0 387 250 85 122 273 314 235 135 153 223 214
114 253 281 259 277 313 287 387 0 191 302 265 214 73 176 252 234 164 173
159 92 120 122 140 176 150 250 191 0 165 128 53 118 15 115 97 27 36
270 227 255 57 111 11 59 85 302 165 0 37 188 229 150 50 68 138 129
233 190 218 20 74 48 22 122 265 128 37 0 151 192 113 13 31 101 92
182 39 67 145 163 199 173 273 214 53 188 151 0 141 38 138 120 50 59
41 180 208 186 204 240 214 314 73 118 229 192 141 0 103 179 161 91 100
144 77 105 107 125 161 135 235 176 15 150 113 38 103 0 100 82 12 21
220 177 205 7 61 61 35 135 252 115 50 13 138 179 100 0 18 88 79
202 159 187 25 43 79 53 153 234 97 68 31 120 161 82 18 0 70 61
132 89 117 95 113 149 123 223 164 27 138 101 50 91 12 88 70 0 9
141 98 126 86 104 140 114 214 173 36 129 92 59 100 21 79 61 9 0
