0 340 368 197 255 439 94 120 424 314 362 337 272 196 49 88 154 182 276
340 0 344 229 287 415 258 362 400 110 338 313 68 228 291 252 186 158 252
368 344 0 257 315 133 286 390 118 318 56 31 276 256 319 280 214 186 92
197 229 257 0 60 328 115 219 313 203 251 226 161 1 148 109 43 71 165
255 287 315 60 0 386 173 277 371 261 309 284 219 59 206 167 101 129 223
439 415 133 328 386 0 357 461 139 389 77 102 347 327 390 351 285 257 163
94 258 286 115 173 357 0 116 342 232 280 255 190 114 45 6 72 100 194
120 362 390 219 277 461 116 0 446 336 384 359 294 218 71 110 176 204 298
424 400 118 313 371 139 342 446 0 374 62 87 332 312 375 336 270 242 148
314 110 318 203 261 389 232 336 374 0 312 287 42 202 265 226 160 132 226
362 338 56 251 309 77 280 384 62 312 0 25 270 250 313 274 208 180 86
337 313 31 226 284 102 255 359 87 287 25 0 245 225 288 249 183 155 61
272 68 276 161 219 347 190 294 332 42 270 245 0 160 223 184 118 90 184
196 228 256 1 59 327 114 218 312 202 250 225 160 0 147 108 42 70 164
49 291 319 148 206 390 45 71 375 265 313 288 223 147 0 39 105 133 227
88 252 280 109 167 351 6 110 336 226 274 249 184 108 39 0 66 94 188
154 186 214 43 101 285 72 176 270 160 208 183 118 42 105 66 0 28 122
182 158 186 71 129 257 100 204 242 132 180 155 90 70 133 94 28 0 94
276 252 92 165 223 163 194 298 148 226 86 61 184 164 227 188 122 94 0
