0 428 201 246 70 172 244 192 386 289 73 171 355 189 165 122 162 240 331
428 0 338 373 357 344 447 384 31 245 336 319 50 376 284 307 291 205 85
201 338 0 99 139 84 219 178 304 222 140 22 308 177 63 105 54 160 256
246 373 99 0 169 127 262 211 345 245 163 64 340 210 92 122 97 196 273
70 357 139 169 0 121 189 108 289 225 11 90 305 116 86 49 89 148 258
172 344 84 127 121 0 194 166 293 186 102 50 285 149 27 66 51 132 223
244 447 219 262 189 194 0 75 402 295 175 190 404 81 172 138 173 250 351
192 384 178 211 108 166 75 0 327 249 94 141 331 13 113 66 110 205 271
386 31 304 345 289 293 402 327 0 212 312 277 15 329 252 257 250 151 67
289 245 222 245 225 186 295 249 212 0 207 172 193 240 163 167 148 53 146
73 336 140 163 11 102 175 94 312 207 0 90 310 111 68 36 75 163 251
171 319 22 64 90 50 190 141 277 172 90 0 265 110 14 50 36 125 229
355 50 308 340 305 285 404 331 15 193 310 265 0 324 261 274 241 160 53
189 376 177 210 116 149 81 13 329 240 111 110 324 0 112 61 81 189 288
165 284 63 92 86 27 172 113 252 163 68 14 261 112 0 38 -5 108 208
122 307 105 122 49 66 138 66 257 167 36 50 274 61 38 0 23 104 233
162 291 54 97 89 51 173 110 250 148 75 36 241 81 -5 23 0 65 189
240 205 160 196 148 132 250 205 151 53 163 125 160 189 108 104 65 0 107
331 85 256 273 258 223 351 271 67 146 251 229 53 288 208 233 189 107 0
