0 174 213 238 177 118 215 334 288 342 144 158 276 72 39 248 58 180 124
174 0 271 124 207 214 245 392 346 400 30 188 334 102 135 306 116 238 182
213 271 0 335 274 253 312 187 141 195 241 255 129 169 174 101 155 33 89
238 124 335 0 271 278 309 456 410 464 94 252 398 166 199 370 180 302 246
177 207 274 271 0 217 76 395 349 403 177 19 337 105 138 309 119 241 185
118 214 253 278 217 0 255 374 328 382 184 198 316 112 79 288 98 220 164
215 245 312 309 76 255 0 433 387 441 215 57 375 143 176 347 157 279 223
334 392 187 456 395 374 433 0 70 180 362 376 58 290 295 86 276 154 210
288 346 141 410 349 328 387 70 0 134 316 330 12 244 249 40 230 108 164
342 400 195 464 403 382 441 180 134 0 370 384 122 298 303 94 284 162 218
144 30 241 94 177 184 215 362 316 370 0 158 304 72 105 276 86 208 152
158 188 255 252 19 198 57 376 330 384 158 0 318 86 119 290 100 222 166
276 334 129 398 337 316 375 58 12 122 304 318 0 232 237 28 218 96 152
72 102 169 166 105 112 143 290 244 298 72 86 232 0 33 204 14 136 80
39 135 174 199 138 79 176 295 249 303 105 119 237 33 0 209 19 141 85
248 306 101 370 309 288 347 86 40 94 276 290 28 204 209 0 190 68 124
58 116 155 180 119 98 157 276 230 284 86 100 218 14 19 190 0 122 66
180 238 33 302 241 220 279 154 108 162 208 222 96 136 141 68 122 0 56
124 182 89 246 185 164 223 210 164 218 152 166 152 80 85 124 66 56 0
