0 249 165 340 370 168 489 139 436 365 80 44 313 398 74 328 261 194 155
249 0 266 201 231 329 350 300 297 226 241 205 174 259 175 189 122 55 94
165 266 0 357 387 245 506 216 453 382 157 121 330 415 91 345 278 211 172
340 201 357 0 84 420 307 391 254 183 332 296 27 216 266 146 79 146 185
370 231 387 84 0 450 337 421 284 213 362 326 57 246 296 176 109 176 215
168 329 245 420 450 0 569 147 516 445 88 124 393 478 154 408 341 274 235
489 350 506 307 337 569 0 540 129 198 481 445 280 91 415 161 228 295 334
139 300 216 391 421 147 540 0 487 416 59 95 364 449 125 379 312 245 206
436 297 453 254 284 516 129 487 0 145 428 392 227 38 362 108 175 242 281
365 226 382 183 213 445 198 416 145 0 357 321 156 107 291 37 104 171 210
80 241 157 332 362 88 481 59 428 357 0 36 305 390 66 320 253 186 147
44 205 121 296 326 124 445 95 392 321 36 0 269 354 30 284 217 150 111
313 174 330 27 57 393 280 364 227 156 305 269 0 189 239 119 52 119 158
398 259 415 216 246 478 91 449 38 107 390 354 189 0 324 70 137 204 243
74 175 91 266 296 154 415 125 362 291 66 30 239 324 0 254 187 120 81
328 189 345 146 176 408 161 379 108 37 320 284 119 70 254 0 67 134 173
261 122 278 79 109 341 228 312 175 104 253 217 52 137 187 67 0 67 106
194 55 211 146 176 274 295 245 242 171 186 150 119 204 120 134 67 0 39
155 94 172 185 215 235 334 206 281 210 147 111 158 243 81 173 106 39 0
