0 391 68 215 87 67 274 345 354 377 39 324 332 235 19 220 126 21 31
391 0 421 354 436 420 225 72 275 298 392 245 59 156 372 171 265 370 360
68 421 0 245 117 57 304 375 384 407 29 354 362 265 49 250 156 51 61
215 354 245 0 260 244 237 308 317 340 216 287 295 198 196 183 89 194 184
87 436 117 260 0 116 319 390 399 422 88 369 377 280 68 265 171 66 76
67 420 57 244 116 0 303 374 383 406 28 353 361 264 48 249 155 50 60
274 225 304 237 319 303 0 179 188 211 275 158 166 69 255 54 148 253 243
345 72 375 308 390 374 179 0 229 252 346 199 13 110 326 125 219 324 314
354 275 384 317 399 383 188 229 0 83 355 30 216 119 335 134 228 333 323
377 298 407 340 422 406 211 252 83 0 378 53 239 142 358 157 251 356 346
39 392 29 216 88 28 275 346 355 378 0 325 333 236 20 221 127 22 32
324 245 354 287 369 353 158 199 30 53 325 0 186 89 305 104 198 303 293
332 59 362 295 377 361 166 13 216 239 333 186 0 97 313 112 206 311 301
235 156 265 198 280 264 69 110 119 142 236 89 97 0 216 15 109 214 204
19 372 49 196 68 48 255 326 335 358 20 305 313 216 0 201 107 2 12
220 171 250 183 265 249 54 125 134 157 221 104 112 15 201 0 94 199 189
126 265 156 89 171 155 148 219 228 251 127 198 206 109 107 94 0 105 95
21 370 51 194 66 50 253 324 333 356 22 303 311 214 2 199 105 0 10
31 360 61 184 76 60 243 314 323 346 32 293 301 204 12 189 95 10 0
