0 245 268 301 301 187 101 268 378 173 102 111 247 293 175 223 96 172 215
245 0 175 92 213 248 152 184 149 226 165 151 141 63 98 12 138 54 36
268 175 0 276 82 253 188 169 318 266 193 173 26 228 94 173 161 103 136
301 92 276 0 272 304 225 286 82 299 242 259 239 16 192 92 193 161 105
301 213 82 272 0 314 227 196 352 282 231 224 57 268 103 192 200 130 169
187 248 253 304 314 0 81 287 356 151 78 71 236 283 188 235 97 173 199
101 152 188 225 227 81 0 208 301 76 5 5 155 214 120 148 18 88 125
268 184 169 286 196 287 208 0 313 271 222 192 120 255 103 185 190 117 172
378 149 318 82 352 356 301 313 0 355 304 290 297 83 234 152 289 217 181
173 226 266 299 282 151 76 271 355 0 91 52 236 285 193 217 90 146 185
102 165 193 242 231 78 5 222 304 91 0 6 180 227 107 153 8 85 112
111 151 173 259 224 71 5 192 290 52 6 0 161 222 117 158 23 83 118
247 141 26 239 57 236 155 120 297 236 180 161 0 207 43 159 159 67 114
293 63 228 16 268 283 214 255 83 285 227 222 207 0 160 53 193 132 97
175 98 94 192 103 188 120 103 234 193 107 117 43 160 0 107 97 28 47
223 12 173 92 192 235 148 185 152 217 153 158 159 53 107 0 125 47 32
96 138 161 193 200 97 18 190 289 90 8 23 159 193 97 125 0 57 85
172 54 103 161 130 173 88 117 217 146 85 83 67 132 28 47 57 0 36
215 36 136 105 169 199 125 172 181 185 112 118 114 97 47 32 85 36 0
