0 287 143 247 174 147 155 200 191 362 146 133 113 62 272 99 211 144 202
287 0 306 112 173 310 318 199 280 105 145 296 276 225 15 188 76 143 85
143 306 0 266 193 64 72 219 210 381 165 50 30 81 291 118 230 163 221
247 112 266 0 133 270 278 159 240 187 105 256 236 185 97 148 36 103 45
174 173 193 133 0 197 205 82 167 248 28 183 163 112 158 75 97 30 88
147 310 64 270 197 0 36 223 214 385 169 14 34 85 295 122 234 167 225
155 318 72 278 205 36 0 231 222 393 177 22 42 93 303 130 242 175 233
200 199 219 159 82 223 231 0 193 274 54 209 189 138 184 101 123 56 114
191 280 210 240 167 214 222 193 0 355 139 200 180 129 265 92 204 137 195
362 105 381 187 248 385 393 274 355 0 220 371 351 300 90 263 151 218 160
146 145 165 105 28 169 177 54 139 220 0 155 135 84 130 47 69 2 60
133 296 50 256 183 14 22 209 200 371 155 0 20 71 281 108 220 153 211
113 276 30 236 163 34 42 189 180 351 135 20 0 51 261 88 200 133 191
62 225 81 185 112 85 93 138 129 300 84 71 51 0 210 37 149 82 140
272 15 291 97 158 295 303 184 265 90 130 281 261 210 0 173 61 128 70
99 188 118 148 75 122 130 101 92 263 47 108 88 37 173 0 112 45 103
211 76 230 36 97 234 242 123 204 151 69 220 200 149 61 112 0 67 9
144 143 163 103 30 167 175 56 137 218 2 153 133 82 128 45 67 0 58
202 85 221 45 88 225 233 114 195 160 60 211 191 140 70 103 9 58 0
