0 412 245 285 196 367 31 305 298 392 342 188 25 225 123 272 200 221 203
412 0 257 451 362 235 393 317 268 120 70 354 387 237 289 140 212 191 209
245 257 0 284 195 212 226 100 143 237 187 187 220 20 122 117 45 66 48
285 451 284 0 105 406 266 344 337 431 381 97 260 264 162 311 239 260 242
196 362 195 105 0 317 177 255 248 342 292 8 171 175 73 222 150 171 153
367 235 212 406 317 0 348 272 223 215 165 309 342 192 244 95 167 146 164
31 393 226 266 177 348 0 286 279 373 323 169 6 206 104 253 181 202 184
305 317 100 344 255 272 286 0 203 297 247 247 280 80 182 177 105 126 108
298 268 143 337 248 223 279 203 0 248 198 240 273 123 175 128 98 77 95
392 120 237 431 342 215 373 297 248 0 50 334 367 217 269 120 192 171 189
342 70 187 381 292 165 323 247 198 50 0 284 317 167 219 70 142 121 139
188 354 187 97 8 309 169 247 240 334 284 0 163 167 65 214 142 163 145
25 387 220 260 171 342 6 280 273 367 317 163 0 200 98 247 175 196 178
225 237 20 264 175 192 206 80 123 217 167 167 200 0 102 97 25 46 28
123 289 122 162 73 244 104 182 175 269 219 65 98 102 0 149 77 98 80
272 140 117 311 222 95 253 177 128 120 70 214 247 97 149 0 72 51 69
200 212 45 239 150 167 181 105 98 192 142 142 175 25 77 72 0 21 3
221 191 66 260 171 146 202 126 77 171 121 163 196 46 98 51 21 0 18
203 209 48 242 153 164 184 108 95 189 139 145 178 28 80 69 3 18 0
