0 220 256 467 515 375 64 210 322 159 158 426 50 169 137 362 164 254 174
220 0 232 468 489 370 174 182 300 102 81 416 168 149 105 323 125 243 154
256 232 0 401 423 311 204 109 261 146 140 358 200 73 150 273 89 194 99
467 468 401 0 130 158 432 332 254 391 367 49 423 321 320 109 300 192 279
515 489 423 130 0 216 472 410 302 454 415 90 457 368 422 183 355 252 351
375 370 311 158 216 0 344 240 155 295 265 133 327 207 269 25 228 102 207
64 174 204 432 472 344 0 163 261 115 114 387 -5 128 91 310 121 229 131
210 182 109 332 410 240 163 0 215 128 123 325 146 42 98 246 53 142 62
322 300 261 254 302 155 261 215 0 230 220 212 276 175 190 117 144 60 149
159 102 146 391 454 295 115 128 230 0 27 327 122 91 34 245 72 179 87
158 81 140 367 415 265 114 123 220 27 0 326 96 72 20 243 64 157 78
426 416 358 49 90 133 387 325 212 327 326 0 381 279 304 90 261 151 234
50 168 200 423 457 327 -5 146 276 122 96 381 0 128 70 278 113 218 141
169 149 73 321 368 207 128 42 175 91 72 279 128 0 41 195 5 133 29
137 105 150 320 422 269 91 98 190 34 20 304 70 41 0 220 19 145 40
362 323 273 109 183 25 310 246 117 245 243 90 278 195 220 0 186 87 164
164 125 89 300 355 228 121 53 144 72 64 261 113 5 19 186 0 110 26
254 243 194 192 252 102 229 142 60 179 157 151 218 133 145 87 110 0 84
174 154 99 279 351 207 131 62 149 87 78 234 141 29 40 164 26 84 0
