0 352 334 347 298 317 200 370 286 283 260 273 202 121 96 232 192 315 243
352 0 480 158 477 489 303 540 266 267 72 210 149 231 268 369 346 491 391
334 480 0 482 275 270 323 50 443 456 400 400 338 243 230 165 147 24 89
347 158 482 0 453 442 310 498 236 240 59 198 132 220 246 367 310 462 356
298 477 275 453 0 185 318 309 413 410 388 378 317 244 220 60 136 258 176
317 489 270 442 185 0 322 284 412 407 375 377 329 240 219 111 142 285 180
200 303 323 310 318 322 0 348 260 264 230 222 163 90 89 224 198 318 228
370 540 50 498 309 284 348 0 461 470 437 438 396 286 267 225 177 56 124
286 266 443 236 413 412 260 461 0 93 177 50 111 183 225 338 286 423 333
283 267 456 240 410 407 264 470 93 0 190 52 98 172 196 347 296 440 343
260 72 400 59 388 375 230 437 177 190 0 141 69 155 176 303 267 391 301
273 210 400 198 378 377 222 438 50 52 141 0 54 155 170 302 259 384 296
202 149 338 132 317 329 163 396 111 98 69 54 0 82 110 235 191 338 231
121 231 243 220 244 240 90 286 183 172 155 155 82 0 40 158 117 233 177
96 268 230 246 220 219 89 267 225 196 176 170 110 40 0 144 89 230 119
232 369 165 367 60 111 224 225 338 347 303 302 235 158 144 0 35 163 92
192 346 147 310 136 142 198 177 286 296 267 259 191 117 89 35 0 140 29
315 491 24 462 258 285 318 56 423 440 391 384 338 233 230 163 140 0 92
243 391 89 356 176 180 228 124 333 343 301 296 231 177 119 92 29 92 0
