0 180 352 279 362 307 189 312 206 264 141 270 58 90 268 292 211 167 119
180 0 416 343 426 371 253 376 104 328 39 334 122 154 332 356 275 231 183
352 416 0 91 292 237 361 128 442 282 377 82 294 262 84 222 141 185 233
279 343 91 0 219 164 288 55 369 209 304 9 221 189 11 149 68 112 160
362 426 292 219 0 85 371 252 452 292 387 210 304 272 208 70 151 195 243
307 371 237 164 85 0 316 197 397 237 332 155 249 217 153 15 96 140 188
189 253 361 288 371 316 0 321 279 273 214 279 131 99 277 301 220 176 128
312 376 128 55 252 197 321 0 402 242 337 46 254 222 44 182 101 145 193
206 104 442 369 452 397 279 402 0 354 65 360 148 180 358 382 301 257 209
264 328 282 209 292 237 273 242 354 0 289 200 206 174 198 222 141 97 145
141 39 377 304 387 332 214 337 65 289 0 295 83 115 293 317 236 192 144
270 334 82 9 210 155 279 46 360 200 295 0 212 180 2 140 59 103 151
58 122 294 221 304 249 131 254 148 206 83 212 0 32 210 234 153 109 61
90 154 262 189 272 217 99 222 180 174 115 180 32 0 178 202 121 77 29
268 332 84 11 208 153 277 44 358 198 293 2 210 178 0 138 57 101 149
292 356 222 149 70 15 301 182 382 222 317 140 234 202 138 0 81 125 173
211 275 141 68 151 96 220 101 301 141 236 59 153 121 57 81 0 44 92
167 231 185 112 195 140 176 145 257 97 192 103 109 77 101 125 44 0 48
119 183 233 160 243 188 128 193 209 145 144 151 61 29 149 173 92 48 0
