0 439 315 321 549 77 364 545 270 209 23 478 389 303 332 282 198 191 111
439 0 190 196 210 470 139 206 327 252 416 139 50 178 107 157 241 248 328
315 190 0 30 300 346 115 296 203 128 292 229 140 12 83 33 117 124 204
321 196 30 0 306 352 121 302 209 134 298 235 146 18 89 39 123 130 210
549 210 300 306 0 580 249 138 437 362 526 71 160 288 217 267 351 358 438
77 470 346 352 580 0 395 576 301 240 54 509 420 334 363 313 229 222 142
364 139 115 121 249 395 0 245 252 177 341 178 89 103 32 82 166 173 253
545 206 296 302 138 576 245 0 433 358 522 67 156 284 213 263 347 354 434
270 327 203 209 437 301 252 433 0 97 247 366 277 191 220 170 86 79 159
209 252 128 134 362 240 177 358 97 0 186 291 202 116 145 95 11 18 98
23 416 292 298 526 54 341 522 247 186 0 455 366 280 309 259 175 168 88
478 139 229 235 71 509 178 67 366 291 455 0 89 217 146 196 280 287 367
389 50 140 146 160 420 89 156 277 202 366 89 0 128 57 107 191 198 278
303 178 12 18 288 334 103 284 191 116 280 217 128 0 71 21 105 112 192
332 107 83 89 217 363 32 213 220 145 309 146 57 71 0 50 134 141 221
282 157 33 39 267 313 82 263 170 95 259 196 107 21 50 0 84 91 171
198 241 117 123 351 229 166 347 86 11 175 280 191 105 134 84 0 7 87
191 248 124 130 358 222 173 354 79 18 168 287 198 112 141 91 7 0 80
111 328 204 210 438 142 253 434 159 98 88 367 278 192 221 171 87 80 0
