0 398 333 250 275 319 379 216 335 128 330 299 195 257 268 199 111 75 5
398 0 333 426 137 119 379 392 335 376 330 99 371 257 130 199 287 323 393
333 333 0 361 210 254 52 327 154 311 3 234 306 76 203 134 222 258 328
250 426 361 0 303 347 407 76 363 228 358 327 55 285 296 227 139 175 245
275 137 210 303 0 58 256 269 212 253 207 38 248 134 7 76 164 200 270
319 119 254 347 58 0 300 313 256 297 251 20 292 178 51 120 208 244 314
379 379 52 407 256 300 0 373 200 357 49 280 352 122 249 180 268 304 374
216 392 327 76 269 313 373 0 329 194 324 293 21 251 262 193 105 141 211
335 335 154 363 212 256 200 329 0 313 151 236 308 78 205 136 224 260 330
128 376 311 228 253 297 357 194 313 0 308 277 173 235 246 177 89 53 123
330 330 3 358 207 251 49 324 151 308 0 231 303 73 200 131 219 255 325
299 99 234 327 38 20 280 293 236 277 231 0 272 158 31 100 188 224 294
195 371 306 55 248 292 352 21 308 173 303 272 0 230 241 172 84 120 190
257 257 76 285 134 178 122 251 78 235 73 158 230 0 127 58 146 182 252
268 130 203 296 7 51 249 262 205 246 200 31 241 127 0 69 157 193 263
199 199 134 227 76 120 180 193 136 177 131 100 172 58 69 0 88 124 194
111 287 222 139 164 208 268 105 224 89 219 188 84 146 157 88 0 36 106
75 323 258 175 200 244 304 141 260 53 255 224 120 182 193 124 36 0 70
5 393 328 245 270 314 374 211 330 123 325 294 190 252 263 194 106 70 0
