0 149 45 299 337 360 252 491 196 453 408 20 335 251 234 61 225 142 206
149 0 155 334 354 374 282 537 255 502 466 133 336 278 307 87 265 182 211
45 155 0 312 360 373 281 539 227 471 425 21 348 252 270 64 260 122 192
299 334 312 0 152 209 62 326 278 299 266 308 157 59 55 246 66 178 134
337 354 360 152 0 192 112 350 286 261 239 335 152 113 83 273 78 196 134
360 374 373 209 192 0 156 219 294 152 128 359 29 124 96 305 116 227 176
252 282 281 62 112 156 0 297 235 248 198 246 119 19 19 223 23 128 87
491 537 539 326 350 219 297 0 476 113 84 519 173 262 270 454 280 377 324
196 255 227 278 286 294 235 476 0 407 379 228 282 202 212 145 189 81 152
453 502 471 299 261 152 248 113 407 0 16 457 131 234 224 409 233 308 265
408 466 425 266 239 128 198 84 379 16 0 410 113 216 163 373 211 309 230
20 133 21 308 335 359 246 519 228 457 410 0 327 239 246 37 233 128 190
335 336 348 157 152 29 119 173 282 131 113 327 0 106 90 276 83 192 161
251 278 252 59 113 124 19 262 202 234 216 239 106 0 24 178 12 118 86
234 307 270 55 83 96 19 270 212 224 163 246 90 24 0 187 22 139 64
61 87 64 246 273 305 223 454 145 409 373 37 276 178 187 0 184 73 128
225 265 260 66 78 116 23 280 189 233 211 233 83 12 22 184 0 101 75
142 182 122 178 196 227 128 377 81 308 309 128 192 118 139 73 101 0 43
206 211 192 134 134 176 87 324 152 265 230 190 161 86 64 128 75 43 0
