0 150 29 401 457 440 440 562 199 532 486 8 400 375 374 89 282 143 215
150 0 163 373 429 412 412 534 171 504 458 142 372 347 346 61 254 115 187
29 163 0 414 470 453 453 575 212 545 499 21 413 388 387 102 295 156 228
401 373 414 0 294 277 91 399 314 369 323 393 237 26 211 312 119 258 186
457 429 470 294 0 149 333 271 370 241 195 449 109 268 83 368 175 314 242
440 412 453 277 149 0 316 202 353 172 126 432 40 251 66 351 158 297 225
440 412 453 91 333 316 0 438 353 408 362 432 276 65 250 351 158 297 225
562 534 575 399 271 202 438 0 475 122 76 554 162 373 188 473 280 419 347
199 171 212 314 370 353 353 475 0 445 399 191 313 288 287 110 195 56 128
532 504 545 369 241 172 408 122 445 0 46 524 132 343 158 443 250 389 317
486 458 499 323 195 126 362 76 399 46 0 478 86 297 112 397 204 343 271
8 142 21 393 449 432 432 554 191 524 478 0 392 367 366 81 274 135 207
400 372 413 237 109 40 276 162 313 132 86 392 0 211 26 311 118 257 185
375 347 388 26 268 251 65 373 288 343 297 367 211 0 185 286 93 232 160
374 346 387 211 83 66 250 188 287 158 112 366 26 185 0 285 92 231 159
89 61 102 312 368 351 351 473 110 443 397 81 311 286 285 0 193 54 126
282 254 295 119 175 158 158 280 195 250 204 274 118 93 92 193 0 139 67
143 115 156 258 314 297 297 419 56 389 343 135 257 232 231 54 139 0 72
215 187 228 186 242 225 225 347 128 317 271 207 185 160 159 126 67 72 0
