0 356 197 240 213 188 302 436 402 327 141 380 305 294 50 221 198 139 173
356 0 453 200 291 444 216 204 170 73 397 148 51 62 306 135 158 217 183
197 453 0 337 310 103 399 533 499 424 56 477 402 391 147 318 295 236 270
240 200 337 0 175 328 146 280 246 171 281 224 149 138 190 65 42 101 67
213 291 310 175 0 301 237 371 337 262 254 315 240 229 163 156 133 74 108
188 444 103 328 301 0 390 524 490 415 47 468 393 382 138 309 286 227 261
302 216 399 146 237 390 0 296 262 187 343 240 165 154 252 81 104 163 129
436 204 533 280 371 524 296 0 78 175 477 56 153 142 386 215 238 297 263
402 170 499 246 337 490 262 78 0 141 443 22 119 108 352 181 204 263 229
327 73 424 171 262 415 187 175 141 0 368 119 22 33 277 106 129 188 154
141 397 56 281 254 47 343 477 443 368 0 421 346 335 91 262 239 180 214
380 148 477 224 315 468 240 56 22 119 421 0 97 86 330 159 182 241 207
305 51 402 149 240 393 165 153 119 22 346 97 0 11 255 84 107 166 132
294 62 391 138 229 382 154 142 108 33 335 86 11 0 244 73 96 155 121
50 306 147 190 163 138 252 386 352 277 91 330 255 244 0 171 148 89 123
221 135 318 65 156 309 81 215 181 106 262 159 84 73 171 0 23 82 48
198 158 295 42 133 286 104 238 204 129 239 182 107 96 148 23 0 59 25
139 217 236 101 74 227 163 297 263 188 180 241 166 155 89 82 59 0 34
173 183 270 67 108 261 129 263 229 154 214 207 132 121 123 48 25 34 0
