0 523 226 190 230 438 505 269 289 65 20 414 162 206 108 354 146 308 233
523 0 441 481 548 257 158 496 228 549 504 94 439 422 406 182 386 224 303
226 441 0 183 241 330 400 98 213 227 177 317 118 -8 97 268 71 207 132
190 481 183 0 158 427 468 255 283 217 185 413 42 168 108 300 131 259 210
230 548 241 158 0 455 497 280 295 251 209 436 94 204 117 373 172 313 247
438 257 330 427 455 0 222 417 127 460 403 165 357 344 329 69 279 150 229
505 158 400 468 497 222 0 479 189 508 475 49 423 399 380 144 341 187 273
269 496 98 255 280 417 479 0 271 314 258 398 203 73 180 334 138 286 203
289 228 213 283 295 127 189 271 0 335 270 128 224 194 186 53 135 22 88
65 549 227 217 251 460 508 314 335 0 31 448 165 222 120 376 166 329 256
20 504 177 185 209 403 475 258 270 31 0 422 119 201 91 341 135 286 219
414 94 317 413 436 165 49 398 128 448 422 0 356 330 323 75 281 134 200
162 439 118 42 94 357 423 203 224 165 119 356 0 136 30 269 86 240 148
206 422 -8 168 204 344 399 73 194 222 201 330 136 0 93 276 62 173 138
108 406 97 108 117 329 380 180 186 120 91 323 30 93 0 244 37 186 87
354 182 268 300 373 69 144 334 53 376 341 75 269 276 244 0 209 49 120
146 386 71 131 172 279 341 138 135 166 135 281 86 62 37 209 0 149 80
308 224 207 259 313 150 187 286 22 329 286 134 240 173 186 49 149 0 54
233 303 132 210 247 229 273 203 88 256 219 200 148 138 87 120 80 54 0
