0 132 326 241 290 264 303 115 455 423 368 276 272 208 182 125 20 123 37
132 0 212 123 172 150 189 207 341 309 254 162 158 90 68 7 112 9 95
326 212 0 321 370 226 85 401 237 205 150 58 54 288 144 205 306 203 289
241 123 321 0 115 259 298 316 450 418 363 271 267 33 177 116 221 118 204
290 172 370 115 0 308 347 365 499 467 412 320 316 82 226 165 270 167 253
264 150 226 259 308 0 203 339 355 323 268 176 172 226 82 143 244 141 227
303 189 85 298 347 203 0 378 206 174 119 27 31 265 121 182 283 180 266
115 207 401 316 365 339 378 0 530 498 443 351 347 283 257 200 95 198 112
455 341 237 450 499 355 206 530 0 142 87 179 183 417 273 334 435 332 418
423 309 205 418 467 323 174 498 142 0 55 147 151 385 241 302 403 300 386
368 254 150 363 412 268 119 443 87 55 0 92 96 330 186 247 348 245 331
276 162 58 271 320 176 27 351 179 147 92 0 4 238 94 155 256 153 239
272 158 54 267 316 172 31 347 183 151 96 4 0 234 90 151 252 149 235
208 90 288 33 82 226 265 283 417 385 330 238 234 0 144 83 188 85 171
182 68 144 177 226 82 121 257 273 241 186 94 90 144 0 61 162 59 145
125 7 205 116 165 143 182 200 334 302 247 155 151 83 61 0 105 2 88
20 112 306 221 270 244 283 95 435 403 348 256 252 188 162 105 0 103 17
123 9 203 118 167 141 180 198 332 300 245 153 149 85 59 2 103 0 86
37 95 289 204 253 227 266 112 418 386 331 239 235 171 145 88 17 86 0
