0 270 291 279 325 418 66 480 196 422 414 371 260 286 41 193 134 163 139
270 0 293 281 209 302 254 364 198 306 298 255 262 170 229 77 136 165 141
291 293 0 50 348 441 275 503 161 445 437 394 31 309 250 216 157 128 152
279 281 50 0 336 429 263 491 149 433 425 382 19 297 238 204 145 116 140
325 209 348 336 0 171 309 233 253 175 167 124 317 39 284 132 191 220 196
418 302 441 429 171 0 402 156 346 98 90 47 410 132 377 225 284 313 289
66 254 275 263 309 402 0 464 180 406 398 355 244 270 25 177 118 147 123
480 364 503 491 233 156 464 0 408 74 66 109 472 194 439 287 346 375 351
196 198 161 149 253 346 180 408 0 350 342 299 130 214 155 121 62 33 57
422 306 445 433 175 98 406 74 350 0 8 51 414 136 381 229 288 317 293
414 298 437 425 167 90 398 66 342 8 0 43 406 128 373 221 280 309 285
371 255 394 382 124 47 355 109 299 51 43 0 363 85 330 178 237 266 242
260 262 31 19 317 410 244 472 130 414 406 363 0 278 219 185 126 97 121
286 170 309 297 39 132 270 194 214 136 128 85 278 0 245 93 152 181 157
41 229 250 238 284 377 25 439 155 381 373 330 219 245 0 152 93 122 98
193 77 216 204 132 225 177 287 121 229 221 178 185 93 152 0 59 88 64
134 136 157 145 191 284 118 346 62 288 280 237 126 152 93 59 0 29 5
163 165 128 116 220 313 147 375 33 317 309 266 97 181 122 88 29 0 24
139 141 152 140 196 289 123 351 57 293 285 242 121 157 98 64 5 24 0
