0 262 298 274 325 434 78 483 196 412 417 385 261 293 26 193 149 155 146
262 0 287 267 214 308 250 370 208 304 294 254 275 179 226 73 118 166 148
298 287 0 67 342 463 291 501 158 448 459 392 8 322 256 217 163 119 145
274 267 67 0 322 428 273 501 146 440 433 372 32 288 228 205 132 120 137
325 214 342 322 0 162 317 231 252 190 167 124 330 47 286 131 191 235 201
434 308 463 428 162 0 410 157 354 101 107 67 419 137 377 207 278 310 271
78 250 291 273 317 410 0 469 164 412 417 363 246 271 26 178 120 154 129
483 370 501 501 231 157 469 0 411 78 69 88 468 203 449 286 343 364 355
196 208 158 146 252 354 164 411 0 357 337 295 136 211 159 125 60 34 73
412 304 448 440 190 101 412 78 357 0 21 46 416 133 381 225 293 328 313
417 294 459 433 167 107 417 69 337 21 0 34 412 148 373 210 269 302 296
385 254 392 372 124 67 363 88 295 46 34 0 381 85 316 194 238 261 248
261 275 8 32 330 419 246 468 136 416 412 381 0 285 211 207 129 94 120
293 179 322 288 47 137 271 203 211 133 148 85 285 0 225 97 171 170 159
26 226 256 228 286 377 26 449 159 381 373 316 211 225 0 145 120 131 111
193 73 217 205 131 207 178 286 125 225 210 194 207 97 145 0 39 79 49
149 118 163 132 191 278 120 343 60 293 269 238 129 171 120 39 0 42 10
155 166 119 120 235 310 154 364 34 328 302 261 94 170 131 79 42 0 45
146 148 145 137 201 271 129 355 73 313 296 248 120 159 111 49 10 45 0
