0 81 184 257 247 303 123 292 113 71 238 73 245 69 204 10 26 157 117
81 0 245 318 308 364 184 353 48 14 299 8 306 12 265 71 87 218 178
184 245 0 127 117 173 255 162 277 235 108 237 115 233 74 174 158 27 67
257 318 127 0 96 70 328 141 350 308 87 310 12 306 53 247 231 100 140
247 308 117 96 0 142 318 63 340 298 9 300 84 296 43 237 221 90 130
303 364 173 70 142 0 374 187 396 354 133 356 58 352 99 293 277 146 186
123 184 255 328 318 374 0 363 216 174 309 176 316 172 275 113 97 228 188
292 353 162 141 63 187 363 0 385 343 54 345 129 341 88 282 266 135 175
113 48 277 350 340 396 216 385 0 46 331 40 338 44 297 103 119 250 210
71 14 235 308 298 354 174 343 46 0 289 6 296 2 255 61 77 208 168
238 299 108 87 9 133 309 54 331 289 0 291 75 287 34 228 212 81 121
73 8 237 310 300 356 176 345 40 6 291 0 298 4 257 63 79 210 170
245 306 115 12 84 58 316 129 338 296 75 298 0 294 41 235 219 88 128
69 12 233 306 296 352 172 341 44 2 287 4 294 0 253 59 75 206 166
204 265 74 53 43 99 275 88 297 255 34 257 41 253 0 194 178 47 87
10 71 174 247 237 293 113 282 103 61 228 63 235 59 194 0 16 147 107
26 87 158 231 221 277 97 266 119 77 212 79 219 75 178 16 0 131 91
157 218 27 100 90 146 228 135 250 208 81 210 88 206 47 147 131 0 40
117 178 67 140 130 186 188 175 210 168 121 170 128 166 87 107 91 40 0
