0 190 471 327 194 451 163 148 474 382 142 381 128 87 178 431 336 246 313
190 0 304 167 196 275 187 148 285 202 146 211 121 108 -7 257 173 81 133
471 304 0 324 494 217 457 429 246 83 441 85 398 379 288 201 154 229 152
327 167 324 0 345 302 330 306 325 230 312 245 263 262 160 276 215 78 177
194 196 494 345 0 469 86 110 496 402 48 394 87 121 185 458 357 259 319
451 275 217 302 469 0 438 424 55 129 418 140 383 349 236 14 86 216 133
163 187 457 330 86 438 0 96 459 372 27 374 53 82 167 424 331 213 300
148 148 429 306 110 424 96 0 440 354 62 363 36 45 150 396 324 195 281
474 285 246 325 496 55 459 440 0 166 447 151 416 375 286 42 139 227 156
382 202 83 230 402 129 372 354 166 0 338 -19 310 296 200 118 26 148 84
142 146 441 312 48 418 27 62 447 338 0 336 44 76 161 380 312 203 277
381 211 85 245 394 140 374 363 151 -19 336 0 326 307 209 118 22 150 64
128 121 398 263 87 383 53 36 416 310 44 326 0 21 112 360 290 184 242
87 108 379 262 121 349 82 45 375 296 76 307 21 0 96 331 260 171 239
178 -7 288 160 185 236 167 150 286 200 161 209 112 96 0 241 158 50 124
431 257 201 276 458 14 424 396 42 118 380 118 360 331 241 0 90 187 114
336 173 154 215 357 86 331 324 139 26 312 22 290 260 158 90 0 102 31
246 81 229 78 259 216 213 195 227 148 203 150 184 171 50 187 102 0 63
313 133 152 177 319 133 300 281 156 84 277 64 242 239 124 114 31 63 0
