0 429 316 326 548 94 371 545 254 200 26 483 378 311 327 287 193 191 110
429 0 184 207 217 482 145 204 322 248 419 124 52 178 109 160 254 242 325
316 184 0 33 297 352 104 307 216 133 297 228 119 15 80 26 122 115 199
326 207 33 0 293 341 114 304 208 131 306 236 148 21 110 39 133 134 206
548 217 297 293 0 573 267 148 438 375 508 59 138 287 224 286 360 364 428
94 482 352 341 573 0 390 582 296 250 67 504 414 340 352 312 236 217 160
371 145 104 114 267 390 0 229 264 166 346 177 94 127 36 63 176 187 250
545 204 307 304 148 582 229 0 448 360 513 69 164 268 208 268 351 352 437
254 322 216 208 438 296 264 448 0 91 265 372 282 191 209 157 84 75 168
200 248 133 131 375 250 166 360 91 0 168 281 198 127 143 99 16 4 84
26 419 297 306 508 67 346 513 265 168 0 449 370 284 288 253 192 192 88
483 124 228 236 59 504 177 69 372 281 449 0 96 211 137 203 296 275 372
378 52 119 148 138 414 94 164 282 198 370 96 0 127 55 118 211 191 271
311 178 15 21 287 340 127 268 191 127 284 211 127 0 62 24 105 113 204
327 109 80 110 224 352 36 208 209 143 288 137 55 62 0 47 128 134 206
287 160 26 39 286 312 63 268 157 99 253 203 118 24 47 0 93 98 173
193 254 122 133 360 236 176 351 84 16 192 296 211 105 128 93 0 -13 102
191 242 115 134 364 217 187 352 75 4 192 275 191 113 134 98 -13 0 94
110 325 199 206 428 160 250 437 168 84 88 372 271 204 206 173 102 94 0
