0 286 454 495 416 477 297 509 128 361 207 93 407 347 441 152 360 283 219
286 0 436 477 398 459 169 491 228 343 79 193 389 329 423 134 342 265 201
454 436 0 135 176 365 447 397 396 249 357 361 47 107 329 302 248 171 235
495 477 135 0 217 406 488 438 437 290 398 402 88 148 370 343 289 212 276
416 398 176 217 0 327 409 359 358 211 319 323 129 69 291 264 210 133 197
477 459 365 406 327 0 470 104 419 118 380 384 318 258 36 325 117 194 258
297 169 447 488 409 470 0 502 239 354 90 204 400 340 434 145 353 276 212
509 491 397 438 359 104 502 0 451 150 412 416 350 290 68 357 149 226 290
128 228 396 437 358 419 239 451 0 303 149 35 349 289 383 94 302 225 161
361 343 249 290 211 118 354 150 303 0 264 268 202 142 82 209 1 78 142
207 79 357 398 319 380 90 412 149 264 0 114 310 250 344 55 263 186 122
93 193 361 402 323 384 204 416 35 268 114 0 314 254 348 59 267 190 126
407 389 47 88 129 318 400 350 349 202 310 314 0 60 282 255 201 124 188
347 329 107 148 69 258 340 290 289 142 250 254 60 0 222 195 141 64 128
441 423 329 370 291 36 434 68 383 82 344 348 282 222 0 289 81 158 222
152 134 302 343 264 325 145 357 94 209 55 59 255 195 289 0 208 131 67
360 342 248 289 210 117 353 149 302 1 263 267 201 141 81 208 0 77 141
283 265 171 212 133 194 276 226 225 78 186 190 124 64 158 131 77 0 64
219 201 235 276 197 258 212 290 161 142 122 126 188 128 222 67 141 64 0
