0 218 229 152 153 262 384 274 207 255 357 250 230 121 70 121 75 77 144
218 0 381 289 368 435 416 218 37 410 404 3 378 292 154 49 300 299 163
229 381 0 319 174 281 309 422 366 179 293 318 151 -44 134 295 96 108 222
152 289 319 0 131 268 382 259 310 263 255 249 255 160 161 222 119 114 195
153 368 174 131 0 262 363 319 443 240 191 307 210 68 132 142 135 31 251
262 435 281 268 262 0 37 397 547 229 75 487 95 198 280 338 163 228 317
384 416 309 382 363 37 0 409 504 263 -5 413 110 243 270 392 291 283 393
274 218 422 259 319 397 409 0 267 401 419 104 218 233 182 99 171 164 130
207 37 366 310 443 547 504 267 0 517 438 19 377 227 303 130 239 241 94
255 410 179 263 240 229 263 401 517 0 62 373 56 89 112 362 231 227 304
357 404 293 255 191 75 -5 419 438 62 0 401 31 138 160 223 237 181 309
250 3 318 249 307 487 413 104 19 373 401 0 269 230 261 147 127 234 111
230 378 151 255 210 95 110 218 377 56 31 269 0 48 221 316 102 112 130
121 292 -44 160 68 198 243 233 227 89 138 230 48 0 26 199 113 42 146
70 154 134 161 132 280 270 182 303 112 160 261 221 26 0 209 -1 28 119
121 49 295 222 142 338 392 99 130 362 223 147 316 199 209 0 266 71 80
75 300 96 119 135 163 291 171 239 231 237 127 102 113 -1 266 0 9 114
77 299 108 114 31 228 283 164 241 227 181 234 112 42 28 71 9 0 97
144 163 222 195 251 317 393 130 94 304 309 111 130 146 119 80 114 97 0
