0 190 351 452 191 390 410 257 217 271 302 366 196 -13 366 146 256 247 243
190 0 192 261 343 123 237 398 116 218 90 16 230 334 185 158 171 9 96
351 192 0 106 333 253 64 423 211 386 217 88 328 325 -36 239 31 161 212
452 261 106 0 409 243 128 412 174 313 244 118 299 365 187 179 38 105 231
191 343 333 409 0 355 351 321 253 269 267 314 213 61 288 2 281 120 179
390 123 253 243 355 0 318 357 147 360 140 126 321 258 210 230 114 176 279
410 237 64 128 351 318 0 410 278 356 203 169 320 355 176 275 109 218 163
257 398 423 412 321 357 410 0 263 158 275 354 62 265 356 166 322 283 156
217 116 211 174 253 147 278 263 0 290 91 79 180 215 249 114 76 108 86
271 218 386 313 269 360 356 158 290 0 281 195 -14 193 349 66 299 217 164
302 90 217 244 267 140 203 275 91 281 0 19 265 228 178 112 83 1 1
366 16 88 118 314 126 169 354 79 195 19 0 124 209 205 141 226 16 1
196 230 328 299 213 321 320 62 180 -14 265 124 0 169 303 -38 258 202 37
-13 334 325 365 61 258 355 265 215 193 228 209 169 0 284 18 236 312 184
366 185 -36 187 288 210 176 356 249 349 178 205 303 284 0 174 20 61 201
146 158 239 179 2 230 275 166 114 66 112 141 -38 18 174 0 204 81 86
256 171 31 38 281 114 109 322 76 299 83 226 258 236 20 204 0 74 95
247 9 161 105 120 176 218 283 108 217 1 16 202 312 61 81 74 0 43
243 96 212 231 179 279 163 156 86 164 1 1 37 184 201 86 95 43 0
