0 223 187 239 379 371 248 358 183 263 180 175 85 141 294 245 192 224 285
223 0 60 292 320 312 189 299 236 204 233 48 138 82 235 186 133 165 226
187 60 0 256 284 276 153 263 200 168 197 12 102 46 199 150 97 129 190
239 292 256 0 448 440 317 427 62 332 59 244 154 210 363 314 261 293 354
379 320 284 448 0 302 243 289 392 258 389 272 294 238 225 240 187 155 94
371 312 276 440 302 0 235 141 384 250 381 264 286 230 77 232 179 147 208
248 189 153 317 243 235 0 222 261 21 258 141 163 107 158 3 56 88 149
358 299 263 427 289 141 222 0 371 237 368 251 273 217 64 219 166 134 195
183 236 200 62 392 384 261 371 0 276 3 188 98 154 307 258 205 237 298
263 204 168 332 258 250 21 237 276 0 273 156 178 122 173 18 71 103 164
180 233 197 59 389 381 258 368 3 273 0 185 95 151 304 255 202 234 295
175 48 12 244 272 264 141 251 188 156 185 0 90 34 187 138 85 117 178
85 138 102 154 294 286 163 273 98 178 95 90 0 56 209 160 107 139 200
141 82 46 210 238 230 107 217 154 122 151 34 56 0 153 104 51 83 144
294 235 199 363 225 77 158 64 307 173 304 187 209 153 0 155 102 70 131
245 186 150 314 240 232 3 219 258 18 255 138 160 104 155 0 53 85 146
192 133 97 261 187 179 56 166 205 71 202 85 107 51 102 53 0 32 93
224 165 129 293 155 147 88 134 237 103 234 117 139 83 70 85 32 0 61
285 226 190 354 94 208 149 195 298 164 295 178 200 144 131 146 93 61 0
