0 305 192 250 274 108 367 309 261 359 240 271 282 97 257 208 156 13 86
305 0 471 243 163 387 158 100 254 122 233 34 73 376 48 97 149 292 219
192 471 0 416 440 106 533 475 427 525 406 437 448 95 423 374 322 179 252
250 243 416 0 212 332 305 247 31 297 10 209 220 321 195 146 94 237 164
274 163 440 212 0 356 225 167 223 217 202 129 140 345 115 66 118 261 188
108 387 106 332 356 0 449 391 343 441 322 353 364 11 339 290 238 95 168
367 158 533 305 225 449 0 112 316 212 295 124 85 438 110 159 211 354 281
309 100 475 247 167 391 112 0 258 154 237 66 27 380 52 101 153 296 223
261 254 427 31 223 343 316 258 0 308 21 220 231 332 206 157 105 248 175
359 122 525 297 217 441 212 154 308 0 287 88 127 430 102 151 203 346 273
240 233 406 10 202 322 295 237 21 287 0 199 210 311 185 136 84 227 154
271 34 437 209 129 353 124 66 220 88 199 0 39 342 14 63 115 258 185
282 73 448 220 140 364 85 27 231 127 210 39 0 353 25 74 126 269 196
97 376 95 321 345 11 438 380 332 430 311 342 353 0 328 279 227 84 157
257 48 423 195 115 339 110 52 206 102 185 14 25 328 0 49 101 244 171
208 97 374 146 66 290 159 101 157 151 136 63 74 279 49 0 52 195 122
156 149 322 94 118 238 211 153 105 203 84 115 126 227 101 52 0 143 70
13 292 179 237 261 95 354 296 248 346 227 258 269 84 244 195 143 0 73
86 219 252 164 188 168 281 223 175 273 154 185 196 157 171 122 70 73 0
