0 189 244 161 268 125 265 288 218 227 228 178 151 169 141 91 89 37 90
189 0 359 276 383 240 380 403 333 342 343 293 266 284 256 206 204 152 99
244 359 0 103 230 191 331 354 284 189 294 140 93 235 103 157 155 207 260
161 276 103 0 147 108 248 271 201 106 211 57 10 152 20 74 72 124 177
268 383 230 147 0 215 355 378 308 139 318 90 137 259 127 181 179 231 284
125 240 191 108 215 0 208 231 161 174 171 125 98 112 88 34 36 88 141
265 380 331 248 355 208 0 97 145 314 37 265 238 96 228 174 176 228 281
288 403 354 271 378 231 97 0 168 337 60 288 261 119 251 197 199 251 304
218 333 284 201 308 161 145 168 0 267 108 218 191 49 181 127 129 181 234
227 342 189 106 139 174 314 337 267 0 277 49 96 218 86 140 138 190 243
228 343 294 211 318 171 37 60 108 277 0 228 201 59 191 137 139 191 244
178 293 140 57 90 125 265 288 218 49 228 0 47 169 37 91 89 141 194
151 266 93 10 137 98 238 261 191 96 201 47 0 142 10 64 62 114 167
169 284 235 152 259 112 96 119 49 218 59 169 142 0 132 78 80 132 185
141 256 103 20 127 88 228 251 181 86 191 37 10 132 0 54 52 104 157
91 206 157 74 181 34 174 197 127 140 137 91 64 78 54 0 2 54 107
89 204 155 72 179 36 176 199 129 138 139 89 62 80 52 2 0 52 105
37 152 207 124 231 88 228 251 181 190 191 141 114 132 104 54 52 0 53
90 99 260 177 284 141 281 304 234 243 244 194 167 185 157 107 105 53 0
