0 357 473 412 269 399 394 463 232 99 415 66 364 325 276 235 182 130 214
357 0 278 217 366 496 491 268 225 324 220 291 169 422 81 332 175 227 311
473 278 0 157 482 612 607 106 341 440 58 407 109 538 197 448 291 343 427
412 217 157 0 421 551 546 147 280 379 99 346 48 477 136 387 230 282 366
269 366 482 421 0 198 193 472 241 236 424 203 373 124 285 34 191 139 55
399 496 612 551 198 0 143 602 371 366 554 333 503 74 415 164 321 269 185
394 491 607 546 193 143 0 597 366 361 549 328 498 69 410 159 316 264 180
463 268 106 147 472 602 597 0 331 430 48 397 99 528 187 438 281 333 417
232 225 341 280 241 371 366 331 0 199 283 166 232 297 144 207 50 102 186
99 324 440 379 236 366 361 430 199 0 382 33 331 292 243 202 149 97 181
415 220 58 99 424 554 549 48 283 382 0 349 51 480 139 390 233 285 369
66 291 407 346 203 333 328 397 166 33 349 0 298 259 210 169 116 64 148
364 169 109 48 373 503 498 99 232 331 51 298 0 429 88 339 182 234 318
325 422 538 477 124 74 69 528 297 292 480 259 429 0 341 90 247 195 111
276 81 197 136 285 415 410 187 144 243 139 210 88 341 0 251 94 146 230
235 332 448 387 34 164 159 438 207 202 390 169 339 90 251 0 157 105 21
182 175 291 230 191 321 316 281 50 149 233 116 182 247 94 157 0 52 136
130 227 343 282 139 269 264 333 102 97 285 64 234 195 146 105 52 0 84
214 311 427 366 55 185 180 417 186 181 369 148 318 111 230 21 136 84 0
