0 234 194 431 316 467 359 278 477 169 409 247 346 74 286 136 213 78 177
234 0 156 509 394 545 437 356 555 255 487 325 424 160 364 98 291 156 255
194 156 0 469 354 505 397 316 515 215 447 285 384 120 324 58 251 116 215
431 509 469 0 321 206 218 283 216 452 148 252 85 357 145 411 218 353 254
316 394 354 321 0 357 249 100 367 337 299 69 236 242 176 296 103 238 139
467 545 505 206 357 0 254 319 126 488 58 288 121 393 181 447 254 389 290
359 437 397 218 249 254 0 211 264 380 196 180 133 285 73 339 146 281 182
278 356 316 283 100 319 211 0 329 299 261 31 198 204 138 258 65 200 101
477 555 515 216 367 126 264 329 0 498 68 298 131 403 191 457 264 399 300
169 255 215 452 337 488 380 299 498 0 430 268 367 95 307 157 234 99 198
409 487 447 148 299 58 196 261 68 430 0 230 63 335 123 389 196 331 232
247 325 285 252 69 288 180 31 298 268 230 0 167 173 107 227 34 169 70
346 424 384 85 236 121 133 198 131 367 63 167 0 272 60 326 133 268 169
74 160 120 357 242 393 285 204 403 95 335 173 272 0 212 62 139 4 103
286 364 324 145 176 181 73 138 191 307 123 107 60 212 0 266 73 208 109
136 98 58 411 296 447 339 258 457 157 389 227 326 62 266 0 193 58 157
213 291 251 218 103 254 146 65 264 234 196 34 133 139 73 193 0 135 36
78 156 116 353 238 389 281 200 399 99 331 169 268 4 208 58 135 0 99
177 255 215 254 139 290 182 101 300 198 232 70 169 103 109 157 36 99 0
