0 220 253 425 401 271 288 429 128 229 194 54 215 168 378 73 323 130 225
220 0 43 385 361 345 362 389 240 303 268 166 5 242 338 147 283 90 185
253 43 0 418 394 378 395 422 273 336 301 199 38 275 371 180 316 123 218
425 385 418 0 180 550 567 98 445 508 473 371 380 447 47 352 102 295 200
401 361 394 180 0 526 543 184 421 484 449 347 356 423 133 328 78 271 176
271 345 378 550 526 0 171 554 291 164 77 217 340 103 503 198 448 255 350
288 362 395 567 543 171 0 571 308 181 94 234 357 120 520 215 465 272 367
429 389 422 98 184 554 571 0 449 512 477 375 384 451 51 356 106 299 204
128 240 273 445 421 291 308 449 0 249 214 74 235 188 398 93 343 150 245
229 303 336 508 484 164 181 512 249 0 87 175 298 61 461 156 406 213 308
194 268 301 473 449 77 94 477 214 87 0 140 263 26 426 121 371 178 273
54 166 199 371 347 217 234 375 74 175 140 0 161 114 324 19 269 76 171
215 5 38 380 356 340 357 384 235 298 263 161 0 237 333 142 278 85 180
168 242 275 447 423 103 120 451 188 61 26 114 237 0 400 95 345 152 247
378 338 371 47 133 503 520 51 398 461 426 324 333 400 0 305 55 248 153
73 147 180 352 328 198 215 356 93 156 121 19 142 95 305 0 250 57 152
323 283 316 102 78 448 465 106 343 406 371 269 278 345 55 250 0 193 98
130 90 123 295 271 255 272 299 150 213 178 76 85 152 248 57 193 0 95
225 185 218 200 176 350 367 204 245 308 273 171 180 247 153 152 98 95 0
