0 217 384 396 271 448 226 279 482 114 58 206 416 115 253 326 214 308 287
217 0 371 383 258 435 31 266 469 215 159 11 403 102 240 313 201 295 274
384 371 0 164 227 180 380 235 214 382 326 360 148 269 209 58 170 76 97
396 383 164 0 239 228 392 247 262 394 338 372 196 281 221 106 182 88 109
271 258 227 239 0 291 267 44 325 269 213 247 259 156 18 169 57 151 130
448 435 180 228 291 0 444 299 98 446 390 424 32 333 273 122 234 140 161
226 31 380 392 267 444 0 275 478 224 168 20 412 111 249 322 210 304 283
279 266 235 247 44 299 275 0 333 277 221 255 267 164 26 177 65 159 138
482 469 214 262 325 98 478 333 0 480 424 458 66 367 307 156 268 174 195
114 215 382 394 269 446 224 277 480 0 56 204 414 113 251 324 212 306 285
58 159 326 338 213 390 168 221 424 56 0 148 358 57 195 268 156 250 229
206 11 360 372 247 424 20 255 458 204 148 0 392 91 229 302 190 284 263
416 403 148 196 259 32 412 267 66 414 358 392 0 301 241 90 202 108 129
115 102 269 281 156 333 111 164 367 113 57 91 301 0 138 211 99 193 172
253 240 209 221 18 273 249 26 307 251 195 229 241 138 0 151 39 133 112
326 313 58 106 169 122 322 177 156 324 268 302 90 211 151 0 112 18 39
214 201 170 182 57 234 210 65 268 212 156 190 202 99 39 112 0 94 73
308 295 76 88 151 140 304 159 174 306 250 284 108 193 133 18 94 0 21
287 274 97 109 130 161 283 138 195 285 229 263 129 172 112 39 73 21 0
