0 342 445 308 196 440 275 49 352 303 150 166 409 88 85 264 -60 179 209
342 0 499 456 226 414 95 278 481 360 211 38 396 134 263 346 143 194 194
445 499 0 235 456 180 460 424 80 602 406 467 104 324 481 81 368 187 267
308 456 235 0 472 253 413 381 161 513 349 343 227 277 320 88 202 106 102
196 226 456 472 0 498 228 346 455 45 52 176 480 56 298 409 142 354 278
440 414 180 253 498 0 605 391 66 557 541 548 63 448 425 136 318 124 215
275 95 460 413 228 605 0 299 436 314 207 87 392 129 293 461 210 243 327
49 278 424 381 346 391 299 0 427 315 231 324 347 172 41 333 159 275 192
352 481 80 161 455 66 436 427 0 545 301 337 -33 413 379 -78 305 95 257
303 360 602 513 45 557 314 315 545 0 176 296 423 174 249 502 289 395 274
150 211 406 349 52 541 207 231 301 176 0 211 396 113 248 518 128 299 164
166 38 467 343 176 548 87 324 337 296 211 0 503 78 174 402 258 298 224
409 396 104 227 480 63 392 347 -33 423 396 503 0 295 278 46 294 73 122
88 134 324 277 56 448 129 172 413 174 113 78 295 0 172 396 23 286 265
85 263 481 320 298 425 293 41 379 249 248 174 278 172 0 286 66 235 150
264 346 81 88 409 136 461 333 -78 502 518 402 46 396 286 0 223 16 174
-60 143 368 202 142 318 210 159 305 289 128 258 294 23 66 223 0 147 61
179 194 187 106 354 124 243 275 95 395 299 298 73 286 235 16 147 0 113
209 194 267 102 278 215 327 192 257 274 164 224 122 265 150 174 61 113 0
