0 244 338 419 299 292 315 219 223 216 285 227 314 219 260 180 242 -13 110
244 0 405 477 393 370 419 152 275 302 320 133 299 215 258 119 282 84 125
338 405 0 432 268 149 342 448 272 441 120 328 368 194 196 286 87 194 153
419 477 432 0 334 353 166 594 318 497 306 494 81 248 119 473 232 390 254
299 393 268 334 0 235 185 421 168 564 221 362 231 161 -38 296 114 306 303
292 370 149 353 235 0 280 312 31 374 37 341 236 77 151 319 155 179 167
315 419 342 166 185 280 0 441 240 505 293 420 76 120 148 351 247 215 318
219 152 448 594 421 312 441 0 436 207 461 104 416 337 425 151 257 152 191
223 275 272 318 168 31 240 436 0 316 58 341 65 23 54 189 74 95 87
216 302 441 497 564 374 505 207 316 0 334 124 442 293 433 119 319 184 218
285 320 120 306 221 37 293 461 58 334 0 264 263 172 126 276 138 273 95
227 133 328 494 362 341 420 104 341 124 264 0 383 297 217 -15 186 128 101
314 299 368 81 231 236 76 416 65 442 263 383 0 97 124 336 203 149 156
219 215 194 248 161 77 120 337 23 293 172 297 97 0 94 138 22 58 37
260 258 196 119 -38 151 148 425 54 433 126 217 124 94 0 233 37 239 51
180 119 286 473 296 319 351 151 189 119 276 -15 336 138 233 0 123 83 72
242 282 87 232 114 155 247 257 74 319 138 186 203 22 37 123 0 8 74
-13 84 194 390 306 179 215 152 95 184 273 128 149 58 239 83 8 0 47
110 125 153 254 303 167 318 191 87 218 95 101 156 37 51 72 74 47 0
