0 396 335 251 406 313 320 235 126 85 273 316 300 35 215 181 80 122 192
396 0 131 403 170 347 354 201 452 321 307 80 96 361 181 215 316 274 344
335 131 0 342 141 286 293 140 391 260 246 51 35 300 120 154 255 213 283
251 403 342 0 413 320 327 242 307 176 280 323 307 216 222 188 171 129 59
406 170 141 413 0 357 364 211 462 331 317 90 106 371 191 225 326 284 354
313 347 286 320 357 0 87 186 369 238 40 267 251 278 166 132 233 191 261
320 354 293 327 364 87 0 193 376 245 47 274 258 285 173 139 240 198 268
235 201 140 242 211 186 193 0 291 160 146 121 105 200 20 54 155 113 183
126 452 391 307 462 369 376 291 0 141 329 372 356 91 271 237 136 178 248
85 321 260 176 331 238 245 160 141 0 198 241 225 50 140 106 5 47 117
273 307 246 280 317 40 47 146 329 198 0 227 211 238 126 92 193 151 221
316 80 51 323 90 267 274 121 372 241 227 0 16 281 101 135 236 194 264
300 96 35 307 106 251 258 105 356 225 211 16 0 265 85 119 220 178 248
35 361 300 216 371 278 285 200 91 50 238 281 265 0 180 146 45 87 157
215 181 120 222 191 166 173 20 271 140 126 101 85 180 0 34 135 93 163
181 215 154 188 225 132 139 54 237 106 92 135 119 146 34 0 101 59 129
80 316 255 171 326 233 240 155 136 5 193 236 220 45 135 101 0 42 112
122 274 213 129 284 191 198 113 178 47 151 194 178 87 93 59 42 0 70
192 344 283 59 354 261 268 183 248 117 221 264 248 157 163 129 112 70 0
