0 279 86 207 207 298 205 269 358 275 76 180 202 273 258 226 97 173 220
279 0 213 292 292 231 138 96 121 38 203 265 135 36 21 53 182 106 59
86 213 0 141 141 232 139 203 292 209 10 114 136 207 192 160 31 107 154
207 292 141 0 54 311 218 282 371 288 131 27 215 286 271 239 110 186 233
207 292 141 54 0 311 218 282 371 288 131 27 215 286 271 239 110 186 233
298 231 232 311 311 0 99 221 310 227 222 284 96 225 210 178 201 125 172
205 138 139 218 218 99 0 128 217 134 129 191 3 132 117 85 108 32 79
269 96 203 282 282 221 128 0 175 92 193 255 125 90 75 43 172 96 49
358 121 292 371 371 310 217 175 0 87 282 344 214 85 100 132 261 185 138
275 38 209 288 288 227 134 92 87 0 199 261 131 2 17 49 178 102 55
76 203 10 131 131 222 129 193 282 199 0 104 126 197 182 150 21 97 144
180 265 114 27 27 284 191 255 344 261 104 0 188 259 244 212 83 159 206
202 135 136 215 215 96 3 125 214 131 126 188 0 129 114 82 105 29 76
273 36 207 286 286 225 132 90 85 2 197 259 129 0 15 47 176 100 53
258 21 192 271 271 210 117 75 100 17 182 244 114 15 0 32 161 85 38
226 53 160 239 239 178 85 43 132 49 150 212 82 47 32 0 129 53 6
97 182 31 110 110 201 108 172 261 178 21 83 105 176 161 129 0 76 123
173 106 107 186 186 125 32 96 185 102 97 159 29 100 85 53 76 0 47
220 59 154 233 233 172 79 49 138 55 144 206 76 53 38 6 123 47 0
