0 301 158 251 302 269 291 245 89 343 291 120 69 211 236 189 102 154 225
301 0 294 399 258 289 172 434 294 296 222 238 234 143 218 40 220 213 221
158 294 0 188 327 433 340 8 128 459 412 4 203 263 332 332 139 83 200
251 399 188 0 289 415 254 290 229 439 335 295 165 349 205 203 130 234 -10
302 258 327 289 0 212 214 444 357 128 33 387 252 81 53 111 308 285 362
269 289 433 415 212 0 160 526 350 83 4 494 317 141 139 174 326 234 369
291 172 340 254 214 160 0 367 333 140 100 311 232 -18 4 171 165 138 312
245 434 8 290 444 526 367 0 151 541 442 138 135 474 406 242 182 176 228
89 294 128 229 357 350 333 151 0 409 265 161 26 330 298 89 53 155 137
343 296 459 439 128 83 140 541 409 0 72 382 356 23 141 232 378 279 272
291 222 412 335 33 4 100 442 265 72 0 344 288 20 141 143 388 341 340
120 238 4 295 387 494 311 138 161 382 344 0 140 296 256 106 96 179 282
69 234 203 165 252 317 232 135 26 356 288 140 0 207 200 168 29 68 163
211 143 263 349 81 141 -18 474 330 23 20 296 207 0 -44 21 177 175 239
236 218 332 205 53 139 4 406 298 141 141 256 200 -44 0 154 130 158 305
189 40 332 203 111 174 171 242 89 232 143 106 168 21 154 0 155 85 184
102 220 139 130 308 326 165 182 53 378 388 96 29 177 130 155 0 13 192
154 213 83 234 285 234 138 176 155 279 341 179 68 175 158 85 13 0 46
225 221 200 -10 362 369 312 228 137 272 340 282 163 239 305 184 192 46 0
