0 61 177 140 66 196 229 259 276 70 189 60 155 21 166 139 69 48 51
61 0 196 159 85 215 248 278 295 11 208 1 174 40 185 158 88 67 70
177 196 0 179 147 63 128 158 175 205 88 195 22 156 65 38 108 129 132
140 159 179 0 110 198 231 261 278 168 191 158 157 119 168 141 71 92 95
66 85 147 110 0 166 199 229 246 94 159 84 125 45 136 109 39 18 15
196 215 63 198 166 0 147 177 194 224 107 214 41 175 84 57 127 148 151
229 248 128 231 199 147 0 156 173 257 86 247 106 208 63 90 160 181 184
259 278 158 261 229 177 156 0 157 287 70 277 136 238 93 120 190 211 214
276 295 175 278 246 194 173 157 0 304 87 294 153 255 110 137 207 228 231
70 11 205 168 94 224 257 287 304 0 217 10 183 49 194 167 97 76 79
189 208 88 191 159 107 86 70 87 217 0 207 66 168 23 50 120 141 144
60 1 195 158 84 214 247 277 294 10 207 0 173 39 184 157 87 66 69
155 174 22 157 125 41 106 136 153 183 66 173 0 134 43 16 86 107 110
21 40 156 119 45 175 208 238 255 49 168 39 134 0 145 118 48 27 30
166 185 65 168 136 84 63 93 110 194 23 184 43 145 0 27 97 118 121
139 158 38 141 109 57 90 120 137 167 50 157 16 118 27 0 70 91 94
69 88 108 71 39 127 160 190 207 97 120 87 86 48 97 70 0 21 24
48 67 129 92 18 148 181 211 228 76 141 66 107 27 118 91 21 0 3
51 70 132 95 15 151 184 214 231 79 144 69 110 30 121 94 24 3 0
