0 196 272 179 273 158 248 181 166 160 182 95 165 204 138 126 83 28 30
196 0 299 286 377 146 422 377 263 417 409 312 243 266 241 210 194 134 112
272 299 0 93 142 157 272 297 286 182 301 147 92 178 133 197 216 166 242
179 286 93 0 154 29 254 270 221 9 202 117 124 101 33 70 -13 83 135
273 377 142 154 0 260 411 328 339 150 264 98 145 302 179 173 120 278 270
158 146 157 29 260 0 180 155 210 247 146 194 114 102 105 105 2 142 250
248 422 272 254 411 180 0 170 70 277 42 204 238 88 135 179 198 232 232
181 377 297 270 328 155 170 0 148 325 86 365 256 130 283 253 163 325 321
166 263 286 221 339 210 70 148 0 314 0 296 188 -43 315 176 138 142 288
160 417 182 9 150 247 277 325 314 0 366 59 120 248 213 102 112 198 271
182 409 301 202 264 146 42 86 0 366 0 222 119 55 280 168 109 206 147
95 312 147 117 98 194 204 365 296 59 222 0 49 206 53 103 139 190 215
165 243 92 124 145 114 238 256 188 120 119 49 0 273 -22 103 106 181 285
204 266 178 101 302 102 88 130 -43 248 55 206 273 0 29 56 -11 212 258
138 241 133 33 179 105 135 283 315 213 280 53 -22 29 0 -22 73 21 108
126 210 197 70 173 105 179 253 176 102 168 103 103 56 -22 0 -71 43 139
83 194 216 -13 120 2 198 163 138 112 109 139 106 -11 73 -71 0 21 108
28 134 166 83 278 142 232 325 142 198 206 190 181 212 21 43 21 0 -22
30 112 242 135 270 250 232 321 288 271 147 215 285 258 108 139 108 -22 0
