0 360 358 331 331 446 348 107 464 337 253 270 435 222 85 350 169 312 238
360 0 380 353 247 468 168 297 486 253 169 90 457 138 275 372 191 334 260
358 380 0 65 351 104 368 295 122 357 273 290 93 242 273 8 189 46 120
331 353 65 0 324 153 341 268 171 330 246 263 142 215 246 57 162 19 93
331 247 351 324 0 439 235 268 457 162 78 157 428 109 246 343 162 305 231
446 468 104 153 439 0 456 383 40 445 361 378 11 330 361 96 277 134 208
348 168 368 341 235 456 0 285 474 241 157 78 445 126 263 360 179 322 248
107 297 295 268 268 383 285 0 401 274 190 207 372 159 22 287 106 249 175
464 486 122 171 457 40 474 401 0 463 379 396 29 348 379 114 295 152 226
337 253 357 330 162 445 241 274 463 0 84 163 434 115 252 349 168 311 237
253 169 273 246 78 361 157 190 379 84 0 79 350 31 168 265 84 227 153
270 90 290 263 157 378 78 207 396 163 79 0 367 48 185 282 101 244 170
435 457 93 142 428 11 445 372 29 434 350 367 0 319 350 85 266 123 197
222 138 242 215 109 330 126 159 348 115 31 48 319 0 137 234 53 196 122
85 275 273 246 246 361 263 22 379 252 168 185 350 137 0 265 84 227 153
350 372 8 57 343 96 360 287 114 349 265 282 85 234 265 0 181 38 112
169 191 189 162 162 277 179 106 295 168 84 101 266 53 84 181 0 143 69
312 334 46 19 305 134 322 249 152 311 227 244 123 196 227 38 143 0 74
238 260 120 93 231 208 248 175 226 237 153 170 197 122 153 112 69 74 0
