0 436 64 361 358 405 345 210 494 599 389 448 300 274 351 -34 120 -33 106
436 0 430 524 416 207 168 445 224 161 47 41 56 149 246 420 307 366 314
64 430 0 319 345 512 263 197 444 484 373 430 369 255 395 53 141 49 165
361 524 319 0 160 389 286 403 489 485 440 477 294 220 82 332 74 306 234
358 416 345 160 0 398 293 373 488 509 390 299 334 319 4 412 191 243 144
405 207 512 389 398 0 177 479 147 335 48 179 71 122 275 390 243 316 270
345 168 263 286 293 177 0 313 191 266 149 177 97 60 218 206 39 171 131
210 445 197 403 373 479 313 0 519 452 351 441 429 289 332 257 288 54 96
494 224 444 489 488 147 191 519 0 295 87 250 136 223 331 460 264 379 363
599 161 484 485 509 335 266 452 295 0 148 88 168 218 470 459 346 507 376
389 47 373 440 390 48 149 351 87 148 0 150 93 64 314 338 138 289 255
448 41 430 477 299 179 177 441 250 88 150 0 126 189 245 305 203 348 348
300 56 369 294 334 71 97 429 136 168 93 126 0 59 197 348 186 184 194
274 149 255 220 319 122 60 289 223 218 64 189 59 0 222 220 74 85 125
351 246 395 82 4 275 218 332 331 470 314 245 197 222 0 198 79 228 124
-34 420 53 332 412 390 206 257 460 459 338 305 348 220 198 0 129 162 179
120 307 141 74 191 243 39 288 264 346 138 203 186 74 79 129 0 77 82
-33 366 49 306 243 316 171 54 379 507 289 348 184 85 228 162 77 0 133
106 314 165 234 144 270 131 96 363 376 255 348 194 125 124 179 82 133 0
