0 173 316 302 354 303 320 413 399 308 336 230 264 268 194 214 138 84 140
173 0 321 307 359 308 325 418 404 313 341 235 269 273 199 219 143 89 33
316 321 0 230 394 343 248 453 439 164 376 86 192 308 122 254 178 232 288
302 307 230 0 380 329 94 439 425 222 362 144 38 294 108 240 164 218 274
354 359 394 380 0 229 398 231 217 386 154 308 342 86 272 140 216 270 326
303 308 343 329 229 0 347 288 274 335 211 257 291 143 221 89 165 219 275
320 325 248 94 398 347 0 457 443 240 380 162 56 312 126 258 182 236 292
413 418 453 439 231 288 457 0 140 445 77 367 401 145 331 199 275 329 385
399 404 439 425 217 274 443 140 0 431 63 353 387 131 317 185 261 315 371
308 313 164 222 386 335 240 445 431 0 368 78 184 300 114 246 170 224 280
336 341 376 362 154 211 380 77 63 368 0 290 324 68 254 122 198 252 308
230 235 86 144 308 257 162 367 353 78 290 0 106 222 36 168 92 146 202
264 269 192 38 342 291 56 401 387 184 324 106 0 256 70 202 126 180 236
268 273 308 294 86 143 312 145 131 300 68 222 256 0 186 54 130 184 240
194 199 122 108 272 221 126 331 317 114 254 36 70 186 0 132 56 110 166
214 219 254 240 140 89 258 199 185 246 122 168 202 54 132 0 76 130 186
138 143 178 164 216 165 182 275 261 170 198 92 126 130 56 76 0 54 110
84 89 232 218 270 219 236 329 315 224 252 146 180 184 110 130 54 0 56
140 33 288 274 326 275 292 385 371 280 308 202 236 240 166 186 110 56 0
