0 196 299 275 422 291 367 424 332 255 344 243 384 261 170 215 173 136 140
196 0 324 311 296 336 268 428 351 293 301 204 184 255 260 146 107 44 42
299 324 0 359 365 337 275 337 500 164 302 12 220 221 148 242 207 155 317
275 311 359 0 461 344 100 448 372 200 397 182 78 292 70 179 163 132 255
422 296 365 461 0 283 372 254 186 432 128 380 302 77 228 38 202 283 361
291 336 337 344 283 0 377 328 272 214 238 304 283 116 221 145 199 259 317
367 268 275 100 372 377 0 435 386 286 390 231 130 297 173 274 243 315 302
424 428 337 448 254 328 435 0 81 402 47 361 385 170 377 278 227 337 290
332 351 500 372 186 272 386 81 0 389 63 399 341 108 265 138 175 518 449
255 293 164 200 432 214 286 402 389 0 441 26 210 340 188 374 69 179 337
344 301 302 397 128 238 390 47 63 441 0 326 317 65 231 208 113 134 285
243 204 12 182 380 304 231 361 399 26 326 0 78 278 -66 194 145 110 227
384 184 220 78 302 283 130 385 341 210 317 78 0 238 46 272 57 139 149
261 255 221 292 77 116 297 170 108 340 65 278 238 0 166 159 173 222 243
170 260 148 70 228 221 173 377 265 188 231 -66 46 166 0 200 -2 71 147
215 146 242 179 38 145 274 278 138 374 208 194 272 159 200 0 39 128 194
173 107 207 163 202 199 243 227 175 69 113 145 57 173 -2 39 0 -32 42
136 44 155 132 283 259 315 337 518 179 134 110 139 222 71 128 -32 0 -32
140 42 317 255 361 317 302 290 449 337 285 227 149 243 147 194 42 -32 0
