0 77 299 182 297 352 339 467 155 442 414 115 281 86 365 334 303 189 273
77 0 418 197 271 323 481 347 36 484 452 79 269 66 393 253 175 102 272
299 418 0 152 334 134 280 222 452 391 227 452 86 389 160 137 169 351 290
182 197 152 0 285 228 225 279 249 362 143 242 159 155 202 131 93 109 90
297 271 334 285 0 322 419 461 313 433 359 263 300 220 271 265 195 117 16
352 323 134 228 322 0 142 181 395 320 229 356 54 343 209 47 154 268 248
339 481 280 225 419 142 0 192 389 202 156 391 151 387 111 212 272 219 390
467 347 222 279 461 181 192 0 395 266 10 357 197 333 128 66 253 352 333
155 36 452 249 313 395 389 395 0 514 392 107 434 60 422 309 298 43 272
442 484 391 362 433 320 202 266 514 0 89 401 223 345 150 195 320 257 417
414 452 227 143 359 229 156 10 392 89 0 333 75 375 83 123 226 242 386
115 79 452 242 263 356 391 357 107 401 333 0 196 54 225 254 253 117 186
281 269 86 159 300 54 151 197 434 223 75 196 0 287 76 -13 64 230 188
86 66 389 155 220 343 387 333 60 345 375 54 287 0 227 121 14 72 102
365 393 160 202 271 209 111 128 422 150 83 225 76 227 0 38 178 178 246
334 253 137 131 265 47 212 66 309 195 123 254 -13 121 38 0 108 147 101
303 175 169 93 195 154 272 253 298 320 226 253 64 14 178 108 0 110 103
189 102 351 109 117 268 219 352 43 257 242 117 230 72 178 147 110 0 93
273 272 290 90 16 248 390 333 272 417 386 186 188 102 246 101 103 93 0
