0 403 388 376 261 474 417 103 444 280 224 384 378 192 45 361 195 256 312
403 0 341 353 252 497 115 376 538 310 246 121 497 194 209 405 120 372 246
388 341 0 88 472 82 340 255 141 355 291 317 113 227 180 1 183 2 92
376 353 88 0 395 162 240 299 205 354 279 181 178 260 185 86 157 44 97
261 252 472 395 0 489 320 216 467 199 82 199 391 108 225 352 143 271 239
474 497 82 162 489 0 388 388 76 397 307 346 7 340 417 54 344 66 294
417 115 340 240 320 388 0 327 488 240 121 120 419 114 289 386 203 294 277
103 376 255 299 216 388 327 0 405 305 202 142 293 248 33 327 77 268 132
444 538 141 205 467 76 488 405 0 501 442 365 -10 369 428 128 322 144 292
280 310 355 354 199 397 240 305 501 0 86 177 480 104 269 369 201 291 153
224 246 291 279 82 307 121 202 442 86 0 83 402 45 204 283 74 299 146
384 121 317 181 199 346 120 142 365 177 83 0 283 95 205 245 109 199 172
378 497 113 178 391 7 419 293 -10 480 402 283 0 298 367 38 329 102 242
192 194 227 260 108 340 114 248 369 104 45 95 298 0 216 202 75 208 127
45 209 180 185 225 417 289 33 428 269 204 205 367 216 0 262 146 257 159
361 405 1 86 352 54 386 327 128 369 283 245 38 202 262 0 188 57 158
195 120 183 157 143 344 203 77 322 201 74 109 329 75 146 188 0 135 95
256 372 2 44 271 66 294 268 144 291 299 199 102 208 257 57 135 0 102
312 246 92 97 239 294 277 132 292 153 146 172 242 127 159 158 95 102 0
