0 205 337 151 308 271 177 286 312 279 172 11 247 194 165 146 200 63 30
205 0 269 242 240 100 226 92 247 163 56 202 115 -54 16 264 169 1 136
337 269 0 349 159 305 159 248 214 316 264 306 92 237 135 161 71 176 221
151 242 349 0 374 303 298 208 317 294 82 57 232 150 159 281 166 166 148
308 240 159 374 0 345 102 413 238 319 233 225 84 215 289 64 138 192 205
271 100 305 303 345 0 166 145 360 168 111 287 125 126 55 148 184 17 225
177 226 159 298 102 166 0 230 207 277 112 320 -49 230 141 30 57 76 272
286 92 248 208 413 145 230 0 282 201 56 211 202 103 100 171 186 107 195
312 247 214 317 238 360 207 282 0 270 157 341 207 238 215 141 166 127 267
279 163 316 294 319 168 277 201 270 0 59 297 221 67 84 169 231 106 197
172 56 264 82 233 111 112 56 157 59 0 214 227 57 9 198 215 -41 130
11 202 306 57 225 287 320 211 341 297 214 0 261 177 154 168 172 39 5
247 115 92 232 84 125 -49 202 207 221 227 261 0 235 156 131 -19 144 149
194 -54 237 150 215 126 230 103 238 67 57 177 235 0 -6 57 92 55 117
165 16 135 159 289 55 141 100 215 84 9 154 156 -6 0 59 134 -70 90
146 264 161 281 64 148 30 171 141 169 198 168 131 57 59 0 -6 108 201
200 169 71 166 138 184 57 186 166 231 215 172 -19 92 134 -6 0 124 100
63 1 176 166 192 17 76 107 127 106 -41 39 144 55 -70 108 124 0 11
30 136 221 148 205 225 272 195 267 197 130 5 149 117 90 201 100 11 0
