0 299 283 242 291 273 98 243 188 274 204 149 71 55 141 155 230 197 168
299 0 300 259 308 164 287 432 377 291 95 338 260 244 158 172 247 214 185
283 300 0 215 114 274 271 416 361 163 205 322 244 228 142 128 53 86 115
242 259 215 0 223 233 230 375 320 206 164 281 203 187 101 87 162 129 100
291 308 114 223 0 282 279 424 369 171 213 330 252 236 150 136 61 94 123
273 164 274 233 282 0 261 406 351 265 69 312 234 218 132 146 221 188 159
98 287 271 230 279 261 0 199 144 262 192 105 27 43 129 143 218 185 156
243 432 416 375 424 406 199 0 133 407 337 94 172 188 274 288 363 330 301
188 377 361 320 369 351 144 133 0 352 282 39 117 133 219 233 308 275 246
274 291 163 206 171 265 262 407 352 0 196 313 235 219 133 119 110 77 106
204 95 205 164 213 69 192 337 282 196 0 243 165 149 63 77 152 119 90
149 338 322 281 330 312 105 94 39 313 243 0 78 94 180 194 269 236 207
71 260 244 203 252 234 27 172 117 235 165 78 0 16 102 116 191 158 129
55 244 228 187 236 218 43 188 133 219 149 94 16 0 86 100 175 142 113
141 158 142 101 150 132 129 274 219 133 63 180 102 86 0 14 89 56 27
155 172 128 87 136 146 143 288 233 119 77 194 116 100 14 0 75 42 13
230 247 53 162 61 221 218 363 308 110 152 269 191 175 89 75 0 33 62
197 214 86 129 94 188 185 330 275 77 119 236 158 142 56 42 33 0 29
168 185 115 100 123 159 156 301 246 106 90 207 129 113 27 13 62 29 0
