0 245 298 133 305 208 229 139 216 25 116 268 12 42 77 182 168 216 217
245 0 207 294 214 299 138 230 97 246 207 177 233 203 168 63 77 125 126
298 207 0 347 67 352 95 283 178 299 260 30 286 256 221 144 130 82 81
133 294 347 0 354 257 278 188 265 134 165 317 121 91 126 231 217 265 266
305 214 67 354 0 359 102 290 185 306 267 37 293 263 228 151 137 89 88
208 299 352 257 359 0 283 115 270 209 92 322 196 166 131 236 222 270 271
229 138 95 278 102 283 0 214 109 230 191 65 217 187 152 75 61 13 14
139 230 283 188 290 115 214 0 201 140 23 253 127 97 62 167 153 201 202
216 97 178 265 185 270 109 201 0 217 178 148 204 174 139 34 48 96 97
25 246 299 134 306 209 230 140 217 0 117 269 13 43 78 183 169 217 218
116 207 260 165 267 92 191 23 178 117 0 230 104 74 39 144 130 178 179
268 177 30 317 37 322 65 253 148 269 230 0 256 226 191 114 100 52 51
12 233 286 121 293 196 217 127 204 13 104 256 0 30 65 170 156 204 205
42 203 256 91 263 166 187 97 174 43 74 226 30 0 35 140 126 174 175
77 168 221 126 228 131 152 62 139 78 39 191 65 35 0 105 91 139 140
182 63 144 231 151 236 75 167 34 183 144 114 170 140 105 0 14 62 63
168 77 130 217 137 222 61 153 48 169 130 100 156 126 91 14 0 48 49
216 125 82 265 89 270 13 201 96 217 178 52 204 174 139 62 48 0 1
217 126 81 266 88 271 14 202 97 218 179 51 205 175 140 63 49 1 0
