0 111 396 287 435 248 236 448 455 500 193 90 167 426 195 393 386 298 266
111 0 327 218 366 179 167 379 386 431 124 21 98 357 126 324 317 229 197
396 327 0 293 45 310 298 248 255 300 255 306 229 226 201 3 186 98 130
287 218 293 0 332 201 189 345 352 397 146 197 120 323 92 290 283 195 163
435 366 45 332 0 349 337 287 294 339 294 345 268 265 240 42 225 137 169
248 179 310 201 349 0 98 362 369 414 55 158 81 340 109 307 300 212 180
236 167 298 189 337 98 0 350 357 402 43 146 69 328 97 295 288 200 168
448 379 248 345 287 362 350 0 131 176 307 358 281 102 253 245 62 150 182
455 386 255 352 294 369 357 131 0 103 314 365 288 29 260 252 69 157 189
500 431 300 397 339 414 402 176 103 0 359 410 333 74 305 297 114 202 234
193 124 255 146 294 55 43 307 314 359 0 103 26 285 54 252 245 157 125
90 21 306 197 345 158 146 358 365 410 103 0 77 336 105 303 296 208 176
167 98 229 120 268 81 69 281 288 333 26 77 0 259 28 226 219 131 99
426 357 226 323 265 340 328 102 29 74 285 336 259 0 231 223 40 128 160
195 126 201 92 240 109 97 253 260 305 54 105 28 231 0 198 191 103 71
393 324 3 290 42 307 295 245 252 297 252 303 226 223 198 0 183 95 127
386 317 186 283 225 300 288 62 69 114 245 296 219 40 191 183 0 88 120
298 229 98 195 137 212 200 150 157 202 157 208 131 128 103 95 88 0 32
266 197 130 163 169 180 168 182 189 234 125 176 99 160 71 127 120 32 0
