0 178 190 36 284 151 294 249 56 285 113 93 171 188 180 161 29 71 102
178 0 201 80 202 246 197 63 213 185 269 138 39 63 116 77 168 119 -13
190 201 0 85 317 253 188 278 169 301 285 182 111 183 5 270 48 189 82
36 80 85 0 188 88 181 169 116 288 113 -14 -33 225 94 126 -22 30 29
284 202 317 188 0 242 326 209 320 184 254 141 203 238 184 132 163 189 149
151 246 253 88 242 0 313 267 40 329 -6 50 142 82 123 226 153 112 199
294 197 188 181 326 313 0 283 312 291 257 160 307 274 135 173 94 102 131
249 63 278 169 209 267 283 0 350 240 293 261 82 99 179 96 154 132 47
56 213 169 116 320 40 312 350 0 317 -13 152 180 202 127 126 144 114 282
285 185 301 288 184 329 291 240 317 0 253 234 182 207 289 158 169 157 183
113 269 285 113 254 -6 257 293 -13 253 0 10 248 170 155 198 115 63 185
93 138 182 -14 141 50 160 261 152 234 10 0 112 76 145 29 38 29 119
171 39 111 -33 203 142 307 82 180 182 248 112 0 -20 142 5 -7 121 -6
188 63 183 225 238 82 274 99 202 207 170 76 -20 0 185 28 142 164 42
180 116 5 94 184 123 135 179 127 289 155 145 142 185 0 103 67 78 161
161 77 270 126 132 226 173 96 126 158 198 29 5 28 103 0 53 96 12
29 168 48 -22 163 153 94 154 144 169 115 38 -7 142 67 53 0 -15 111
71 119 189 30 189 112 102 132 114 157 63 29 121 164 78 96 -15 0 22
102 -13 82 29 149 199 131 47 282 183 185 119 -6 42 161 12 111 22 0
