0 401 474 152 165 267 107 304 269 292 205 343 233 215 77 97 117 266 106
401 0 115 417 339 157 319 131 388 257 260 10 101 112 345 213 244 145 135
474 115 0 467 503 301 375 214 418 228 347 73 305 126 272 361 328 220 221
152 417 467 0 216 265 173 334 278 359 103 410 304 290 159 80 184 294 110
165 339 503 216 0 251 44 343 66 101 -5 378 189 351 3 86 20 200 106
267 157 301 265 251 0 294 277 304 114 192 273 111 97 222 241 267 84 168
107 319 375 173 44 294 0 249 132 233 51 314 240 208 24 25 -4 130 26
304 131 214 334 343 277 249 0 247 205 219 70 123 112 276 325 307 58 198
269 388 418 278 66 304 132 247 0 295 92 448 235 354 53 67 21 144 105
292 257 228 359 101 114 233 205 295 0 321 177 49 81 313 257 235 42 198
205 260 347 103 -5 192 51 219 92 321 0 325 146 294 36 24 -1 169 61
343 10 73 410 378 273 314 70 448 177 325 0 213 106 339 372 220 189 207
233 101 305 304 189 111 240 123 235 49 146 213 0 57 125 246 180 39 131
215 112 126 290 351 97 208 112 354 81 294 106 57 0 164 189 170 100 129
77 345 272 159 3 222 24 276 53 313 36 339 125 164 0 40 -74 163 0
97 213 361 80 86 241 25 325 67 257 24 372 246 189 40 0 41 132 136
117 244 328 184 20 267 -4 307 21 235 -1 220 180 170 -74 41 0 84 -24
266 145 220 294 200 84 130 58 144 42 169 189 39 100 163 132 84 0 90
106 135 221 110 106 168 26 198 105 198 61 207 131 129 0 136 -24 90 0
