0 235 305 201 329 217 148 200 249 212 127 201 28 94 108 128 234 246 57
235 0 408 91 422 265 227 160 147 372 272 201 89 137 156 149 252 346 225
305 408 0 305 169 348 324 460 386 174 376 378 351 210 243 178 82 124 202
201 91 305 0 282 232 189 352 345 196 110 283 250 55 155 18 279 274 70
329 422 169 282 0 346 314 461 423 79 264 405 325 306 238 244 31 27 141
217 265 348 232 346 0 6 225 400 232 -4 241 220 222 121 178 309 323 252
148 227 324 189 314 6 0 329 262 291 -10 226 175 203 144 71 273 323 188
200 160 460 352 461 225 329 0 30 343 200 -29 165 251 172 160 311 373 245
249 147 386 345 423 400 262 30 0 420 332 39 116 230 272 183 385 417 328
212 372 174 196 79 232 291 343 420 0 273 266 218 233 127 232 50 -42 83
127 272 376 110 264 -4 -10 200 332 273 0 196 226 91 66 85 248 297 141
201 201 378 283 405 241 226 -29 39 266 196 0 146 155 93 197 303 270 185
28 89 351 250 325 220 175 165 116 218 226 146 0 61 16 151 275 228 137
94 137 210 55 306 222 203 251 230 233 91 155 61 0 18 -13 242 224 107
108 156 243 155 238 121 144 172 272 127 66 93 16 18 0 37 182 96 -24
128 149 178 18 244 178 71 160 183 232 85 197 151 -13 37 0 166 174 8
234 252 82 279 31 309 273 311 385 50 248 303 275 242 182 166 0 33 123
246 346 124 274 27 323 323 373 417 -42 297 270 228 224 96 174 33 0 122
57 225 202 70 141 252 188 245 328 83 141 185 137 107 -24 8 123 122 0
