0 368 432 148 185 337 135 336 212 320 156 355 266 274 122 63 112 237 142
368 0 90 390 329 231 279 156 356 214 300 13 160 94 266 305 256 131 226
432 90 0 454 393 295 343 220 420 278 364 77 224 158 330 369 320 195 290
148 390 454 0 207 359 157 358 234 342 178 377 288 296 144 85 134 259 164
185 329 393 207 0 298 76 297 85 281 29 316 227 235 63 122 73 198 103
337 231 295 359 298 0 248 199 325 125 269 218 71 137 235 274 225 100 195
135 279 343 157 76 248 0 247 103 231 47 266 177 185 13 72 23 148 53
336 156 220 358 297 199 247 0 324 182 268 143 128 62 234 273 224 99 194
212 356 420 234 85 325 103 324 0 308 56 343 254 262 90 149 100 225 130
320 214 278 342 281 125 231 182 308 0 252 201 54 120 218 257 208 83 178
156 300 364 178 29 269 47 268 56 252 0 287 198 206 34 93 44 169 74
355 13 77 377 316 218 266 143 343 201 287 0 147 81 253 292 243 118 213
266 160 224 288 227 71 177 128 254 54 198 147 0 66 164 203 154 29 124
274 94 158 296 235 137 185 62 262 120 206 81 66 0 172 211 162 37 132
122 266 330 144 63 235 13 234 90 218 34 253 164 172 0 59 10 135 40
63 305 369 85 122 274 72 273 149 257 93 292 203 211 59 0 49 174 79
112 256 320 134 73 225 23 224 100 208 44 243 154 162 10 49 0 125 30
237 131 195 259 198 100 148 99 225 83 169 118 29 37 135 174 125 0 95
142 226 290 164 103 195 53 194 130 178 74 213 124 132 40 79 30 95 0
