0 386 400 25 377 170 312 234 353 362 331 248 289 299 209 -30 334 42 165
386 0 142 516 46 294 77 232 265 237 172 140 157 108 142 387 109 296 245
400 142 0 520 83 338 60 149 225 154 70 163 70 55 123 373 162 144 130
25 516 520 0 392 196 391 267 424 494 384 369 353 370 350 118 309 233 294
377 46 83 392 0 304 130 157 180 153 102 84 104 55 51 352 123 339 179
170 294 338 196 304 0 186 163 308 323 280 225 143 258 202 184 201 156 112
312 77 60 391 130 186 0 49 132 154 54 108 -50 48 23 305 40 235 42
234 232 149 267 157 163 49 0 203 193 170 89 45 129 130 256 26 72 250
353 265 225 424 180 308 132 203 0 113 151 85 22 121 178 375 162 305 172
362 237 154 494 153 323 154 193 113 0 180 100 48 84 106 355 160 308 166
331 172 70 384 102 280 54 170 151 180 0 92 109 -33 42 347 116 307 192
248 140 163 369 84 225 108 89 85 100 92 0 -4 113 10 230 63 212 148
289 157 70 353 104 143 -50 45 22 48 109 -4 0 -17 6 316 41 228 122
299 108 55 370 55 258 48 129 121 84 -33 113 -17 0 19 261 112 248 153
209 142 123 350 51 202 23 130 178 106 42 10 6 19 0 208 33 107 58
-30 387 373 118 352 184 305 256 375 355 347 230 316 261 208 0 172 136 182
334 109 162 309 123 201 40 26 162 160 116 63 41 112 33 172 0 87 70
42 296 144 233 339 156 235 72 305 308 307 212 228 248 107 136 87 0 79
165 245 130 294 179 112 42 250 172 166 192 148 122 153 58 182 70 79 0
