0 300 125 197 135 262 184 226 464 305 52 219 237 373 332 246 161 195 265
300 0 325 236 124 278 98 189 259 118 92 243 164 193 173 -3 69 97 50
125 325 0 140 73 262 220 219 411 422 17 55 187 251 261 251 84 164 225
197 236 140 0 145 302 62 261 468 482 212 90 212 383 233 226 151 222 124
135 124 73 145 0 173 234 218 268 391 108 44 240 237 267 168 50 118 91
262 278 262 302 173 0 46 287 364 356 196 187 52 348 245 185 200 142 250
184 98 220 62 234 46 0 273 302 251 101 68 -9 296 113 115 184 35 146
226 189 219 261 218 287 273 0 258 256 182 240 338 191 61 110 196 168 117
464 259 411 468 268 364 302 258 0 90 342 403 213 71 127 115 199 198 158
305 118 422 482 391 356 251 256 90 0 332 304 275 94 90 185 301 226 263
52 92 17 212 108 196 101 182 342 332 0 94 179 290 170 210 109 37 135
219 243 55 90 44 187 68 240 403 304 94 0 -5 265 168 111 21 -8 221
237 164 187 212 240 52 -9 338 213 275 179 -5 0 203 135 83 29 152 82
373 193 251 383 237 348 296 191 71 94 290 265 203 0 101 208 258 203 179
332 173 261 233 267 245 113 61 127 90 170 168 135 101 0 -58 265 97 80
246 -3 251 226 168 185 115 110 115 185 210 111 83 208 -58 0 49 21 19
161 69 84 151 50 200 184 196 199 301 109 21 29 258 265 49 0 -33 49
195 97 164 222 118 142 35 168 198 226 37 -8 152 203 97 21 -33 0 108
265 50 225 124 91 250 146 117 158 263 135 221 82 179 80 19 49 108 0
