0 190 160 200 182 236 275 176 139 201 180 221 117 162 126 39 96 73 92
190 0 272 156 226 280 319 288 137 157 136 265 73 206 238 151 94 117 136
160 272 0 282 264 318 357 84 221 283 262 303 199 244 34 121 178 155 174
200 156 282 0 236 290 329 298 147 41 20 275 83 216 248 161 104 127 146
182 226 264 236 0 94 133 280 175 237 216 79 153 20 230 143 132 109 90
236 280 318 290 94 0 69 334 229 291 270 15 207 74 284 197 186 163 144
275 319 357 329 133 69 0 373 268 330 309 54 246 113 323 236 225 202 183
176 288 84 298 280 334 373 0 237 299 278 319 215 260 50 137 194 171 190
139 137 221 147 175 229 268 237 0 148 127 214 64 155 187 100 43 66 85
201 157 283 41 237 291 330 299 148 0 21 276 84 217 249 162 105 128 147
180 136 262 20 216 270 309 278 127 21 0 255 63 196 228 141 84 107 126
221 265 303 275 79 15 54 319 214 276 255 0 192 59 269 182 171 148 129
117 73 199 83 153 207 246 215 64 84 63 192 0 133 165 78 21 44 63
162 206 244 216 20 74 113 260 155 217 196 59 133 0 210 123 112 89 70
126 238 34 248 230 284 323 50 187 249 228 269 165 210 0 87 144 121 140
39 151 121 161 143 197 236 137 100 162 141 182 78 123 87 0 57 34 53
96 94 178 104 132 186 225 194 43 105 84 171 21 112 144 57 0 23 42
73 117 155 127 109 163 202 171 66 128 107 148 44 89 121 34 23 0 19
92 136 174 146 90 144 183 190 85 147 126 129 63 70 140 53 42 19 0
