0 266 154 90 391 374 276 327 246 263 135 180 85 186 248 244 203 301 355
266 0 53 327 306 278 117 431 214 164 224 41 92 83 245 150 79 188 262
154 53 0 302 300 272 133 305 219 264 192 -43 103 -16 203 196 115 34 237
90 327 302 0 432 503 283 476 -17 410 62 187 173 212 327 292 216 324 349
391 306 300 432 0 310 238 351 354 285 339 316 270 310 155 190 238 209 172
374 278 272 503 310 0 182 211 382 289 446 175 280 149 85 219 227 218 129
276 117 133 283 238 182 0 292 193 44 246 159 161 119 103 -41 28 104 205
327 431 305 476 351 211 292 0 443 226 320 299 313 257 81 190 97 231 237
246 214 219 -17 354 382 193 443 0 330 61 91 182 203 278 159 162 147 369
263 164 264 410 285 289 44 226 330 0 331 191 150 127 148 -8 59 39 238
135 224 192 62 339 446 246 320 61 331 0 188 51 152 249 290 193 112 369
180 41 -43 187 316 175 159 299 91 191 188 0 126 -11 203 164 62 90 134
85 92 103 173 270 280 161 313 182 150 51 126 0 69 122 94 85 118 236
186 83 -16 212 310 149 119 257 203 127 152 -11 69 0 201 110 34 26 248
248 245 203 327 155 85 103 81 278 148 249 203 122 201 0 204 19 64 189
244 150 196 292 190 219 -41 190 159 -8 290 164 94 110 204 0 69 151 87
203 79 115 216 238 227 28 97 162 59 193 62 85 34 19 69 0 26 170
301 188 34 324 209 218 104 231 147 39 112 90 118 26 64 151 26 0 -21
355 262 237 349 172 129 205 237 369 238 369 134 236 248 189 87 170 -21 0
