0 195 383 208 384 337 297 360 359 389 332 335 300 304 249 110 207 92 139
195 0 394 183 395 348 308 371 370 400 343 346 311 315 260 85 218 103 150
383 394 0 407 353 306 266 143 328 358 301 304 83 273 218 309 176 291 244
208 183 407 0 408 361 321 384 383 413 356 359 324 328 273 98 231 116 163
384 395 353 408 0 51 183 330 135 165 108 49 270 80 135 310 177 292 245
337 348 306 361 51 0 136 283 88 118 61 2 223 33 88 263 130 245 198
297 308 266 321 183 136 0 243 158 188 131 134 183 103 48 223 90 205 158
360 371 143 384 330 283 243 0 305 335 278 281 60 250 195 286 153 268 221
359 370 328 383 135 88 158 305 0 84 27 86 245 55 110 285 152 267 220
389 400 358 413 165 118 188 335 84 0 57 116 275 85 140 315 182 297 250
332 343 301 356 108 61 131 278 27 57 0 59 218 28 83 258 125 240 193
335 346 304 359 49 2 134 281 86 116 59 0 221 31 86 261 128 243 196
300 311 83 324 270 223 183 60 245 275 218 221 0 190 135 226 93 208 161
304 315 273 328 80 33 103 250 55 85 28 31 190 0 55 230 97 212 165
249 260 218 273 135 88 48 195 110 140 83 86 135 55 0 175 42 157 110
110 85 309 98 310 263 223 286 285 315 258 261 226 230 175 0 133 18 65
207 218 176 231 177 130 90 153 152 182 125 128 93 97 42 133 0 115 68
92 103 291 116 292 245 205 268 267 297 240 243 208 212 157 18 115 0 47
139 150 244 163 245 198 158 221 220 250 193 196 161 165 110 65 68 47 0
