0 190 319 156 298 183 161 209 246 228 139 206 122 50 61 98 240 225 134
190 0 409 246 388 273 251 155 192 318 229 152 68 140 151 188 330 315 224
319 409 0 279 137 380 358 428 465 97 336 425 341 269 258 221 79 94 185
156 246 279 0 258 217 195 265 302 188 173 262 178 106 95 58 200 185 94
298 388 137 258 0 359 337 407 444 76 315 404 320 248 237 200 58 73 164
183 273 380 217 359 0 66 292 329 289 44 289 205 133 122 159 301 286 195
161 251 358 195 337 66 0 270 307 267 22 267 183 111 100 137 279 264 173
209 155 428 265 407 292 270 0 43 337 248 3 87 159 170 207 349 334 243
246 192 465 302 444 329 307 43 0 374 285 40 124 196 207 244 386 371 280
228 318 97 188 76 289 267 337 374 0 245 334 250 178 167 130 18 3 94
139 229 336 173 315 44 22 248 285 245 0 245 161 89 78 115 257 242 151
206 152 425 262 404 289 267 3 40 334 245 0 84 156 167 204 346 331 240
122 68 341 178 320 205 183 87 124 250 161 84 0 72 83 120 262 247 156
50 140 269 106 248 133 111 159 196 178 89 156 72 0 11 48 190 175 84
61 151 258 95 237 122 100 170 207 167 78 167 83 11 0 37 179 164 73
98 188 221 58 200 159 137 207 244 130 115 204 120 48 37 0 142 127 36
240 330 79 200 58 301 279 349 386 18 257 346 262 190 179 142 0 15 106
225 315 94 185 73 286 264 334 371 3 242 331 247 175 164 127 15 0 91
134 224 185 94 164 195 173 243 280 94 151 240 156 84 73 36 106 91 0
