0 273 126 244 170 149 195 210 225 276 230 223 182 190 213 179 93 34 125
273 0 281 205 217 266 74 261 112 174 226 184 115 325 155 29 42 101 110
126 281 0 322 203 36 220 67 278 247 63 219 208 4 208 168 107 193 166
244 205 322 0 306 432 209 450 66 146 227 65 60 273 193 192 247 244 263
170 217 203 306 0 204 87 405 207 267 219 252 207 266 164 164 125 166 100
149 266 36 432 204 0 254 139 370 355 88 284 135 83 217 183 289 168 136
195 74 220 209 87 254 0 341 32 118 68 113 83 183 2 97 190 36 88
210 261 67 450 405 139 341 0 408 309 87 297 325 101 319 233 192 105 139
225 112 278 66 207 370 32 408 0 -15 212 63 89 175 127 2 180 203 166
276 174 247 146 267 355 118 309 -15 0 215 96 91 317 45 95 142 126 236
230 226 63 227 219 88 68 87 212 215 0 242 289 -73 175 224 81 119 143
223 184 219 65 252 284 113 297 63 96 242 0 -2 216 84 30 86 92 93
182 115 208 60 207 135 83 325 89 91 289 -2 0 302 -11 -42 157 86 103
190 325 4 273 266 83 183 101 175 317 -73 216 302 0 117 135 51 144 113
213 155 208 193 164 217 2 319 127 45 175 84 -11 117 0 46 120 43 139
179 29 168 192 164 183 97 233 2 95 224 30 -42 135 46 0 119 69 112
93 42 107 247 125 289 190 192 180 142 81 86 157 51 120 119 0 84 25
34 101 193 244 166 168 36 105 203 126 119 92 86 144 43 69 84 0 102
125 110 166 263 100 136 88 139 166 236 143 93 103 113 139 112 25 102 0
