0 228 148 75 255 391 331 266 403 455 360 34 327 177 262 143 169 95 82
228 0 90 235 293 429 369 304 441 493 398 194 365 215 300 85 207 133 146
148 90 0 155 213 349 289 224 361 413 318 114 285 135 220 5 127 53 66
75 235 155 0 262 398 338 273 410 462 367 41 334 184 269 150 176 102 89
255 293 213 262 0 308 248 167 320 372 277 221 244 78 179 208 86 160 173
391 429 349 398 308 0 198 319 270 126 31 357 194 230 129 344 222 296 309
331 369 289 338 248 198 0 259 80 262 167 297 4 170 69 284 162 236 249
266 304 224 273 167 319 259 0 331 383 288 232 255 89 190 219 97 171 184
403 441 361 410 320 270 80 331 0 334 239 369 76 242 141 356 234 308 321
455 493 413 462 372 126 262 383 334 0 95 421 258 294 193 408 286 360 373
360 398 318 367 277 31 167 288 239 95 0 326 163 199 98 313 191 265 278
34 194 114 41 221 357 297 232 369 421 326 0 293 143 228 109 135 61 48
327 365 285 334 244 194 4 255 76 258 163 293 0 166 65 280 158 232 245
177 215 135 184 78 230 170 89 242 294 199 143 166 0 101 130 8 82 95
262 300 220 269 179 129 69 190 141 193 98 228 65 101 0 215 93 167 180
143 85 5 150 208 344 284 219 356 408 313 109 280 130 215 0 122 48 61
169 207 127 176 86 222 162 97 234 286 191 135 158 8 93 122 0 74 87
95 133 53 102 160 296 236 171 308 360 265 61 232 82 167 48 74 0 13
82 146 66 89 173 309 249 184 321 373 278 48 245 95 180 61 87 13 0
