0 188 228 142 252 190 201 263 116 137 72 166 187 138 127 40 116 97 100
188 0 222 98 246 184 195 257 224 245 180 160 181 132 121 148 72 91 94
228 222 0 176 204 142 175 117 264 285 220 118 41 90 101 188 150 131 128
142 98 176 0 200 138 149 211 178 199 134 114 135 86 75 102 26 45 48
252 246 204 200 0 110 199 239 288 309 244 86 163 114 125 212 174 155 152
190 184 142 138 110 0 137 177 226 247 182 24 101 52 63 150 112 93 90
201 195 175 149 199 137 0 210 237 258 193 113 134 85 74 161 123 104 101
263 257 117 211 239 177 210 0 299 320 255 153 76 125 136 223 185 166 163
116 224 264 178 288 226 237 299 0 109 44 202 223 174 163 76 152 133 136
137 245 285 199 309 247 258 320 109 0 65 223 244 195 184 97 173 154 157
72 180 220 134 244 182 193 255 44 65 0 158 179 130 119 32 108 89 92
166 160 118 114 86 24 113 153 202 223 158 0 77 28 39 126 88 69 66
187 181 41 135 163 101 134 76 223 244 179 77 0 49 60 147 109 90 87
138 132 90 86 114 52 85 125 174 195 130 28 49 0 11 98 60 41 38
127 121 101 75 125 63 74 136 163 184 119 39 60 11 0 87 49 30 27
40 148 188 102 212 150 161 223 76 97 32 126 147 98 87 0 76 57 60
116 72 150 26 174 112 123 185 152 173 108 88 109 60 49 76 0 19 22
97 91 131 45 155 93 104 166 133 154 89 69 90 41 30 57 19 0 3
100 94 128 48 152 90 101 163 136 157 92 66 87 38 27 60 22 3 0
