0 193 261 172 461 373 252 232 374 438 370 369 230 286 187 111 133 30 128
193 0 394 143 594 506 385 365 507 571 503 502 363 419 320 82 266 163 261
261 394 0 373 456 368 247 33 369 433 365 364 31 281 182 312 128 231 133
172 143 373 0 573 485 364 344 486 550 482 481 342 398 299 61 245 142 240
461 594 456 573 0 96 339 427 263 327 259 92 425 175 274 512 328 431 333
373 506 368 485 96 0 251 339 175 239 171 4 337 87 186 424 240 343 245
252 385 247 364 339 251 0 218 252 316 248 247 216 164 65 303 119 222 124
232 365 33 344 427 339 218 0 340 404 336 335 2 252 153 283 99 202 104
374 507 369 486 263 175 252 340 0 72 4 171 338 88 187 425 241 344 246
438 571 433 550 327 239 316 404 72 0 68 235 402 152 251 489 305 408 310
370 503 365 482 259 171 248 336 4 68 0 167 334 84 183 421 237 340 242
369 502 364 481 92 4 247 335 171 235 167 0 333 83 182 420 236 339 241
230 363 31 342 425 337 216 2 338 402 334 333 0 250 151 281 97 200 102
286 419 281 398 175 87 164 252 88 152 84 83 250 0 99 337 153 256 158
187 320 182 299 274 186 65 153 187 251 183 182 151 99 0 238 54 157 59
111 82 312 61 512 424 303 283 425 489 421 420 281 337 238 0 184 81 179
133 266 128 245 328 240 119 99 241 305 237 236 97 153 54 184 0 103 5
30 163 231 142 431 343 222 202 344 408 340 339 200 256 157 81 103 0 98
128 261 133 240 333 245 124 104 246 310 242 241 102 158 59 179 5 98 0
