0 393 357 96 357 138 282 274 357 362 336 307 272 298 265 6 231 91 177
393 0 154 477 154 349 145 205 220 225 133 170 135 95 128 387 162 302 216
357 154 0 441 42 313 109 169 184 189 21 134 99 59 92 351 126 266 180
96 477 441 0 441 222 366 358 441 446 420 391 356 382 349 90 315 175 261
357 154 42 441 0 313 109 169 184 189 21 134 99 59 92 351 126 266 180
138 349 313 222 313 0 238 230 313 318 292 263 228 254 221 132 187 47 133
282 145 109 366 109 238 0 94 95 100 88 45 10 50 17 276 51 191 105
274 205 169 358 169 230 94 0 169 174 148 119 84 110 77 268 43 183 97
357 220 184 441 184 313 95 169 0 105 163 50 85 125 92 351 126 266 180
362 225 189 446 189 318 100 174 105 0 168 55 90 130 97 356 131 271 185
336 133 21 420 21 292 88 148 163 168 0 113 78 38 71 330 105 245 159
307 170 134 391 134 263 45 119 50 55 113 0 35 75 42 301 76 216 130
272 135 99 356 99 228 10 84 85 90 78 35 0 40 7 266 41 181 95
298 95 59 382 59 254 50 110 125 130 38 75 40 0 33 292 67 207 121
265 128 92 349 92 221 17 77 92 97 71 42 7 33 0 259 34 174 88
6 387 351 90 351 132 276 268 351 356 330 301 266 292 259 0 225 85 171
231 162 126 315 126 187 51 43 126 131 105 76 41 67 34 225 0 140 54
91 302 266 175 266 47 191 183 266 271 245 216 181 207 174 85 140 0 86
177 216 180 261 180 133 105 97 180 185 159 130 95 121 88 171 54 86 0
