0 347 460 125 348 235 217 397 276 438 214 402 349 193 69 290 140 267 184
347 0 273 334 115 302 284 210 343 251 281 215 162 260 278 57 207 80 163
460 273 0 447 274 415 397 159 456 94 394 58 111 373 391 216 320 193 276
125 334 447 0 335 222 204 384 263 425 201 389 336 180 56 277 127 254 171
348 115 274 335 0 303 285 211 344 252 282 216 163 261 279 58 208 81 164
235 302 415 222 303 0 66 352 83 393 21 357 304 42 166 245 95 222 139
217 284 397 204 285 66 0 334 107 375 45 339 286 24 148 227 77 204 121
397 210 159 384 211 352 334 0 393 137 331 101 48 310 328 153 257 130 213
276 343 456 263 344 83 107 393 0 434 62 398 345 83 207 286 136 263 180
438 251 94 425 252 393 375 137 434 0 372 36 89 351 369 194 298 171 254
214 281 394 201 282 21 45 331 62 372 0 336 283 21 145 224 74 201 118
402 215 58 389 216 357 339 101 398 36 336 0 53 315 333 158 262 135 218
349 162 111 336 163 304 286 48 345 89 283 53 0 262 280 105 209 82 165
193 260 373 180 261 42 24 310 83 351 21 315 262 0 124 203 53 180 97
69 278 391 56 279 166 148 328 207 369 145 333 280 124 0 221 71 198 115
290 57 216 277 58 245 227 153 286 194 224 158 105 203 221 0 150 23 106
140 207 320 127 208 95 77 257 136 298 74 262 209 53 71 150 0 127 44
267 80 193 254 81 222 204 130 263 171 201 135 82 180 198 23 127 0 83
184 163 276 171 164 139 121 213 180 254 118 218 165 97 115 106 44 83 0
