0 331 391 265 256 283 172 97 277 249 -6 204 219 246 142 194 201 125 129
331 0 293 398 326 134 206 316 378 251 270 291 118 232 195 238 160 197 244
391 293 0 210 319 245 249 292 6 192 199 43 259 49 133 106 222 162 293
265 398 210 0 344 356 276 441 137 131 270 67 278 127 178 124 186 212 229
256 326 319 344 0 198 147 259 306 131 238 293 168 176 140 232 93 28 3
283 134 245 356 198 0 205 259 277 147 215 210 97 208 124 134 169 36 253
172 206 249 276 147 205 0 262 252 164 212 218 121 141 164 185 8 97 205
97 316 292 441 259 259 262 0 346 322 92 358 251 243 161 276 170 181 298
277 378 6 137 306 277 252 346 0 210 270 78 272 -21 154 53 111 227 215
249 251 192 131 131 147 164 322 210 0 211 93 100 29 257 -11 68 185 227
-6 270 199 270 238 215 212 92 270 211 0 236 243 277 107 192 66 47 168
204 291 43 67 293 210 218 358 78 93 236 0 237 89 89 42 173 98 284
219 118 259 278 168 97 121 251 272 100 243 237 0 143 -64 172 64 134 195
246 232 49 127 176 208 141 243 -21 29 277 89 143 0 120 58 150 175 214
142 195 133 178 140 124 164 161 154 257 107 89 -64 120 0 -12 16 44 24
194 238 106 124 232 134 185 276 53 -11 192 42 172 58 -12 0 143 65 279
201 160 222 186 93 169 8 170 111 68 66 173 64 150 16 143 0 39 85
125 197 162 212 28 36 97 181 227 185 47 98 134 175 44 65 39 0 122
129 244 293 229 3 253 205 298 215 227 168 284 195 214 24 279 85 122 0
