0 198 204 193 172 351 163 38 282 234 167 147 261 118 30 202 74 121 104
198 0 254 243 134 401 67 176 332 196 129 51 311 80 168 252 124 171 154
204 254 0 155 228 151 219 182 82 290 223 203 61 174 174 2 130 83 100
193 243 155 0 217 302 208 171 233 279 212 192 212 163 163 153 119 72 89
172 134 228 217 0 375 99 150 306 72 5 83 285 54 142 226 98 145 128
351 401 151 302 375 0 366 329 111 437 370 350 90 321 321 149 277 230 247
163 67 219 208 99 366 0 141 297 161 94 16 276 45 133 217 89 136 119
38 176 182 171 150 329 141 0 260 212 145 125 239 96 8 180 52 99 82
282 332 82 233 306 111 297 260 0 368 301 281 21 252 252 80 208 161 178
234 196 290 279 72 437 161 212 368 0 67 145 347 116 204 288 160 207 190
167 129 223 212 5 370 94 145 301 67 0 78 280 49 137 221 93 140 123
147 51 203 192 83 350 16 125 281 145 78 0 260 29 117 201 73 120 103
261 311 61 212 285 90 276 239 21 347 280 260 0 231 231 59 187 140 157
118 80 174 163 54 321 45 96 252 116 49 29 231 0 88 172 44 91 74
30 168 174 163 142 321 133 8 252 204 137 117 231 88 0 172 44 91 74
202 252 2 153 226 149 217 180 80 288 221 201 59 172 172 0 128 81 98
74 124 130 119 98 277 89 52 208 160 93 73 187 44 44 128 0 47 30
121 171 83 72 145 230 136 99 161 207 140 120 140 91 91 81 47 0 17
104 154 100 89 128 247 119 82 178 190 123 103 157 74 74 98 30 17 0
