0 231 280 330 319 247 316 196 51 106 198 101 168 84 257 58 260 122 198
231 0 176 252 424 414 355 207 201 191 320 168 9 309 177 164 122 143 55
280 176 0 299 467 481 249 325 281 165 419 294 34 321 154 198 225 216 161
330 252 299 0 546 377 132 115 385 496 434 303 208 296 37 198 199 240 223
319 424 467 546 0 35 515 476 385 104 72 275 334 182 353 231 390 196 397
247 414 481 377 35 0 396 381 265 200 121 176 353 202 391 203 508 323 380
316 355 249 132 515 396 0 178 285 365 373 282 146 354 50 252 79 75 137
196 207 325 115 476 381 178 0 284 361 325 206 185 290 101 96 32 133 128
51 201 281 385 385 265 285 284 0 146 248 17 163 190 288 38 159 164 155
106 191 165 496 104 200 365 361 146 0 175 39 172 16 260 18 307 121 194
198 320 419 434 72 121 373 325 248 175 0 162 256 114 440 107 353 276 297
101 168 294 303 275 176 282 206 17 39 162 0 123 172 101 -104 234 103 94
168 9 34 208 334 353 146 185 163 172 256 123 0 112 175 142 109 47 102
84 309 321 296 182 202 354 290 190 16 114 172 112 0 303 49 240 149 249
257 177 154 37 353 391 50 101 288 260 440 101 175 303 0 122 -53 158 118
58 164 198 198 231 203 252 96 38 18 107 -104 142 49 122 0 119 62 88
260 122 225 199 390 508 79 32 159 307 353 234 109 240 -53 119 0 206 84
122 143 216 240 196 323 75 133 164 121 276 103 47 149 158 62 206 0 15
198 55 161 223 397 380 137 128 155 194 297 94 102 249 118 88 84 15 0
