0 153 164 408 244 403 277 314 493 75 201 273 338 209 10 141 192 119 194
153 0 244 392 134 507 259 309 361 149 299 249 299 254 159 61 142 32 48
164 244 0 276 254 389 114 -38 288 256 207 63 144 102 222 214 122 195 76
408 392 276 0 375 161 232 243 214 434 124 215 -20 171 304 228 119 326 126
244 134 254 375 0 601 329 432 535 203 443 234 255 267 209 11 203 130 142
403 507 389 161 601 0 309 306 122 465 19 329 215 231 493 445 344 392 269
277 259 114 232 329 309 0 164 275 242 117 106 61 -44 344 188 30 136 110
314 309 -38 243 432 306 164 0 272 216 187 -31 262 86 270 148 145 252 35
493 361 288 214 535 122 275 272 0 436 123 262 117 243 427 321 273 361 251
75 149 256 434 203 465 242 216 436 0 348 214 301 253 44 137 234 20 92
201 299 207 124 443 19 117 187 123 348 0 227 15 142 290 394 198 355 110
273 249 63 215 234 329 106 -31 262 214 227 0 124 62 208 215 112 174 38
338 299 144 -20 255 215 61 262 117 301 15 124 0 78 301 254 56 239 126
209 254 102 171 267 231 -44 86 243 253 142 62 78 0 91 188 -7 67 72
10 159 222 304 209 493 344 270 427 44 290 208 301 91 0 119 140 89 98
141 61 214 228 11 445 188 148 321 137 394 215 254 188 119 0 47 54 184
192 142 122 119 203 344 30 145 273 234 198 112 56 -7 140 47 0 99 20
119 32 195 326 130 392 136 252 361 20 355 174 239 67 89 54 99 0 142
194 48 76 126 142 269 110 35 251 92 110 38 126 72 98 184 20 142 0
