0 170 139 487 420 409 181 63 480 378 333 341 371 203 300 63 133 90 144
170 0 239 283 175 283 111 163 479 272 312 314 163 135 16 228 157 124 41
139 239 0 481 320 375 223 166 415 431 361 246 273 269 257 0 203 161 153
487 283 481 0 473 249 183 334 276 151 158 119 202 256 379 281 266 336 297
420 175 320 473 0 417 197 259 438 366 378 361 182 163 144 306 146 150 236
409 283 375 249 417 0 195 327 137 207 -41 149 168 191 284 292 211 203 277
181 111 223 183 197 195 0 121 293 271 184 109 206 5 -6 175 -37 63 31
63 163 166 334 259 327 121 0 310 343 304 196 234 176 196 55 117 -33 163
480 479 415 276 438 137 293 310 0 386 171 235 187 199 328 400 264 289 294
378 272 431 151 366 207 271 343 386 0 164 13 129 254 283 318 302 340 216
333 312 361 158 378 -41 184 304 171 164 0 176 142 132 289 261 240 193 209
341 314 246 119 361 149 109 196 235 13 176 0 32 135 245 299 224 204 196
371 163 273 202 182 168 206 234 187 129 142 32 0 36 162 278 92 155 84
203 135 269 256 163 191 5 176 199 254 132 135 36 0 82 49 -16 69 157
300 16 257 379 144 284 -6 196 328 283 289 245 162 82 0 128 -11 127 100
63 228 0 281 306 292 175 55 400 318 261 299 278 49 128 0 102 -33 58
133 157 203 266 146 211 -37 117 264 302 240 224 92 -16 -11 102 0 123 -20
90 124 161 336 150 203 63 -33 289 340 193 204 155 69 127 -33 123 0 123
144 41 153 297 236 277 31 163 294 216 209 196 84 157 100 58 -20 123 0
