0 201 447 487 425 410 133 325 102 308 113 67 424 336 322 105 284 243 167
201 0 438 478 416 401 108 316 169 299 88 134 415 327 313 96 275 234 158
447 438 0 86 200 371 370 286 415 269 350 380 23 111 283 342 245 204 280
487 478 86 0 240 411 410 326 455 309 390 420 63 151 323 382 285 244 320
425 416 200 240 0 349 348 264 393 247 328 358 177 89 261 320 223 182 258
410 401 371 411 349 0 333 91 378 150 313 343 348 260 88 305 126 167 243
133 108 370 410 348 333 0 248 101 231 20 66 347 259 245 28 207 166 90
325 316 286 326 264 91 248 0 293 65 228 258 263 175 3 220 41 82 158
102 169 415 455 393 378 101 293 0 276 81 35 392 304 290 73 252 211 135
308 299 269 309 247 150 231 65 276 0 211 241 246 158 62 203 24 65 141
113 88 350 390 328 313 20 228 81 211 0 46 327 239 225 8 187 146 70
67 134 380 420 358 343 66 258 35 241 46 0 357 269 255 38 217 176 100
424 415 23 63 177 348 347 263 392 246 327 357 0 88 260 319 222 181 257
336 327 111 151 89 260 259 175 304 158 239 269 88 0 172 231 134 93 169
322 313 283 323 261 88 245 3 290 62 225 255 260 172 0 217 38 79 155
105 96 342 382 320 305 28 220 73 203 8 38 319 231 217 0 179 138 62
284 275 245 285 223 126 207 41 252 24 187 217 222 134 38 179 0 41 117
243 234 204 244 182 167 166 82 211 65 146 176 181 93 79 138 41 0 76
167 158 280 320 258 243 90 158 135 141 70 100 257 169 155 62 117 76 0
