0 82 179 175 148 209 364 296 14 98 254 34 84 157 68 49 165 99 12
82 0 227 184 166 149 295 218 10 30 245 30 17 128 82 88 -87 85 59
179 227 0 309 183 146 320 281 190 318 275 207 221 234 128 163 119 256 226
175 184 309 0 342 268 374 318 121 253 384 133 124 251 250 215 96 167 196
148 166 183 342 0 234 122 115 237 269 19 176 235 149 157 124 172 110 219
209 149 146 268 234 0 205 188 271 194 191 254 120 128 129 121 104 76 120
364 295 320 374 122 205 0 176 202 423 125 298 317 111 260 181 308 190 301
296 218 281 318 115 188 176 0 307 298 16 280 204 70 183 142 227 325 228
14 10 190 121 237 271 202 307 0 24 90 -71 11 202 102 106 14 110 65
98 30 318 253 269 194 423 298 24 0 288 -10 119 309 183 195 76 146 118
254 245 275 384 19 191 125 16 90 288 0 230 149 6 156 111 206 130 145
34 30 207 133 176 254 298 280 -71 -10 230 0 -40 153 20 92 -59 67 69
84 17 221 124 235 120 317 204 11 119 149 -40 0 228 124 147 58 89 61
157 128 234 251 149 128 111 70 202 309 6 153 228 0 38 101 160 150 132
68 82 128 250 157 129 260 183 102 183 156 20 124 38 0 -5 30 133 112
49 88 163 215 124 121 181 142 106 195 111 92 147 101 -5 0 79 -24 69
165 -87 119 96 172 104 308 227 14 76 206 -59 58 160 30 79 0 17 -19
99 85 256 167 110 76 190 325 110 146 130 67 89 150 133 -24 17 0 12
12 59 226 196 219 120 301 228 65 118 145 69 61 132 112 69 -19 12 0
