0 134 410 239 282 353 421 437 142 473 421 100 324 66 343 293 207 149 211
134 0 412 241 284 355 423 439 76 475 423 34 326 68 345 295 209 151 213
410 412 0 235 394 115 245 261 420 297 245 378 86 344 167 117 203 261 323
239 241 235 0 223 178 246 262 249 298 246 207 149 173 168 118 32 90 152
282 284 394 223 0 337 405 421 292 457 405 250 308 216 327 277 191 133 71
353 355 115 178 337 0 188 204 363 240 188 321 29 287 110 60 146 204 266
421 423 245 246 405 188 0 172 431 208 156 389 159 355 78 128 214 272 334
437 439 261 262 421 204 172 0 447 68 16 405 175 371 94 144 230 288 350
142 76 420 249 292 363 431 447 0 483 431 42 334 76 353 303 217 159 221
473 475 297 298 457 240 208 68 483 0 52 441 211 407 130 180 266 324 386
421 423 245 246 405 188 156 16 431 52 0 389 159 355 78 128 214 272 334
100 34 378 207 250 321 389 405 42 441 389 0 292 34 311 261 175 117 179
324 326 86 149 308 29 159 175 334 211 159 292 0 258 81 31 117 175 237
66 68 344 173 216 287 355 371 76 407 355 34 258 0 277 227 141 83 145
343 345 167 168 327 110 78 94 353 130 78 311 81 277 0 50 136 194 256
293 295 117 118 277 60 128 144 303 180 128 261 31 227 50 0 86 144 206
207 209 203 32 191 146 214 230 217 266 214 175 117 141 136 86 0 58 120
149 151 261 90 133 204 272 288 159 324 272 117 175 83 194 144 58 0 62
211 213 323 152 71 266 334 350 221 386 334 179 237 145 256 206 120 62 0
