0 357 371 205 337 467 450 178 326 273 297 218 209 185 161 217 82 173 123
357 0 104 390 341 420 427 441 274 176 412 191 -92 195 254 153 303 138 136
371 104 0 361 261 371 378 483 359 196 277 276 59 248 351 161 187 131 211
205 390 361 0 453 522 462 136 360 369 412 342 287 279 6 361 126 175 176
337 341 261 453 0 293 235 462 88 52 225 46 244 79 424 58 353 209 202
467 420 371 522 293 0 108 465 300 160 -20 222 336 151 377 180 349 233 237
450 427 378 462 235 108 0 493 250 277 39 166 270 213 435 119 340 303 232
178 441 483 136 462 465 493 0 488 314 358 320 298 307 11 454 119 171 213
326 274 359 360 88 300 250 488 0 98 152 58 224 190 374 61 312 57 178
273 176 196 369 52 160 277 314 98 0 215 91 149 -4 285 1 178 77 -7
297 412 277 412 225 -20 39 358 152 215 0 57 176 28 384 94 259 181 179
218 191 276 342 46 222 166 320 58 91 57 0 174 -28 233 -34 227 72 164
209 -92 59 287 244 336 270 298 224 149 176 174 0 164 337 172 175 96 35
185 195 248 279 79 151 213 307 190 -4 28 -28 164 0 301 -58 195 62 112
161 254 351 6 424 377 435 11 374 285 384 233 337 301 0 285 117 182 189
217 153 161 361 58 180 119 454 61 1 94 -34 172 -58 285 0 204 -70 84
82 303 187 126 353 349 340 119 312 178 259 227 175 195 117 204 0 108 87
173 138 131 175 209 233 303 171 57 77 181 72 96 62 182 -70 108 0 -3
123 136 211 176 202 237 232 213 178 -7 179 164 35 112 189 84 87 -3 0
