0 240 210 333 229 356 170 4 258 212 181 212 235 151 -23 219 98 118 150
240 0 239 218 123 332 109 185 327 215 212 33 299 141 126 284 115 131 139
210 239 0 216 267 108 270 154 166 328 241 106 122 179 152 47 200 76 68
333 218 216 0 261 320 210 249 256 198 116 194 229 204 113 126 74 75 59
229 123 267 261 0 338 56 178 393 65 -36 54 307 116 225 278 126 144 70
356 332 108 320 338 0 301 358 116 402 352 401 59 291 294 128 407 221 361
170 109 270 210 56 301 0 99 323 116 78 22 292 85 85 267 187 190 184
4 185 154 249 178 358 99 0 229 227 229 222 230 63 -4 312 127 118 52
258 327 166 256 393 116 323 229 0 327 213 247 79 282 175 112 203 176 96
212 215 328 198 65 402 116 227 327 0 29 147 345 186 161 303 67 205 252
181 212 241 116 -36 352 78 229 213 29 0 108 354 69 113 139 28 131 117
212 33 106 194 54 401 22 222 247 147 108 0 240 39 117 219 145 24 120
235 299 122 229 307 59 292 230 79 345 354 240 0 202 241 51 272 130 183
151 141 179 204 116 291 85 63 282 186 69 39 202 0 127 277 97 91 96
-23 126 152 113 225 294 85 -4 175 161 113 117 241 127 0 244 115 93 56
219 284 47 126 278 128 267 312 112 303 139 219 51 277 244 0 10 132 153
98 115 200 74 126 407 187 127 203 67 28 145 272 97 115 10 0 -76 10
118 131 76 75 144 221 190 118 176 205 131 24 130 91 93 132 -76 0 59
150 139 68 59 70 361 184 52 96 252 117 120 183 96 56 153 10 59 0
