0 332 290 213 256 256 102 180 187 294 154 293 247 89 223 184 153 28 69
332 0 176 239 220 142 378 456 213 40 180 39 133 365 109 148 179 304 263
290 176 0 197 178 52 336 414 171 138 138 137 43 323 67 106 137 262 221
213 239 197 0 163 163 259 337 92 201 59 200 154 246 130 91 60 185 144
256 220 178 163 0 144 302 380 137 182 104 181 135 289 111 72 103 228 187
256 142 52 163 144 0 302 380 137 104 104 103 9 289 33 72 103 228 187
102 378 336 259 302 302 0 104 233 340 200 339 293 13 269 230 199 74 115
180 456 414 337 380 380 104 0 311 418 278 417 371 91 347 308 277 152 193
187 213 171 92 137 137 233 311 0 175 33 174 128 220 104 65 34 159 118
294 40 138 201 182 104 340 418 175 0 142 1 95 327 71 110 141 266 225
154 180 138 59 104 104 200 278 33 142 0 141 95 187 71 32 1 126 85
293 39 137 200 181 103 339 417 174 1 141 0 94 326 70 109 140 265 224
247 133 43 154 135 9 293 371 128 95 95 94 0 280 24 63 94 219 178
89 365 323 246 289 289 13 91 220 327 187 326 280 0 256 217 186 61 102
223 109 67 130 111 33 269 347 104 71 71 70 24 256 0 39 70 195 154
184 148 106 91 72 72 230 308 65 110 32 109 63 217 39 0 31 156 115
153 179 137 60 103 103 199 277 34 141 1 140 94 186 70 31 0 125 84
28 304 262 185 228 228 74 152 159 266 126 265 219 61 195 156 125 0 41
69 263 221 144 187 187 115 193 118 225 85 224 178 102 154 115 84 41 0
