0 329 252 262 331 363 269 374 250 176 244 292 281 87 82 260 65 172 200
329 0 113 166 416 301 78 281 383 359 226 277 289 306 144 21 6 133 224
252 113 0 95 354 276 108 296 254 374 190 321 -55 284 168 55 -20 141 21
262 166 95 0 513 426 88 346 475 473 287 433 112 291 267 96 102 187 235
331 416 354 513 0 552 461 534 277 172 465 12 345 238 209 392 310 244 512
363 301 276 426 552 0 332 77 476 477 136 514 341 396 357 328 255 300 227
269 78 108 88 461 332 0 318 237 410 337 342 45 199 179 13 109 10 245
374 281 296 346 534 77 318 0 390 577 -31 441 346 373 337 280 216 154 31
250 383 254 475 277 476 237 390 0 143 407 111 212 -39 38 175 173 261 348
176 359 374 473 172 477 410 577 143 0 390 -17 257 98 153 371 326 265 389
244 226 190 287 465 136 337 -31 407 390 0 345 329 348 252 278 158 86 168
292 277 321 433 12 514 342 441 111 -17 345 0 366 44 86 297 210 243 296
281 289 -55 112 345 341 45 346 212 257 329 366 0 243 142 58 51 89 190
87 306 284 291 238 396 199 373 -39 98 348 44 243 0 114 242 271 156 265
82 144 168 267 209 357 179 337 38 153 252 86 142 114 0 157 99 179 158
260 21 55 96 392 328 13 280 175 371 278 297 58 242 157 0 44 -4 197
65 6 -20 102 310 255 109 216 173 326 158 210 51 271 99 44 0 124 36
172 133 141 187 244 300 10 154 261 265 86 243 89 156 179 -4 124 0 173
200 224 21 235 512 227 245 31 348 389 168 296 190 265 158 197 36 173 0
