0 181 188 92 264 146 252 237 152 262 113 58 157 172 154 135 84 80 122
181 0 209 113 175 211 273 104 217 173 178 123 24 83 175 46 105 101 59
188 209 0 112 292 218 132 265 224 290 185 130 185 200 34 163 104 108 150
92 113 112 0 196 122 176 169 128 194 89 34 89 104 78 67 8 12 54
264 175 292 196 0 294 356 231 300 182 261 206 151 92 258 129 188 184 142
146 211 218 122 294 0 282 267 72 292 33 88 187 202 184 165 114 110 152
252 273 132 176 356 282 0 329 288 354 249 194 249 264 98 227 168 172 214
237 104 265 169 231 267 329 0 273 229 234 179 80 139 231 102 161 157 115
152 217 224 128 300 72 288 273 0 298 39 94 193 208 190 171 120 116 158
262 173 290 194 182 292 354 229 298 0 259 204 149 90 256 127 186 182 140
113 178 185 89 261 33 249 234 39 259 0 55 154 169 151 132 81 77 119
58 123 130 34 206 88 194 179 94 204 55 0 99 114 96 77 26 22 64
157 24 185 89 151 187 249 80 193 149 154 99 0 59 151 22 81 77 35
172 83 200 104 92 202 264 139 208 90 169 114 59 0 166 37 96 92 50
154 175 34 78 258 184 98 231 190 256 151 96 151 166 0 129 70 74 116
135 46 163 67 129 165 227 102 171 127 132 77 22 37 129 0 59 55 13
84 105 104 8 188 114 168 161 120 186 81 26 81 96 70 59 0 4 46
80 101 108 12 184 110 172 157 116 182 77 22 77 92 74 55 4 0 42
122 59 150 54 142 152 214 115 158 140 119 64 35 50 116 13 46 42 0
