0 189 329 76 333 38 298 134 345 365 248 286 223 158 157 24 118 31 117
189 0 202 217 206 165 173 87 220 240 121 161 98 31 32 165 71 158 72
329 202 0 357 166 305 313 227 360 380 81 301 238 171 172 305 211 298 212
76 217 357 0 361 66 326 162 373 393 276 314 251 186 185 52 146 59 145
333 206 166 361 0 309 317 231 364 384 85 305 242 175 176 309 215 302 216
38 165 305 66 309 0 274 110 321 341 224 262 199 134 133 14 94 7 93
298 173 313 326 317 274 0 196 197 217 232 138 75 142 141 274 180 267 181
134 87 227 162 231 110 196 0 243 263 146 184 121 56 55 110 16 103 17
345 220 360 373 364 321 197 243 0 138 279 59 122 189 188 321 227 314 228
365 240 380 393 384 341 217 263 138 0 299 79 142 209 208 341 247 334 248
248 121 81 276 85 224 232 146 279 299 0 220 157 90 91 224 130 217 131
286 161 301 314 305 262 138 184 59 79 220 0 63 130 129 262 168 255 169
223 98 238 251 242 199 75 121 122 142 157 63 0 67 66 199 105 192 106
158 31 171 186 175 134 142 56 189 209 90 130 67 0 1 134 40 127 41
157 32 172 185 176 133 141 55 188 208 91 129 66 1 0 133 39 126 40
24 165 305 52 309 14 274 110 321 341 224 262 199 134 133 0 94 7 93
118 71 211 146 215 94 180 16 227 247 130 168 105 40 39 94 0 87 1
31 158 298 59 302 7 267 103 314 334 217 255 192 127 126 7 87 0 86
117 72 212 145 216 93 181 17 228 248 131 169 106 41 40 93 1 86 0
