0 129 199 38 185 238 255 297 159 244 310 162 210 80 167 58 12 84 151
129 0 220 55 174 315 290 392 374 389 436 252 278 4 237 253 46 -45 -7
199 220 0 193 351 227 214 309 264 285 280 210 235 184 53 111 70 156 245
38 55 193 0 146 300 271 516 315 365 359 288 270 -7 249 243 40 41 66
185 174 351 146 0 405 326 350 532 479 364 424 355 57 305 258 217 29 178
238 315 227 300 405 0 131 89 9 173 51 113 7 332 15 95 220 317 285
255 290 214 271 326 131 0 166 86 330 148 64 229 261 -76 83 171 267 302
297 392 309 516 350 89 166 0 136 81 27 66 27 295 125 184 329 318 421
159 374 264 315 532 9 86 136 0 195 120 92 103 364 113 146 240 359 335
244 389 285 365 479 173 330 81 195 0 11 88 114 462 164 210 288 356 413
310 436 280 359 364 51 148 27 120 11 0 31 26 408 159 68 279 306 390
162 252 210 288 424 113 64 66 92 88 31 0 -26 412 137 153 182 304 393
210 278 235 270 355 7 229 27 103 114 26 -26 0 252 37 138 159 297 255
80 4 184 -7 57 332 261 295 364 462 408 412 252 0 220 181 50 -7 -83
167 237 53 249 305 15 -76 125 113 164 159 137 37 220 0 4 162 270 220
58 253 111 243 258 95 83 184 146 210 68 153 138 181 4 0 91 117 180
12 46 70 40 217 220 171 329 240 288 279 182 159 50 162 91 0 -26 55
84 -45 156 41 29 317 267 318 359 356 306 304 297 -7 270 117 -26 0 30
151 -7 245 66 178 285 302 421 335 413 390 393 255 -83 220 180 55 30 0
