0 270 343 373 82 339 381 267 287 249 241 228 207 24 332 119 288 210 157
270 0 193 223 304 153 231 299 101 281 55 42 239 246 182 151 138 60 113
343 193 0 140 377 262 60 372 210 354 164 151 312 319 11 224 55 133 186
373 223 140 0 407 292 178 402 240 384 194 181 342 349 129 254 85 163 216
82 304 377 407 0 373 415 301 321 283 275 262 241 58 366 153 322 244 191
339 153 262 292 373 0 300 368 144 350 98 111 308 315 251 220 207 129 182
381 231 60 178 415 300 0 410 248 392 202 189 350 357 49 262 93 171 224
267 299 372 402 301 368 410 0 316 102 270 257 60 243 361 148 317 239 186
287 101 210 240 321 144 248 316 0 298 46 59 256 263 199 168 155 77 130
249 281 354 384 283 350 392 102 298 0 252 239 42 225 343 130 299 221 168
241 55 164 194 275 98 202 270 46 252 0 13 210 217 153 122 109 31 84
228 42 151 181 262 111 189 257 59 239 13 0 197 204 140 109 96 18 71
207 239 312 342 241 308 350 60 256 42 210 197 0 183 301 88 257 179 126
24 246 319 349 58 315 357 243 263 225 217 204 183 0 308 95 264 186 133
332 182 11 129 366 251 49 361 199 343 153 140 301 308 0 213 44 122 175
119 151 224 254 153 220 262 148 168 130 122 109 88 95 213 0 169 91 38
288 138 55 85 322 207 93 317 155 299 109 96 257 264 44 169 0 78 131
210 60 133 163 244 129 171 239 77 221 31 18 179 186 122 91 78 0 53
157 113 186 216 191 182 224 186 130 168 84 71 126 133 175 38 131 53 0
