0 277 356 198 248 280 182 209 245 366 145 227 148 183 134 189 161 56 189
277 0 343 415 382 293 170 389 240 480 311 408 229 47 220 300 289 110 220
356 343 0 254 216 144 512 222 470 309 93 211 408 302 85 94 146 274 125
198 415 254 0 235 140 348 383 557 128 115 31 335 151 46 19 135 201 93
248 382 216 235 0 137 331 92 426 203 66 53 364 216 85 189 82 118 113
280 293 144 140 137 0 398 215 450 305 119 165 414 180 62 -32 48 254 131
182 170 512 348 331 398 0 340 80 555 224 480 18 158 220 261 252 195 292
209 389 222 383 92 215 340 0 436 266 23 159 446 341 142 246 100 220 119
245 240 470 557 426 450 80 436 0 485 383 351 89 109 395 390 336 203 483
366 480 309 128 203 305 555 266 485 0 218 87 444 424 215 210 208 270 178
145 311 93 115 66 119 224 23 383 218 0 119 314 216 -67 66 27 135 28
227 408 211 31 53 165 480 159 351 87 119 0 377 223 40 125 174 206 90
148 229 408 335 364 414 18 446 89 444 314 377 0 111 385 379 260 164 231
183 47 302 151 216 180 158 341 109 424 216 223 111 0 181 272 217 24 83
134 220 85 46 85 62 220 142 395 215 -67 40 385 181 0 27 14 75 46
189 300 94 19 189 -32 261 246 390 210 66 125 379 272 27 0 130 156 -18
161 289 146 135 82 48 252 100 336 208 27 174 260 217 14 130 0 104 44
56 110 274 201 118 254 195 220 203 270 135 206 164 24 75 156 104 0 107
189 220 125 93 113 131 292 119 483 178 28 90 231 83 46 -18 44 107 0
