0 340 383 154 443 393 392 443 284 348 272 386 313 313 147 350 222 278 249
340 0 227 267 76 469 336 245 421 161 343 141 194 209 329 5 209 19 253
383 227 0 382 187 467 383 213 431 218 386 21 -20 292 290 309 242 229 322
154 267 382 0 348 324 209 251 232 287 327 226 299 261 13 227 78 229 78
443 76 187 348 0 478 338 281 491 242 426 217 201 361 380 1 177 105 145
393 469 467 324 478 0 186 490 222 475 76 354 276 70 265 422 201 341 222
392 336 383 209 338 186 0 382 107 332 74 415 368 22 214 312 207 269 178
443 245 213 251 281 490 382 0 426 174 435 149 126 251 372 271 206 1 268
284 421 431 232 491 222 107 426 0 455 125 323 327 83 220 380 60 329 213
348 161 218 287 242 475 332 174 455 0 329 58 110 391 376 219 141 9 162
272 343 386 327 426 76 74 435 125 329 0 269 332 39 291 395 88 259 244
386 141 21 226 217 354 415 149 323 58 269 0 95 241 238 144 159 106 186
313 194 -20 299 201 276 368 126 327 110 332 95 0 282 223 142 118 112 68
313 209 292 261 361 70 22 251 83 391 39 241 282 0 257 349 83 248 102
147 329 290 13 380 265 214 372 220 376 291 238 223 257 0 341 68 146 101
350 5 309 227 1 422 312 271 380 219 395 144 142 349 341 0 179 24 126
222 209 242 78 177 201 207 206 60 141 88 159 118 83 68 179 0 61 63
278 19 229 229 105 341 269 1 329 9 259 106 112 248 146 24 61 0 -64
249 253 322 78 145 222 178 268 213 162 244 186 68 102 101 126 63 -64 0
