0 148 172 287 266 316 280 328 320 123 309 232 223 54 204 104 202 74 120
148 0 112 287 266 316 280 328 320 163 309 232 223 94 204 44 202 74 120
172 112 0 311 290 340 304 352 344 187 333 256 247 118 228 68 226 98 144
287 287 311 0 149 157 159 211 161 302 150 115 64 233 83 243 85 213 167
266 266 290 149 0 178 142 130 182 281 171 34 85 212 66 222 64 192 146
316 316 340 157 178 0 188 240 18 331 7 144 93 262 112 272 114 242 196
280 280 304 159 142 188 0 204 192 295 181 108 95 226 76 236 78 206 160
328 328 352 211 130 240 204 0 244 343 233 96 147 274 128 284 126 254 208
320 320 344 161 182 18 192 244 0 335 11 148 97 266 116 276 118 246 200
123 163 187 302 281 331 295 343 335 0 324 247 238 69 219 119 217 89 135
309 309 333 150 171 7 181 233 11 324 0 137 86 255 105 265 107 235 189
232 232 256 115 34 144 108 96 148 247 137 0 51 178 32 188 30 158 112
223 223 247 64 85 93 95 147 97 238 86 51 0 169 19 179 21 149 103
54 94 118 233 212 262 226 274 266 69 255 178 169 0 150 50 148 20 66
204 204 228 83 66 112 76 128 116 219 105 32 19 150 0 160 2 130 84
104 44 68 243 222 272 236 284 276 119 265 188 179 50 160 0 158 30 76
202 202 226 85 64 114 78 126 118 217 107 30 21 148 2 158 0 128 82
74 74 98 213 192 242 206 254 246 89 235 158 149 20 130 30 128 0 46
120 120 144 167 146 196 160 208 200 135 189 112 103 66 84 76 82 46 0
