0 309 271 137 119 361 331 31 235 278 323 201 184 265 -6 258 50 160 73
309 0 50 466 195 344 301 367 229 168 246 189 5 82 315 183 190 72 165
271 50 0 379 52 321 228 273 224 172 187 89 28 44 336 93 281 143 250
137 466 379 0 350 495 389 113 470 294 374 274 343 276 116 317 172 358 172
119 195 52 350 0 280 194 309 150 107 54 31 98 78 284 75 183 25 167
361 344 321 495 280 0 122 375 313 203 150 206 314 124 354 138 374 122 224
331 301 228 389 194 122 0 355 208 129 40 102 259 153 372 58 327 98 173
31 367 273 113 309 375 355 0 392 248 359 303 256 276 -23 220 -4 199 153
235 229 224 470 150 313 208 392 0 186 183 17 146 33 231 23 199 85 120
278 168 172 294 107 203 129 248 186 0 209 26 54 31 247 0 228 17 118
323 246 187 374 54 150 40 359 183 209 0 106 106 43 272 60 369 61 215
201 189 89 274 31 206 102 303 17 26 106 0 -29 23 237 -5 234 -8 53
184 5 28 343 98 314 259 256 146 54 106 -29 0 48 334 45 290 96 47
265 82 44 276 78 124 153 276 33 31 43 23 48 0 270 67 187 24 136
-6 315 336 116 284 354 372 -23 231 247 272 237 334 270 0 275 50 171 134
258 183 93 317 75 138 58 220 23 0 60 -5 45 67 275 0 271 16 86
50 190 281 172 183 374 327 -4 199 228 369 234 290 187 50 271 0 105 33
160 72 143 358 25 122 98 199 85 17 61 -8 96 24 171 16 105 0 144
73 165 250 172 167 224 173 153 120 118 215 53 47 136 134 86 33 144 0
