0 267 149 225 95 401 274 395 366 342 296 193 90 3 305 33 30 208 111
267 0 303 316 425 65 208 439 500 436 -47 59 248 174 511 333 127 431 241
149 303 0 116 191 188 261 218 278 328 266 115 115 39 304 162 144 128 122
225 316 116 0 171 270 300 450 428 343 196 149 46 64 343 61 143 235 114
95 425 191 171 0 275 270 349 394 234 272 308 81 18 259 104 99 262 100
401 65 188 270 275 0 180 530 486 475 -13 223 314 239 488 268 260 435 241
274 208 261 300 270 180 0 504 433 390 214 87 231 175 407 125 187 408 284
395 439 218 450 349 530 504 0 44 186 460 310 316 437 -45 238 228 125 205
366 500 278 428 394 486 433 44 0 274 498 285 332 357 -27 279 360 105 178
342 436 328 343 234 475 390 186 274 0 391 359 218 282 100 197 152 48 223
296 -47 266 196 272 -13 214 460 498 391 0 156 234 161 393 186 250 439 225
193 59 115 149 308 223 87 310 285 359 156 0 166 43 318 45 123 250 149
90 248 115 46 81 314 231 316 332 218 234 166 0 -37 254 -4 29 188 146
3 174 39 64 18 239 175 437 357 282 161 43 -37 0 231 -52 11 203 154
305 511 304 343 259 488 407 -45 -27 100 393 318 254 231 0 281 200 154 235
33 333 162 61 104 268 125 238 279 197 186 45 -4 -52 281 0 109 181 73
30 127 144 143 99 260 187 228 360 152 250 123 29 11 200 109 0 209 28
208 431 128 235 262 435 408 125 105 48 439 250 188 203 154 181 209 0 62
111 241 122 114 100 241 284 205 178 223 225 149 146 154 235 73 28 62 0
