0 205 273 293 273 265 139 245 150 241 162 243 131 67 263 269 172 104 46
205 0 159 279 228 310 144 251 36 273 245 189 81 103 179 117 228 122 131
273 159 0 263 136 87 232 194 214 153 170 109 251 254 112 45 24 230 120
293 279 263 0 173 174 318 173 259 106 113 3 253 200 12 177 189 173 143
273 228 136 173 0 200 302 70 379 258 -38 64 257 203 26 90 122 71 139
265 310 87 174 200 0 287 143 303 123 134 235 266 242 142 84 123 142 175
139 144 232 318 302 287 0 358 121 256 209 244 19 95 289 219 174 163 150
245 251 194 173 70 143 358 0 257 119 45 113 261 140 114 187 131 123 216
150 36 214 259 379 303 121 257 0 326 251 266 110 159 226 188 71 123 147
241 273 153 106 258 123 256 119 326 0 48 106 224 191 58 102 101 88 104
162 245 170 113 -38 134 209 45 251 48 0 -37 131 117 -16 43 -28 175 76
243 189 109 3 64 235 244 113 266 106 -37 0 175 89 -36 128 55 168 60
131 81 251 253 257 266 19 261 110 224 131 175 0 88 109 78 101 37 102
67 103 254 200 203 242 95 140 159 191 117 89 88 0 77 161 29 23 96
263 179 112 12 26 142 289 114 226 58 -16 -36 109 77 0 96 66 134 87
269 117 45 177 90 84 219 187 188 102 43 128 78 161 96 0 74 23 118
172 228 24 189 122 123 174 131 71 101 -28 55 101 29 66 74 0 110 56
104 122 230 173 71 142 163 123 123 88 175 168 37 23 134 23 110 0 58
46 131 120 143 139 175 150 216 147 104 76 60 102 96 87 118 56 58 0
