0 164 166 426 195 347 490 200 298 122 280 196 285 294 99 109 219 81 153
164 0 62 436 338 357 417 352 392 205 408 272 316 256 127 53 377 132 153
166 62 0 387 250 499 420 304 404 89 446 245 269 250 137 52 132 104 106
426 436 387 0 254 63 314 268 133 456 34 184 73 110 285 366 217 308 310
195 338 250 254 0 350 176 83 194 367 176 -62 178 70 177 267 39 149 208
347 357 499 63 350 0 246 196 108 443 98 175 135 105 372 389 231 344 299
490 417 420 314 176 246 0 262 246 412 40 170 94 23 202 369 64 271 212
200 352 304 268 83 196 262 0 252 333 266 -2 269 177 162 195 107 198 249
298 392 404 133 194 108 246 252 0 333 126 246 34 154 229 320 15 297 190
122 205 89 456 367 443 412 333 333 0 327 275 266 359 95 100 175 65 74
280 408 446 34 176 98 40 266 126 327 0 186 -13 12 249 316 221 244 274
196 272 245 184 -62 175 170 -2 246 275 186 0 168 65 223 179 32 91 58
285 316 269 73 178 135 94 269 34 266 -13 168 0 40 192 246 166 249 203
294 256 250 110 70 105 23 177 154 359 12 65 40 0 280 275 63 95 160
99 127 137 285 177 372 202 162 229 95 249 223 192 280 0 0 106 -70 45
109 53 52 366 267 389 369 195 320 100 316 179 246 275 0 0 235 5 17
219 377 132 217 39 231 64 107 15 175 221 32 166 63 106 235 0 81 -3
81 132 104 308 149 344 271 198 297 65 244 91 249 95 -70 5 81 0 13
153 153 106 310 208 299 212 249 190 74 274 58 203 160 45 17 -3 13 0
