0 309 407 220 370 219 237 298 127 321 292 235 148 186 82 279 196 108 283
309 0 152 291 273 328 87 144 229 223 229 218 324 33 119 184 55 39 124
407 152 0 329 156 417 205 363 370 291 334 44 353 188 171 237 237 185 259
220 291 329 0 320 386 285 74 297 270 -37 279 259 114 199 198 160 11 89
370 273 156 320 0 345 157 380 298 250 291 70 318 237 336 324 181 163 246
219 328 417 386 345 0 233 408 54 327 364 277 15 267 62 285 196 207 267
237 87 205 285 157 233 0 224 195 -48 231 144 243 41 115 21 47 36 64
298 144 363 74 380 408 224 0 302 206 53 337 239 198 207 262 167 150 110
127 229 370 297 298 54 195 302 0 212 308 304 30 252 60 120 168 163 275
321 223 291 270 250 327 -48 206 212 0 254 139 258 40 256 22 58 166 92
292 229 334 -37 291 364 231 53 308 254 0 228 280 47 204 143 156 96 -10
235 218 44 279 70 277 144 337 304 139 228 0 260 60 221 212 145 144 186
148 324 353 259 318 15 243 239 30 258 280 260 0 164 97 210 107 128 192
186 33 188 114 237 267 41 198 252 40 47 60 164 0 19 31 -24 -1 224
82 119 171 199 336 62 115 207 60 256 204 221 97 19 0 145 29 45 238
279 184 237 198 324 285 21 262 120 22 143 212 210 31 145 0 87 106 193
196 55 237 160 181 196 47 167 168 58 156 145 107 -24 29 87 0 -61 157
108 39 185 11 163 207 36 150 163 166 96 144 128 -1 45 106 -61 0 143
283 124 259 89 246 267 64 110 275 92 -10 186 192 224 238 193 157 143 0
