0 446 41 352 360 431 277 158 453 501 378 421 328 268 289 6 191 69 133
446 0 475 416 424 221 187 466 243 105 168 25 118 178 353 440 255 377 313
41 475 0 381 389 460 306 187 482 530 407 450 357 297 318 35 220 98 162
352 416 381 0 134 401 247 372 423 471 348 391 298 238 63 346 161 283 219
360 424 389 134 0 409 255 380 431 479 356 399 306 246 71 354 169 291 227
431 221 460 401 409 0 172 451 128 276 53 196 103 163 338 425 240 362 298
277 187 306 247 255 172 0 297 194 242 119 162 69 9 184 271 86 208 144
158 466 187 372 380 451 297 0 473 521 398 441 348 288 309 152 211 89 153
453 243 482 423 431 128 194 473 0 298 75 218 125 185 360 447 262 384 320
501 105 530 471 479 276 242 521 298 0 223 80 173 233 408 495 310 432 368
378 168 407 348 356 53 119 398 75 223 0 143 50 110 285 372 187 309 245
421 25 450 391 399 196 162 441 218 80 143 0 93 153 328 415 230 352 288
328 118 357 298 306 103 69 348 125 173 50 93 0 60 235 322 137 259 195
268 178 297 238 246 163 9 288 185 233 110 153 60 0 175 262 77 199 135
289 353 318 63 71 338 184 309 360 408 285 328 235 175 0 283 98 220 156
6 440 35 346 354 425 271 152 447 495 372 415 322 262 283 0 185 63 127
191 255 220 161 169 240 86 211 262 310 187 230 137 77 98 185 0 122 58
69 377 98 283 291 362 208 89 384 432 309 352 259 199 220 63 122 0 64
133 313 162 219 227 298 144 153 320 368 245 288 195 135 156 127 58 64 0
