0 270 357 340 438 127 454 455 130 177 42 372 102 348 251 111 203 296 352
270 0 221 108 302 175 318 319 316 243 228 236 168 212 19 159 67 160 216
357 221 0 291 203 262 115 116 403 330 315 33 255 9 202 246 154 61 117
340 108 291 0 372 245 388 389 386 313 298 306 238 282 89 229 137 230 286
438 302 203 372 0 343 300 301 484 411 396 218 336 194 283 327 235 142 86
127 175 262 245 343 0 359 360 173 100 85 277 25 253 156 16 108 201 257
454 318 115 388 300 359 0 165 500 427 412 82 352 106 299 343 251 158 214
455 319 116 389 301 360 165 0 501 428 413 83 353 107 300 344 252 159 215
130 316 403 386 484 173 500 501 0 223 88 418 148 394 297 157 249 342 398
177 243 330 313 411 100 427 428 223 0 135 345 75 321 224 84 176 269 325
42 228 315 298 396 85 412 413 88 135 0 330 60 306 209 69 161 254 310
372 236 33 306 218 277 82 83 418 345 330 0 270 24 217 261 169 76 132
102 168 255 238 336 25 352 353 148 75 60 270 0 246 149 9 101 194 250
348 212 9 282 194 253 106 107 394 321 306 24 246 0 193 237 145 52 108
251 19 202 89 283 156 299 300 297 224 209 217 149 193 0 140 48 141 197
111 159 246 229 327 16 343 344 157 84 69 261 9 237 140 0 92 185 241
203 67 154 137 235 108 251 252 249 176 161 169 101 145 48 92 0 93 149
296 160 61 230 142 201 158 159 342 269 254 76 194 52 141 185 93 0 56
352 216 117 286 86 257 214 215 398 325 310 132 250 108 197 241 149 56 0
