0 288 307 304 241 267 107 161 147 331 209 350 230 99 192 143 45 -36 134
288 0 190 280 239 159 441 463 126 -22 261 52 294 454 52 121 142 307 329
307 190 0 199 141 102 277 377 188 117 124 92 89 320 33 63 207 230 251
304 280 199 0 126 198 251 264 119 248 61 177 83 221 169 118 121 153 110
241 239 141 126 0 138 287 414 111 238 17 227 173 320 87 79 18 361 220
267 159 102 198 138 0 257 410 131 100 131 118 -43 346 24 101 66 265 180
107 441 277 251 287 257 0 121 309 381 236 322 324 -40 306 311 207 -6 30
161 463 377 264 414 410 121 0 388 393 177 456 442 116 367 341 260 168 174
147 126 188 119 111 131 309 388 0 140 90 163 166 103 55 122 73 191 138
331 -22 117 248 238 100 381 393 140 0 196 29 115 293 56 195 87 308 287
209 261 124 61 17 131 236 177 90 196 0 152 111 212 110 -82 1 34 -11
350 52 92 177 227 118 322 456 163 29 152 0 -7 356 69 186 113 146 203
230 294 89 83 173 -43 324 442 166 115 111 -7 0 316 36 -57 165 230 113
99 454 320 221 320 346 -40 116 103 293 212 356 316 0 318 320 263 59 79
192 52 33 169 87 24 306 367 55 56 110 69 36 318 0 -21 71 163 74
143 121 63 118 79 101 311 341 122 195 -82 186 -57 320 -21 0 72 148 109
45 142 207 121 18 66 207 260 73 87 1 113 165 263 71 72 0 158 153
-36 307 230 153 361 265 -6 168 191 308 34 146 230 59 163 148 158 0 12
134 329 251 110 220 180 30 174 138 287 -11 203 113 79 74 109 153 12 0
