0 259 271 314 402 478 305 224 412 134 382 373 333 181 249 185 153 186 329
259 0 129 251 345 444 230 306 348 317 343 150 224 110 212 51 126 39 176
271 129 0 266 222 296 282 288 367 191 392 92 169 143 194 16 192 148 142
314 251 266 0 206 92 115 93 107 285 103 144 22 268 69 230 112 171 171
402 345 222 206 0 271 155 37 303 327 177 55 132 185 126 279 128 163 65
478 444 296 92 271 0 182 253 39 351 41 261 149 374 178 448 196 251 149
305 230 282 115 155 182 0 205 256 242 262 241 23 293 138 179 177 188 135
224 306 288 93 37 253 205 0 243 185 294 -28 168 259 120 269 61 224 144
412 348 367 107 303 39 256 243 0 401 17 224 24 213 57 360 117 264 210
134 317 191 285 327 351 242 185 401 0 311 194 230 88 245 89 206 136 248
382 343 392 103 177 41 262 294 17 311 0 221 108 269 178 273 110 229 151
373 150 92 144 55 261 241 -28 224 194 221 0 111 145 30 132 95 141 109
333 224 169 22 132 149 23 168 24 230 108 111 0 183 66 110 95 97 64
181 110 143 268 185 374 293 259 213 88 269 145 183 0 77 81 100 25 128
249 212 194 69 126 178 138 120 57 245 178 30 66 77 0 172 -15 90 61
185 51 16 230 279 448 179 269 360 89 273 132 110 81 172 0 174 15 183
153 126 192 112 128 196 177 61 117 206 110 95 95 100 -15 174 0 18 7
186 39 148 171 163 251 188 224 264 136 229 141 97 25 90 15 18 0 122
329 176 142 171 65 149 135 144 210 248 151 109 64 128 61 183 7 122 0
