0 107 168 174 138 255 232 176 153 210 193 92 168 219 167 121 44 108 86
107 0 163 191 249 380 343 178 170 112 149 38 -15 233 174 121 87 128 100
168 163 0 222 175 249 196 196 310 391 115 181 242 244 161 171 109 179 144
174 191 222 0 169 272 95 189 333 354 136 288 304 229 249 153 100 104 52
138 249 175 169 0 163 41 121 259 298 42 267 217 9 35 42 191 45 63
255 380 249 272 163 0 240 189 213 387 161 304 320 221 101 101 148 195 291
232 343 196 95 41 240 0 60 197 343 -34 214 301 88 222 139 249 133 155
176 178 196 189 121 189 60 0 306 271 69 287 223 131 130 154 241 91 115
153 170 310 333 259 213 197 306 0 108 285 46 16 285 335 156 61 207 181
210 112 391 354 298 387 343 271 108 0 240 75 45 303 278 220 99 192 243
193 149 115 136 42 161 -34 69 285 240 0 222 255 -106 63 47 142 123 196
92 38 181 288 267 304 214 287 46 75 222 0 -91 205 101 210 56 130 140
168 -15 242 304 217 320 301 223 16 45 255 -91 0 170 298 108 44 136 180
219 233 244 229 9 221 88 131 285 303 -106 205 170 0 74 12 79 60 90
167 174 161 249 35 101 222 130 335 278 63 101 298 74 0 58 95 -40 61
121 121 171 153 42 101 139 154 156 220 47 210 108 12 58 0 89 42 82
44 87 109 100 191 148 249 241 61 99 142 56 44 79 95 89 0 -12 107
108 128 179 104 45 195 133 91 207 192 123 130 136 60 -40 42 -12 0 58
86 100 144 52 63 291 155 115 181 243 196 140 180 90 61 82 107 58 0
