0 147 327 419 341 250 173 261 443 245 287 42 48 183 291 234 346 300 273
147 0 350 358 330 389 80 264 452 187 390 60 142 291 427 266 318 318 262
327 350 0 60 196 4 225 202 51 183 7 404 224 160 33 116 17 94 59
419 358 60 0 200 101 278 122 118 200 81 474 159 240 37 167 118 132 106
341 330 196 200 0 188 215 146 210 188 151 348 112 49 121 86 73 0 -20
250 389 4 101 188 0 293 238 94 284 84 387 278 322 87 118 -9 124 259
173 80 225 278 215 293 0 242 376 161 246 115 80 220 309 225 241 178 150
261 264 202 122 146 238 242 0 180 50 86 334 114 113 199 94 152 14 60
443 452 51 118 210 94 376 180 0 149 54 276 308 188 49 177 46 130 153
245 187 183 200 188 284 161 50 149 0 124 149 124 1 149 62 224 139 107
287 390 7 81 151 84 246 86 54 124 0 327 250 181 1 70 60 84 76
42 60 404 474 348 387 115 334 276 149 327 0 106 186 291 207 288 277 202
48 142 224 159 112 278 80 114 308 124 250 106 0 97 230 81 145 181 193
183 291 160 240 49 322 220 113 188 1 181 186 97 0 154 122 161 107 45
291 427 33 37 121 87 309 199 49 149 1 291 230 154 0 112 35 21 -101
234 266 116 167 86 118 225 94 177 62 70 207 81 122 112 0 176 48 156
346 318 17 118 73 -9 241 152 46 224 60 288 145 161 35 176 0 14 65
300 318 94 132 0 124 178 14 130 139 84 277 181 107 21 48 14 0 34
273 262 59 106 -20 259 150 60 153 107 76 202 193 45 -101 156 65 34 0
