0 279 323 323 384 224 276 455 159 348 228 120 87 232 269 118 388 229 161
279 0 389 157 182 244 299 349 242 290 260 180 222 199 51 117 243 264 79
323 389 0 309 440 374 155 311 340 210 -7 256 331 321 280 251 154 43 295
323 157 309 0 102 326 284 369 386 369 300 220 210 -113 59 87 328 350 134
384 182 440 102 0 403 415 484 419 413 370 273 391 62 168 368 485 362 259
224 244 374 326 403 0 322 400 187 281 272 106 92 378 219 165 319 312 168
276 299 155 284 415 322 0 133 346 227 8 217 237 391 301 245 -74 79 258
455 349 311 369 484 400 133 0 365 315 22 252 237 354 303 322 94 69 243
159 242 340 386 419 187 346 365 0 232 289 93 99 307 186 150 230 222 209
348 290 210 369 413 281 227 315 232 0 -97 217 231 367 332 221 224 86 230
228 260 -7 300 370 272 8 22 289 -97 0 207 192 226 80 27 70 2 85
120 180 256 220 273 106 217 252 93 217 207 0 -25 282 206 -6 180 194 14
87 222 331 210 391 92 237 237 99 231 192 -25 0 189 130 151 146 146 91
232 199 321 -113 62 378 391 354 307 367 226 282 189 0 131 93 268 224 173
269 51 280 59 168 219 301 303 186 332 80 206 130 131 0 69 309 169 61
118 117 251 87 368 165 245 322 150 221 27 -6 151 93 69 0 138 47 13
388 243 154 328 485 319 -74 94 230 224 70 180 146 268 309 138 0 77 140
229 264 43 350 362 312 79 69 222 86 2 194 146 224 169 47 77 0 63
161 79 295 134 259 168 258 243 209 230 85 14 91 173 61 13 140 63 0
