0 190 196 212 387 400 223 272 340 289 262 403 282 321 319 426 357 388 396 315
190 0 240 244 431 444 255 304 208 321 294 435 314 353 187 458 389 420 428 183
196 240 0 262 289 302 273 322 390 339 312 453 332 371 369 476 407 438 446 365
212 244 262 0 453 466 273 322 394 339 312 271 332 189 373 294 225 256 446 369
387 431 289 453 0 159 464 513 581 530 503 644 523 562 560 667 598 629 637 556
400 444 302 466 159 0 477 526 594 543 516 657 536 575 573 680 611 642 650 569
223 255 273 273 464 477 0 223 405 138 213 464 131 382 384 487 418 449 347 380
272 304 322 322 513 526 223 0 454 289 164 513 282 431 433 536 467 498 298 429
340 208 390 394 581 594 405 454 0 471 444 585 464 503 151 608 539 570 578 253
289 321 339 339 530 543 138 289 471 0 279 530 163 448 450 553 484 515 413 446
262 294 312 312 503 516 213 164 444 279 0 503 272 421 423 526 457 488 224 419
403 435 453 271 644 657 464 513 585 530 503 0 523 116 564 363 294 325 637 560
282 314 332 332 523 536 131 282 464 163 272 523 0 441 443 546 477 508 406 439
321 353 371 189 562 575 382 431 503 448 421 116 441 0 482 281 212 243 555 478
319 187 369 373 560 573 384 433 151 450 423 564 443 482 0 587 518 549 557 232
426 458 476 294 667 680 487 536 608 553 526 363 546 281 587 0 157 50 660 583
357 389 407 225 598 611 418 467 539 484 457 294 477 212 518 157 0 119 591 514
388 420 438 256 629 642 449 498 570 515 488 325 508 243 549 50 119 0 622 545
396 428 446 446 637 650 347 298 578 413 224 637 406 555 557 660 591 622 0 553
315 183 365 369 556 569 380 429 253 446 419 560 439 478 232 583 514 545 553 0
