0 476 449 315 465 231 191 375 116 146 370 153 220 526 376 521 314 289 169 296
476 0 343 311 187 471 431 371 480 510 264 517 460 522 270 517 554 529 533 536
449 343 0 284 332 444 404 344 453 483 163 490 433 495 89 490 527 502 506 509
315 311 284 0 300 310 270 64 319 349 205 356 299 215 211 210 393 368 372 375
465 187 332 300 0 460 420 360 469 499 253 506 449 511 259 506 543 518 522 525
231 471 444 310 460 0 178 370 235 265 365 272 207 521 371 516 161 136 288 143
191 431 404 270 420 178 0 330 195 225 325 232 31 481 331 476 261 236 248 243
375 371 344 64 360 370 330 0 379 409 265 416 359 159 271 154 453 428 432 435
116 480 453 319 469 235 195 379 0 58 374 107 224 530 380 525 318 293 123 300
146 510 483 349 499 265 225 409 58 0 404 137 254 560 410 555 348 323 153 330
370 264 163 205 253 365 325 265 374 404 0 411 354 416 90 411 448 423 427 430
153 517 490 356 506 272 232 416 107 137 411 0 261 567 417 562 355 330 66 337
220 460 433 299 449 207 31 359 224 254 354 261 0 510 360 505 290 265 277 272
526 522 495 215 511 521 481 159 530 560 416 567 510 0 422 71 604 579 583 586
376 270 89 211 259 371 331 271 380 410 90 417 360 422 0 417 454 429 433 436
521 517 490 210 506 516 476 154 525 555 411 562 505 71 417 0 599 574 578 581
314 554 527 393 543 161 261 453 318 348 448 355 290 604 454 599 0 213 371 220
289 529 502 368 518 136 236 428 293 323 423 330 265 579 429 574 213 0 346 143
169 533 506 372 522 288 248 432 123 153 427 66 277 583 433 578 371 346 0 353
296 536 509 375 525 143 243 435 300 330 430 337 272 586 436 581 220 143 353 0
