0 162 184 132 141 127 321 245 239 262 158 170 273 284 191 329 408 353 364 290
162 0 182 64 247 269 319 177 237 260 264 168 271 282 297 261 340 351 362 288
184 182 0 152 269 291 305 265 223 192 286 100 257 214 319 349 428 337 348 220
132 64 152 0 217 239 289 135 207 230 234 138 241 252 267 219 298 321 332 258
141 247 269 217 0 248 406 330 324 347 179 255 358 369 212 414 493 438 449 375
127 269 291 239 248 0 428 352 346 369 265 277 380 391 298 436 515 460 471 397
321 319 305 289 406 428 0 402 270 383 423 291 304 405 456 486 565 228 239 411
245 177 265 135 330 352 402 0 320 343 347 251 354 365 380 144 223 434 445 371
239 237 223 207 324 346 270 320 0 301 341 209 100 323 374 404 483 302 313 329
262 260 192 230 347 369 383 343 301 0 364 100 335 236 397 427 506 415 426 242
158 264 286 234 179 265 423 347 341 364 0 272 375 386 93 431 510 455 466 392
170 168 100 138 255 277 291 251 209 100 272 0 243 144 305 335 414 323 334 150
273 271 257 241 358 380 304 354 100 335 375 243 0 357 408 438 517 336 347 363
284 282 214 252 369 391 405 365 323 236 386 144 357 0 419 449 528 437 448 104
191 297 319 267 212 298 456 380 374 397 93 305 408 419 0 464 543 488 499 425
329 261 349 219 414 436 486 144 404 427 431 335 438 449 464 0 97 518 529 455
408 340 428 298 493 515 565 223 483 506 510 414 517 528 543 97 0 597 608 534
353 351 337 321 438 460 228 434 302 415 455 323 336 437 488 518 597 0 155 443
364 362 348 332 449 471 239 445 313 426 466 334 347 448 499 529 608 155 0 454
290 288 220 258 375 397 411 371 329 242 392 150 363 104 425 455 534 443 454 0
