0 202 347 240 183 143 279 345 401 383 176 546 304 437 174 240 316 274 557 547
202 0 439 323 289 304 339 205 489 486 310 305 474 477 332 216 563 462 609 629
347 439 0 572 419 428 302 548 358 305 488 634 294 225 381 479 289 338 364 447
240 323 572 0 264 285 397 203 559 604 430 273 602 536 393 151 529 468 593 640
183 289 419 264 0 13 295 408 444 440 223 480 315 427 235 345 377 351 470 492
143 304 428 285 13 0 299 334 382 538 101 563 408 428 206 310 414 272 546 682
279 339 302 397 295 299 0 415 191 326 276 540 250 214 346 435 235 137 373 351
345 205 548 203 408 334 415 0 524 620 370 230 415 526 410 78 531 392 578 684
401 489 358 559 444 382 191 524 0 383 473 699 97 357 509 624 421 278 415 540
383 486 305 604 440 538 326 620 383 0 475 742 351 110 487 498 273 430 246 361
176 310 488 430 223 101 276 370 473 475 0 433 415 414 -6 318 407 444 544 500
546 305 634 273 480 563 540 230 699 742 433 0 589 673 581 181 744 534 823 743
304 474 294 602 315 408 250 415 97 351 415 589 0 389 421 485 427 173 407 442
437 477 225 536 427 428 214 526 357 110 414 673 389 0 424 452 224 291 223 302
174 332 381 393 235 206 346 410 509 487 -6 581 421 424 0 357 474 355 588 628
240 216 479 151 345 310 435 78 624 498 318 181 485 452 357 0 608 533 613 573
316 563 289 529 377 414 235 531 421 273 407 744 427 224 474 608 0 376 113 87
274 462 338 468 351 272 137 392 278 430 444 534 173 291 355 533 376 0 380 523
557 609 364 593 470 546 373 578 415 246 544 823 407 223 588 613 113 380 0 85
547 629 447 640 492 682 351 684 540 361 500 743 442 302 628 573 87 523 85 0
