0 409 513 470 297 303 160 605 527 551 238 626 525 648 275 643 685 714 574 688
409 0 424 193 378 384 403 328 438 462 319 537 436 559 356 554 408 437 485 599
513 424 0 485 482 488 507 620 350 374 423 251 348 273 460 268 700 729 397 313
470 193 485 0 439 445 464 199 499 523 380 598 497 620 417 615 279 308 546 660
297 378 482 439 0 100 291 574 496 520 121 595 494 617 158 612 654 683 543 657
303 384 488 445 100 0 297 580 502 526 127 601 500 623 164 618 660 689 549 663
160 403 507 464 291 297 0 599 521 545 232 620 519 642 269 637 679 708 568 682
605 328 620 199 574 580 599 0 634 658 515 733 632 755 552 750 248 277 681 795
527 438 350 499 496 502 521 634 0 198 437 463 172 485 474 480 714 743 123 525
551 462 374 523 520 526 545 658 198 0 461 487 56 509 498 504 738 767 245 549
238 319 423 380 121 127 232 515 437 461 0 536 435 558 77 553 595 624 484 598
626 537 251 598 595 601 620 733 463 487 536 0 461 36 573 185 813 842 510 230
525 436 348 497 494 500 519 632 172 56 435 461 0 483 472 478 712 741 219 523
648 559 273 620 617 623 642 755 485 509 558 36 483 0 595 207 835 864 532 252
275 356 460 417 158 164 269 552 474 498 77 573 472 595 0 590 632 661 521 635
643 554 268 615 612 618 637 750 480 504 553 185 478 207 590 0 830 859 527 63
685 408 700 279 654 660 679 248 714 738 595 813 712 835 632 830 0 131 761 875
714 437 729 308 683 689 708 277 743 767 624 842 741 864 661 859 131 0 790 904
574 485 397 546 543 549 568 681 123 245 484 510 219 532 521 527 761 790 0 572
688 599 313 660 657 663 682 795 525 549 598 230 523 252 635 63 875 904 572 0
