0 242 174 195 191 105 269 239 263 289 164 62 260 292 161 265 380 439 458 284
242 0 261 -20 254 425 323 128 325 261 356 192 251 297 340 142 387 301 411 219
174 261 0 255 296 260 302 286 316 71 264 152 209 228 266 435 409 393 359 192
195 -20 255 0 183 248 260 127 291 175 152 155 322 348 322 169 280 322 268 309
191 254 296 183 0 255 368 281 344 366 122 384 325 274 154 426 472 429 463 367
105 425 260 248 255 0 423 371 201 406 333 303 361 389 356 425 487 460 460 435
269 323 302 260 368 423 0 463 299 397 406 222 449 383 395 376 571 235 214 346
239 128 286 127 281 371 463 0 312 356 381 272 335 332 459 177 259 439 445 477
263 325 316 291 344 201 299 312 0 258 302 301 156 329 269 314 504 348 293 338
289 261 71 175 366 406 397 356 258 0 288 55 344 295 435 396 361 378 379 349
164 356 264 152 122 333 406 381 302 288 0 280 403 346 191 370 479 452 455 344
62 192 152 155 384 303 222 272 301 55 280 0 188 145 236 315 393 285 375 197
260 251 209 322 325 361 449 335 156 344 403 188 0 349 422 385 530 368 275 422
292 297 228 348 274 389 383 332 329 295 346 145 349 0 509 498 487 446 486 71
161 340 266 322 154 356 395 459 269 435 191 236 422 509 0 516 516 382 556 409
265 142 435 169 426 425 376 177 314 396 370 315 385 498 516 0 89 509 602 488
380 387 409 280 472 487 571 259 504 361 479 393 530 487 516 89 0 585 575 540
439 301 393 322 429 460 235 439 348 378 452 285 368 446 382 509 585 0 110 510
458 411 359 268 463 460 214 445 293 379 455 375 275 486 556 602 575 110 0 528
284 219 192 309 367 435 346 477 338 349 344 197 422 71 409 488 540 510 528 0
