     20
object000 0 524 446 352 487 248 192 347 156 96 331 100 235 573 364 538 253 359 142 307
object001 524 0 333 290 223 478 422 370 495 565 259 515 459 486 343 513 574 504 537 515
object002 446 333 0 255 286 484 315 325 453 513 117 440 424 502 200 470 606 522 497 596
object003 352 290 255 0 269 287 328 -28 237 264 194 368 313 149 247 94 359 446 394 406
object004 487 223 286 269 0 421 485 322 497 515 297 451 422 567 221 489 647 523 550 492
object005 248 478 484 287 421 0 139 419 276 242 441 333 119 567 348 654 186 156 287 196
object006 192 422 315 328 485 139 0 369 143 155 271 208 3 459 258 544 348 310 275 240
object007 347 370 325 -28 322 419 369 0 343 406 253 465 358 197 241 151 467 341 417 499
object008 156 495 453 237 497 276 143 343 0 95 484 86 190 595 390 575 343 231 206 268
object009 96 565 513 264 515 242 155 406 95 0 434 155 223 540 333 598 384 267 213 380
object010 331 259 117 194 297 441 271 253 484 434 0 341 439 419 158 408 453 372 385 361
object011 100 515 440 368 451 333 208 465 86 155 341 0 359 673 400 558 320 324 11 290
object012 235 459 424 313 422 119 3 358 190 223 439 359 0 564 349 550 321 213 216 274
object013 573 486 502 149 567 567 459 197 595 540 419 673 564 0 398 112 642 545 526 458
object014 364 343 200 247 221 348 258 241 390 333 158 400 349 398 0 433 424 449 475 480
object015 538 513 470 94 489 654 544 151 575 598 408 558 550 112 433 0 506 587 640 560
object016 253 574 606 359 647 186 348 467 343 384 453 320 321 642 424 506 0 227 332 261
object017 359 504 522 446 523 156 310 341 231 267 372 324 213 545 449 587 227 0 376 150
object018 142 537 497 394 550 287 275 417 206 213 385 11 216 526 475 640 332 376 0 462
object019 307 515 596 406 492 196 240 499 268 380 361 290 274 458 480 560 261 150 462 0
