0 282 235 485 317 358 435 403 414 493 540 561 541 464 590 520 535 534 530 552
282 0 335 241 417 458 191 159 148 249 296 317 297 198 346 276 291 268 286 286
235 335 0 538 312 353 488 456 467 546 593 614 594 517 643 573 588 587 583 605
485 241 538 0 620 661 314 282 373 372 247 268 420 423 297 227 242 493 409 511
317 417 312 620 0 99 570 538 549 628 675 696 676 599 725 655 670 669 665 687
358 458 353 661 99 0 611 579 590 669 716 737 717 640 766 696 711 710 706 728
435 191 488 314 570 611 0 60 323 150 369 390 114 373 419 349 364 443 187 461
403 159 456 282 538 579 60 0 291 116 337 358 166 341 387 317 332 411 153 429
414 148 467 373 549 590 323 291 0 381 428 449 429 112 478 408 423 206 418 224
493 249 546 372 628 669 150 116 381 0 427 448 256 431 477 407 422 501 125 519
540 296 593 247 675 716 369 337 428 427 0 169 475 478 332 262 277 548 464 566
561 317 614 268 696 737 390 358 449 448 169 0 496 499 353 283 298 569 485 587
541 297 594 420 676 717 114 166 429 256 475 496 0 479 525 455 470 549 293 567
464 198 517 423 599 640 373 341 112 431 478 499 479 0 528 458 473 256 468 274
590 346 643 297 725 766 419 387 478 477 332 353 525 528 0 94 179 598 514 616
520 276 573 227 655 696 349 317 408 407 262 283 455 458 94 0 109 528 444 546
535 291 588 242 670 711 364 332 423 422 277 298 470 473 179 109 0 543 459 561
534 268 587 493 669 710 443 411 206 501 548 569 549 256 598 528 543 0 538 178
530 286 583 409 665 706 187 153 418 125 464 485 293 468 514 444 459 538 0 556
552 286 605 511 687 728 461 429 224 519 566 587 567 274 616 546 561 178 556 0
