     20
object000 0 248 436 98 524 285 255 227 252 259 231 231 357 412 395 375 190 242 335 407
object001 248 0 306 291 319 312 257 448 353 279 410 432 460 432 486 388 132 438 394 561
object002 436 306 0 445 213 415 380 448 432 507 646 643 596 510 593 518 355 682 624 682
object003 98 291 445 0 386 296 290 254 326 295 291 379 393 454 330 383 242 310 346 355
object004 524 319 213 386 0 407 379 401 444 419 580 534 563 562 501 533 335 597 567 618
object005 285 312 415 296 407 0 208 218 189 273 358 397 345 313 314 288 193 353 379 268
object006 255 257 380 290 379 208 0 208 165 101 429 410 148 378 423 315 58 446 516 250
object007 227 448 448 254 401 218 208 0 212 256 487 460 265 336 349 493 111 472 483 365
object008 252 353 432 326 444 189 165 212 0 234 422 463 316 -25 296 199 209 479 425 357
object009 259 279 507 295 419 273 101 256 234 0 421 472 98 266 357 329 196 455 389 177
object010 231 410 646 291 580 358 429 487 422 421 0 325 540 615 700 575 484 229 331 657
object011 231 432 643 379 534 397 410 460 463 472 325 0 534 736 743 675 454 154 125 706
object012 357 460 596 393 563 345 148 265 316 98 540 534 0 462 587 440 272 621 661 207
object013 412 432 510 454 562 313 378 336 -25 266 615 736 462 0 346 255 234 593 586 435
object014 395 486 593 330 501 314 423 349 296 357 700 743 587 346 0 111 295 512 674 481
object015 375 388 518 383 533 288 315 493 199 329 575 675 440 255 111 0 228 496 665 562
object016 190 132 355 242 335 193 58 111 209 196 484 454 272 234 295 228 0 320 457 178
object017 242 438 682 310 597 353 446 472 479 455 229 154 621 593 512 496 320 0 153 585
object018 335 394 624 346 567 379 516 483 425 389 331 125 661 586 674 665 457 153 0 684
object019 407 561 682 355 618 268 250 365 357 177 657 706 207 435 481 562 178 585 684 0
