0 233 387 134 333 299 238 421 291 271 249 252 389 432 407 358 259 298 259 399
233 0 170 227 308 274 213 396 388 246 346 227 364 407 382 455 234 395 234 496
387 170 0 381 462 428 367 550 542 400 500 381 518 561 536 609 388 549 388 650
134 227 381 0 327 293 232 415 289 265 247 246 383 426 401 356 253 296 253 397
333 308 462 327 0 316 255 246 488 288 446 269 214 257 232 555 276 495 276 596
299 274 428 293 316 0 201 404 454 148 412 129 372 415 390 521 222 461 136 562
238 213 367 232 255 201 0 343 393 173 351 154 311 354 329 460 69 400 161 501
421 396 550 415 246 404 343 0 576 376 534 357 124 249 224 643 364 583 364 684
291 388 542 289 488 454 393 576 0 426 142 407 544 587 562 193 414 191 414 234
271 246 400 265 288 148 173 376 426 0 384 63 344 387 362 493 194 433 70 534
249 346 500 247 446 412 351 534 142 384 0 365 502 545 520 209 372 135 372 250
252 227 381 246 269 129 154 357 407 63 365 0 325 368 343 474 175 414 49 515
389 364 518 383 214 372 311 124 544 344 502 325 0 217 192 611 332 551 332 652
432 407 561 426 257 415 354 249 587 387 545 368 217 0 41 654 375 594 375 695
407 382 536 401 232 390 329 224 562 362 520 343 192 41 0 629 350 569 350 670
358 455 609 356 555 521 460 643 193 493 209 474 611 654 629 0 481 258 481 157
259 234 388 253 276 222 69 364 414 194 372 175 332 375 350 481 0 421 182 522
298 395 549 296 495 461 400 583 191 433 135 414 551 594 569 258 421 0 421 299
259 234 388 253 276 136 161 364 414 70 372 49 332 375 350 481 182 421 0 522
399 496 650 397 596 562 501 684 234 534 250 515 652 695 670 157 522 299 522 0
