0 476 522 463 498 297 347 467 232 228 596 243 303 560 624 612 396 481 386 505
476 0 256 317 196 339 389 321 408 404 330 419 345 414 358 466 438 523 562 547
522 256 0 363 278 385 435 367 454 450 236 465 391 460 264 512 484 569 608 593
463 317 363 0 339 326 376 108 395 391 437 406 332 201 465 253 425 510 549 534
498 196 278 339 0 361 411 343 430 426 352 441 367 436 380 488 460 545 584 569
297 339 385 326 361 0 128 330 229 225 459 240 84 423 487 475 155 240 383 264
347 389 435 376 411 128 0 380 279 275 509 290 86 473 537 525 227 312 433 336
467 321 367 108 343 330 380 0 399 395 441 410 336 193 469 245 429 514 553 538
232 408 454 395 430 229 279 399 0 92 528 157 235 492 556 544 328 413 300 437
228 404 450 391 426 225 275 395 92 0 524 153 231 488 552 540 324 409 296 433
596 330 236 437 352 459 509 441 528 524 0 539 465 534 164 586 558 643 682 667
243 419 465 406 441 240 290 410 157 153 539 0 246 503 567 555 339 424 159 448
303 345 391 332 367 84 86 336 235 231 465 246 0 429 493 481 183 268 389 292
560 414 460 201 436 423 473 193 492 488 534 503 429 0 562 134 522 607 646 631
624 358 264 465 380 487 537 469 556 552 164 567 493 562 0 614 586 671 710 695
612 466 512 253 488 475 525 245 544 540 586 555 481 134 614 0 574 659 698 683
396 438 484 425 460 155 227 429 328 324 558 339 183 522 586 574 0 227 482 251
481 523 569 510 545 240 312 514 413 409 643 424 268 607 671 659 227 0 567 194
386 562 608 549 584 383 433 553 300 296 682 159 389 646 710 698 482 567 0 591
505 547 593 534 569 264 336 538 437 433 667 448 292 631 695 683 251 194 591 0
