0 298 194 134 432 284 359 285 285 307 236 350 254 57 260 237 179 144 88
298 0 204 318 442 110 369 295 295 317 62 360 264 241 270 247 189 154 210
194 204 0 214 268 190 195 121 121 143 142 186 90 137 96 73 15 50 106
134 318 214 0 452 304 379 305 305 327 256 370 274 77 280 257 199 164 108
432 442 268 452 0 428 91 243 243 219 380 82 212 375 172 195 253 288 344
284 110 190 304 428 0 355 281 281 303 48 346 250 227 256 233 175 140 196
359 369 195 379 91 355 0 170 170 146 307 9 139 302 99 122 180 215 271
285 295 121 305 243 281 170 0 62 118 233 161 31 228 71 48 106 141 197
285 295 121 305 243 281 170 62 0 118 233 161 31 228 71 48 106 141 197
307 317 143 327 219 303 146 118 118 0 255 137 87 250 47 70 128 163 219
236 62 142 256 380 48 307 233 233 255 0 298 202 179 208 185 127 92 148
350 360 186 370 82 346 9 161 161 137 298 0 130 293 90 113 171 206 262
254 264 90 274 212 250 139 31 31 87 202 130 0 197 40 17 75 110 166
57 241 137 77 375 227 302 228 228 250 179 293 197 0 203 180 122 87 31
260 270 96 280 172 256 99 71 71 47 208 90 40 203 0 23 81 116 172
237 247 73 257 195 233 122 48 48 70 185 113 17 180 23 0 58 93 149
179 189 15 199 253 175 180 106 106 128 127 171 75 122 81 58 0 35 91
144 154 50 164 288 140 215 141 141 163 92 206 110 87 116 93 35 0 56
88 210 106 108 344 196 271 197 197 219 148 262 166 31 172 149 91 56 0
