0 268 405 493 246 383 470 186 279 501 459 200 412 358 88 308 271 138 230
268 0 397 485 114 375 462 278 271 493 451 68 404 350 180 300 263 130 222
405 397 0 182 375 172 159 415 142 190 148 329 101 47 317 97 134 267 175
493 485 182 0 463 260 139 503 230 170 128 417 81 135 405 185 222 355 263
246 114 375 463 0 353 440 256 249 471 429 46 382 328 158 278 241 108 200
383 375 172 260 353 0 237 393 120 268 226 307 179 125 295 75 112 245 153
470 462 159 139 440 237 0 480 207 53 11 394 58 112 382 162 199 332 240
186 278 415 503 256 393 480 0 289 511 469 210 422 368 98 318 281 148 240
279 271 142 230 249 120 207 289 0 238 196 203 149 95 191 45 8 141 49
501 493 190 170 471 268 53 511 238 0 42 425 89 143 413 193 230 363 271
459 451 148 128 429 226 11 469 196 42 0 383 47 101 371 151 188 321 229
200 68 329 417 46 307 394 210 203 425 383 0 336 282 112 232 195 62 154
412 404 101 81 382 179 58 422 149 89 47 336 0 54 324 104 141 274 182
358 350 47 135 328 125 112 368 95 143 101 282 54 0 270 50 87 220 128
88 180 317 405 158 295 382 98 191 413 371 112 324 270 0 220 183 50 142
308 300 97 185 278 75 162 318 45 193 151 232 104 50 220 0 37 170 78
271 263 134 222 241 112 199 281 8 230 188 195 141 87 183 37 0 133 41
138 130 267 355 108 245 332 148 141 363 321 62 274 220 50 170 133 0 92
230 222 175 263 200 153 240 240 49 271 229 154 182 128 142 78 41 92 0
