0 311 283 319 217 384 258 363 312 195 293 235 302 267 181 205 178 189 89
311 0 -38 258 200 230 229 236 274 86 -34 63 236 221 95 118 104 118 197
283 -38 0 277 227 259 214 294 258 134 16 132 185 208 143 143 117 108 224
319 258 277 0 214 344 208 308 94 177 279 173 225 86 183 146 200 121 234
217 200 227 214 0 296 189 253 124 168 239 107 214 152 123 75 92 73 189
384 230 259 344 296 0 312 143 282 171 233 207 61 285 129 258 162 197 289
258 229 214 208 189 312 0 296 218 145 259 108 260 207 118 104 127 158 199
363 236 294 308 253 143 296 0 297 208 286 169 60 259 143 157 193 153 289
312 274 258 94 124 282 218 297 0 120 230 135 209 27 157 88 57 155 190
195 86 134 177 168 171 145 208 120 0 160 34 126 127 57 78 52 83 126
293 -34 16 279 239 233 259 286 230 160 0 60 178 201 68 163 143 124 228
235 63 132 173 107 207 108 169 135 34 60 0 116 92 37 28 4 -1 138
302 236 185 225 214 61 260 60 209 126 178 116 0 222 117 135 131 114 218
267 221 208 86 152 285 207 259 27 127 201 92 222 0 113 107 99 84 238
181 95 143 183 123 129 118 143 157 57 68 37 117 113 0 51 38 60 111
205 118 143 146 75 258 104 157 88 78 163 28 135 107 51 0 31 49 99
178 104 117 200 92 162 127 193 57 52 143 4 131 99 38 31 0 44 90
189 118 108 121 73 197 158 153 155 83 124 -1 114 84 60 49 44 0 84
89 197 224 234 189 289 199 289 190 126 228 138 218 238 111 99 90 84 0
