0 137 103 274 282 225 495 255 360 453 439 341 165 260 51 23 220 95 155
137 0 138 365 373 316 586 346 451 544 530 432 256 351 86 114 311 186 246
103 138 0 331 339 282 552 312 417 510 496 398 222 317 52 80 277 152 212
274 365 331 0 116 309 249 339 114 207 193 95 249 14 279 251 54 179 119
282 373 339 116 0 317 337 347 202 295 281 183 257 102 287 259 62 187 127
225 316 282 309 317 0 530 150 395 488 474 376 60 295 230 202 255 130 190
495 586 552 249 337 530 0 560 173 70 56 154 470 235 500 472 275 400 340
255 346 312 339 347 150 560 0 425 518 504 406 90 325 260 232 285 160 220
360 451 417 114 202 395 173 425 0 131 117 19 335 100 365 337 140 265 205
453 544 510 207 295 488 70 518 131 0 14 112 428 193 458 430 233 358 298
439 530 496 193 281 474 56 504 117 14 0 98 414 179 444 416 219 344 284
341 432 398 95 183 376 154 406 19 112 98 0 316 81 346 318 121 246 186
165 256 222 249 257 60 470 90 335 428 414 316 0 235 170 142 195 70 130
260 351 317 14 102 295 235 325 100 193 179 81 235 0 265 237 40 165 105
51 86 52 279 287 230 500 260 365 458 444 346 170 265 0 28 225 100 160
23 114 80 251 259 202 472 232 337 430 416 318 142 237 28 0 197 72 132
220 311 277 54 62 255 275 285 140 233 219 121 195 40 225 197 0 125 65
95 186 152 179 187 130 400 160 265 358 344 246 70 165 100 72 125 0 60
155 246 212 119 127 190 340 220 205 298 284 186 130 105 160 132 65 60 0
