0 208 376 105 413 234 299 378 155 330 165 333 328 50 341 200 159 149 61
208 0 437 263 438 108 295 379 182 357 75 340 343 174 277 189 115 124 172
376 437 0 396 113 478 332 365 249 197 371 40 263 309 142 243 261 305 364
105 263 396 0 432 247 300 386 188 342 196 345 317 106 274 204 170 108 114
413 438 113 432 0 453 331 428 227 252 377 83 315 329 146 248 263 310 365
234 108 478 247 453 0 307 353 190 362 30 345 305 187 278 215 155 184 137
299 295 332 300 331 307 0 57 129 286 255 256 -39 270 137 46 121 150 219
378 379 365 386 428 353 57 0 192 301 314 346 94 300 222 152 212 263 344
155 182 249 188 227 190 129 192 0 234 104 233 83 117 138 46 41 131 113
330 357 197 342 252 362 286 301 234 0 296 180 199 262 69 154 247 248 282
165 75 371 196 377 30 255 314 104 296 0 259 247 112 212 147 73 57 142
333 340 40 345 83 345 256 346 233 180 259 0 237 296 65 180 179 240 278
328 343 263 317 315 305 -39 94 83 199 247 237 0 211 131 84 122 185 243
50 174 309 106 329 187 270 300 117 262 112 296 211 0 222 141 99 85 28
341 277 142 274 146 278 137 222 138 69 212 65 131 222 0 100 119 169 234
200 189 243 204 248 215 46 152 46 154 147 180 84 141 100 0 8 42 151
159 115 261 170 263 155 121 212 41 247 73 179 122 99 119 8 0 25 107
149 124 305 108 310 184 150 263 131 248 57 240 185 85 169 42 25 0 13
61 172 364 114 365 137 219 344 113 282 142 278 243 28 234 151 107 13 0
