0 65 311 229 250 249 306 232 273 210 224 146 183 242 157 143 26 90 123
65 0 324 242 263 262 319 245 286 223 237 159 196 255 170 156 39 103 136
311 324 0 360 275 112 331 363 298 235 87 277 208 267 182 168 285 221 254
229 242 360 0 299 298 355 169 322 259 273 83 232 291 206 192 203 139 106
250 263 275 299 0 213 72 302 209 146 188 216 119 8 93 107 224 160 193
249 262 112 298 213 0 269 301 236 173 25 215 146 205 120 106 223 159 192
306 319 331 355 72 269 0 358 265 202 244 272 175 64 149 163 280 216 249
232 245 363 169 302 301 358 0 325 262 276 86 235 294 209 195 206 142 109
273 286 298 322 209 236 265 325 0 117 211 239 90 201 116 130 247 183 216
210 223 235 259 146 173 202 262 117 0 148 176 27 138 53 67 184 120 153
224 237 87 273 188 25 244 276 211 148 0 190 121 180 95 81 198 134 167
146 159 277 83 216 215 272 86 239 176 190 0 149 208 123 109 120 56 23
183 196 208 232 119 146 175 235 90 27 121 149 0 111 26 40 157 93 126
242 255 267 291 8 205 64 294 201 138 180 208 111 0 85 99 216 152 185
157 170 182 206 93 120 149 209 116 53 95 123 26 85 0 14 131 67 100
143 156 168 192 107 106 163 195 130 67 81 109 40 99 14 0 117 53 86
26 39 285 203 224 223 280 206 247 184 198 120 157 216 131 117 0 64 97
90 103 221 139 160 159 216 142 183 120 134 56 93 152 67 53 64 0 33
123 136 254 106 193 192 249 109 216 153 167 23 126 185 100 86 97 33 0
