0 166 132 87 453 323 339 446 336 89 243 79 355 280 24 186 131 75 93
166 0 250 205 571 441 457 564 454 97 361 87 473 398 142 304 249 193 211
132 250 0 69 323 193 209 316 206 173 113 163 225 150 108 56 1 57 39
87 205 69 0 390 260 276 383 273 128 180 118 292 217 63 123 68 12 30
453 571 323 390 0 216 420 189 417 494 324 484 98 173 429 267 322 378 360
323 441 193 260 216 0 290 209 287 364 194 354 118 43 299 137 192 248 230
339 457 209 276 420 290 0 413 189 380 96 370 322 247 315 153 208 264 246
446 564 316 383 189 209 413 0 410 487 317 477 91 166 422 260 315 371 353
336 454 206 273 417 287 189 410 0 377 93 367 319 244 312 150 205 261 243
89 97 173 128 494 364 380 487 377 0 284 10 396 321 65 227 172 116 134
243 361 113 180 324 194 96 317 93 284 0 274 226 151 219 57 112 168 150
79 87 163 118 484 354 370 477 367 10 274 0 386 311 55 217 162 106 124
355 473 225 292 98 118 322 91 319 396 226 386 0 75 331 169 224 280 262
280 398 150 217 173 43 247 166 244 321 151 311 75 0 256 94 149 205 187
24 142 108 63 429 299 315 422 312 65 219 55 331 256 0 162 107 51 69
186 304 56 123 267 137 153 260 150 227 57 217 169 94 162 0 55 111 93
131 249 1 68 322 192 208 315 205 172 112 162 224 149 107 55 0 56 38
75 193 57 12 378 248 264 371 261 116 168 106 280 205 51 111 56 0 18
93 211 39 30 360 230 246 353 243 134 150 124 262 187 69 93 38 18 0
