0 162 87 207 312 317 374 103 322 373 155 323 265 56 225 202 93 100 150
162 0 137 59 288 293 350 79 298 349 7 299 241 106 201 178 69 76 126
87 137 0 182 287 292 349 78 297 348 130 298 240 31 200 177 68 75 125
207 59 182 0 333 338 395 124 343 394 52 344 286 151 246 223 114 121 171
312 288 287 333 0 225 282 215 104 281 281 231 47 256 133 110 219 212 162
317 293 292 338 225 0 241 220 235 240 286 190 178 261 92 115 224 217 167
374 350 349 395 282 241 0 277 292 101 343 51 235 318 149 172 281 274 224
103 79 78 124 215 220 277 0 225 276 72 226 168 47 128 105 10 3 53
322 298 297 343 104 235 292 225 0 291 291 241 57 266 143 120 229 222 172
373 349 348 394 281 240 101 276 291 0 342 50 234 317 148 171 280 273 223
155 7 130 52 281 286 343 72 291 342 0 292 234 99 194 171 62 69 119
323 299 298 344 231 190 51 226 241 50 292 0 184 267 98 121 230 223 173
265 241 240 286 47 178 235 168 57 234 234 184 0 209 86 63 172 165 115
56 106 31 151 256 261 318 47 266 317 99 267 209 0 169 146 37 44 94
225 201 200 246 133 92 149 128 143 148 194 98 86 169 0 23 132 125 75
202 178 177 223 110 115 172 105 120 171 171 121 63 146 23 0 109 102 52
93 69 68 114 219 224 281 10 229 280 62 230 172 37 132 109 0 7 57
100 76 75 121 212 217 274 3 222 273 69 223 165 44 125 102 7 0 50
150 126 125 171 162 167 224 53 172 223 119 173 115 94 75 52 57 50 0
