0 180 255 217 229 257 107 214 235 211 186 170 196 177 147 70 162 122 95
180 0 111 153 165 193 147 70 171 147 122 106 52 113 83 110 18 58 85
255 111 0 228 240 268 222 77 246 222 197 181 59 188 158 185 93 133 160
217 153 228 0 152 180 184 187 112 88 63 47 169 100 70 147 135 95 122
229 165 240 152 0 132 196 199 170 146 121 105 181 52 82 159 147 107 134
257 193 268 180 132 0 224 227 198 174 149 133 209 80 110 187 175 135 162
107 147 222 184 196 224 0 181 202 178 153 137 163 144 114 37 129 89 62
214 70 77 187 199 227 181 0 205 181 156 140 18 147 117 144 52 92 119
235 171 246 112 170 198 202 205 0 74 49 65 187 118 88 165 153 113 140
211 147 222 88 146 174 178 181 74 0 25 41 163 94 64 141 129 89 116
186 122 197 63 121 149 153 156 49 25 0 16 138 69 39 116 104 64 91
170 106 181 47 105 133 137 140 65 41 16 0 122 53 23 100 88 48 75
196 52 59 169 181 209 163 18 187 163 138 122 0 129 99 126 34 74 101
177 113 188 100 52 80 144 147 118 94 69 53 129 0 30 107 95 55 82
147 83 158 70 82 110 114 117 88 64 39 23 99 30 0 77 65 25 52
70 110 185 147 159 187 37 144 165 141 116 100 126 107 77 0 92 52 25
162 18 93 135 147 175 129 52 153 129 104 88 34 95 65 92 0 40 67
122 58 133 95 107 135 89 92 113 89 64 48 74 55 25 52 40 0 27
95 85 160 122 134 162 62 119 140 116 91 75 101 82 52 25 67 27 0
