0 95 30 162 334 392 308 465 202 498 412 391 83 4 320 235 67 170 126
95 0 117 91 295 353 269 426 163 459 373 352 12 91 281 196 28 131 87
30 117 0 184 356 414 330 487 224 520 434 413 105 26 342 257 89 192 148
162 91 184 0 362 420 336 493 230 526 440 419 79 158 348 263 95 198 154
334 295 356 362 0 86 172 159 196 192 106 85 283 330 14 99 267 164 208
392 353 414 420 86 0 230 75 254 108 22 1 341 388 72 157 325 222 266
308 269 330 336 172 230 0 303 170 336 250 229 257 304 158 73 241 138 182
465 426 487 493 159 75 303 0 327 139 53 74 414 461 145 230 398 295 339
202 163 224 230 196 254 170 327 0 360 274 253 151 198 182 97 135 32 76
498 459 520 526 192 108 336 139 360 0 86 107 447 494 178 263 431 328 372
412 373 434 440 106 22 250 53 274 86 0 21 361 408 92 177 345 242 286
391 352 413 419 85 1 229 74 253 107 21 0 340 387 71 156 324 221 265
83 12 105 79 283 341 257 414 151 447 361 340 0 79 269 184 16 119 75
4 91 26 158 330 388 304 461 198 494 408 387 79 0 316 231 63 166 122
320 281 342 348 14 72 158 145 182 178 92 71 269 316 0 85 253 150 194
235 196 257 263 99 157 73 230 97 263 177 156 184 231 85 0 168 65 109
67 28 89 95 267 325 241 398 135 431 345 324 16 63 253 168 0 103 59
170 131 192 198 164 222 138 295 32 328 242 221 119 166 150 65 103 0 44
126 87 148 154 208 266 182 339 76 372 286 265 75 122 194 109 59 44 0
