0 522 370 451 245 127 325 344 485 320 433 420 240 54 150 344 256 151 239
522 0 204 107 465 541 547 354 167 542 89 102 462 468 372 178 266 371 283
370 204 0 133 313 389 395 202 167 390 115 102 310 316 220 26 114 219 131
451 107 133 0 394 470 476 283 96 471 18 31 391 397 301 107 195 300 212
245 465 313 394 0 264 270 287 428 265 376 363 185 191 95 287 199 94 182
127 541 389 470 264 0 344 363 504 339 452 439 259 73 169 363 275 170 258
325 547 395 476 270 344 0 369 510 165 458 445 85 271 175 369 281 176 264
344 354 202 283 287 363 369 0 317 364 265 252 284 290 194 176 88 193 105
485 167 167 96 428 504 510 317 0 505 78 65 425 431 335 141 229 334 246
320 542 390 471 265 339 165 364 505 0 453 440 80 266 170 364 276 171 259
433 89 115 18 376 452 458 265 78 453 0 13 373 379 283 89 177 282 194
420 102 102 31 363 439 445 252 65 440 13 0 360 366 270 76 164 269 181
240 462 310 391 185 259 85 284 425 80 373 360 0 186 90 284 196 91 179
54 468 316 397 191 73 271 290 431 266 379 366 186 0 96 290 202 97 185
150 372 220 301 95 169 175 194 335 170 283 270 90 96 0 194 106 1 89
344 178 26 107 287 363 369 176 141 364 89 76 284 290 194 0 88 193 105
256 266 114 195 199 275 281 88 229 276 177 164 196 202 106 88 0 105 17
151 371 219 300 94 170 176 193 334 171 282 269 91 97 1 193 105 0 88
239 283 131 212 182 258 264 105 246 259 194 181 179 185 89 105 17 88 0
