0 181 263 150 207 183 293 270 184 191 223 113 188 176 131 103 102 28 1
181 0 238 125 184 308 270 247 159 316 200 238 165 151 106 78 79 153 180
263 238 0 151 266 390 352 329 95 398 282 320 247 87 132 160 161 235 262
150 125 151 0 153 277 239 216 72 285 169 207 134 64 19 47 48 122 149
207 184 266 153 0 334 124 101 187 342 54 264 19 179 134 106 105 179 206
183 308 390 277 334 0 420 397 311 148 350 70 315 303 258 230 229 155 182
293 270 352 239 124 420 0 117 273 428 70 350 105 265 220 192 191 265 292
270 247 329 216 101 397 117 0 250 405 47 327 82 242 197 169 168 242 269
184 159 95 72 187 311 273 250 0 319 203 241 168 8 53 81 82 156 183
191 316 398 285 342 148 428 405 319 0 358 78 323 311 266 238 237 163 190
223 200 282 169 54 350 70 47 203 358 0 280 35 195 150 122 121 195 222
113 238 320 207 264 70 350 327 241 78 280 0 245 233 188 160 159 85 112
188 165 247 134 19 315 105 82 168 323 35 245 0 160 115 87 86 160 187
176 151 87 64 179 303 265 242 8 311 195 233 160 0 45 73 74 148 175
131 106 132 19 134 258 220 197 53 266 150 188 115 45 0 28 29 103 130
103 78 160 47 106 230 192 169 81 238 122 160 87 73 28 0 1 75 102
102 79 161 48 105 229 191 168 82 237 121 159 86 74 29 1 0 74 101
28 153 235 122 179 155 265 242 156 163 195 85 160 148 103 75 74 0 27
1 180 262 149 206 182 292 269 183 190 222 112 187 175 130 102 101 27 0
