0 255 363 343 351 276 115 286 430 435 348 290 281 267 252 39 231 156 94
255 0 156 286 294 219 292 79 373 378 291 233 74 210 195 216 24 99 161
363 156 0 394 402 327 400 87 481 486 399 341 82 318 303 324 132 207 269
343 286 394 0 190 115 380 317 193 198 111 53 312 106 91 304 262 187 249
351 294 402 190 0 93 388 325 277 282 195 137 320 84 99 312 270 195 257
276 219 327 115 93 0 313 250 202 207 120 62 245 9 24 237 195 120 182
115 292 400 380 388 313 0 323 467 472 385 327 318 304 289 76 268 193 131
286 79 87 317 325 250 323 0 404 409 322 264 5 241 226 247 55 130 192
430 373 481 193 277 202 467 404 0 169 82 140 399 193 178 391 349 274 336
435 378 486 198 282 207 472 409 169 0 87 145 404 198 183 396 354 279 341
348 291 399 111 195 120 385 322 82 87 0 58 317 111 96 309 267 192 254
290 233 341 53 137 62 327 264 140 145 58 0 259 53 38 251 209 134 196
281 74 82 312 320 245 318 5 399 404 317 259 0 236 221 242 50 125 187
267 210 318 106 84 9 304 241 193 198 111 53 236 0 15 228 186 111 173
252 195 303 91 99 24 289 226 178 183 96 38 221 15 0 213 171 96 158
39 216 324 304 312 237 76 247 391 396 309 251 242 228 213 0 192 117 55
231 24 132 262 270 195 268 55 349 354 267 209 50 186 171 192 0 75 137
156 99 207 187 195 120 193 130 274 279 192 134 125 111 96 117 75 0 62
94 161 269 249 257 182 131 192 336 341 254 196 187 173 158 55 137 62 0
