0 194 156 260 153 182 278 175 250 213 138 156 130 185 107 151 -13 69 92
194 0 138 203 379 323 442 229 451 66 152 26 101 347 111 287 199 245 267
156 138 0 142 341 260 463 170 444 241 125 164 67 354 100 300 149 233 260
260 203 142 0 325 299 494 127 428 266 55 240 97 394 130 317 199 275 266
153 379 341 325 0 143 207 353 146 336 299 252 260 125 232 42 123 55 106
182 323 260 299 143 0 262 310 237 280 276 230 238 207 233 116 73 78 69
278 442 463 494 207 262 0 518 150 508 437 474 441 83 382 202 245 195 227
175 229 170 127 353 310 518 0 448 214 60 178 92 381 116 371 226 268 308
250 451 444 428 146 237 150 448 0 442 421 409 385 17 334 159 271 126 189
213 66 241 266 336 280 508 214 442 0 203 83 143 412 105 290 213 247 267
138 152 125 55 299 276 437 60 421 203 0 116 51 340 78 251 142 186 247
156 26 164 240 252 230 474 178 409 83 116 0 130 338 95 254 162 166 194
130 101 67 97 260 238 441 92 385 143 51 130 0 342 77 221 130 206 185
185 347 354 394 125 207 83 381 17 412 340 338 342 0 297 88 161 139 164
107 111 100 130 232 233 382 116 334 105 78 95 77 297 0 194 111 188 175
151 287 300 317 42 116 202 371 159 290 251 254 221 88 194 0 72 42 71
-13 199 149 199 123 73 245 226 271 213 142 162 130 161 111 72 0 43 58
69 245 233 275 55 78 195 268 126 247 186 166 206 139 188 42 43 0 -14
92 267 260 266 106 69 227 308 189 267 247 194 185 164 175 71 58 -14 0
