0 135 321 325 526 355 440 299 366 385 321 262 379 391 313 293 91 183 259
135 0 287 286 476 307 419 223 341 355 276 229 293 399 319 236 75 164 212
321 287 0 330 329 91 263 315 186 194 27 250 197 252 112 74 276 151 260
325 286 330 0 499 345 454 85 352 343 329 61 338 336 357 257 262 158 100
526 476 329 499 0 380 149 474 224 242 339 436 233 82 143 281 478 346 394
355 307 91 345 380 0 295 315 243 247 74 293 222 297 177 126 287 242 300
440 419 263 454 149 295 0 424 160 214 230 369 161 34 103 201 341 255 329
299 223 315 85 474 315 424 0 339 357 231 60 293 368 289 185 181 96 -6
366 341 186 352 224 243 160 339 0 35 207 272 39 116 41 127 315 240 327
385 355 194 343 242 247 214 357 35 0 183 322 55 171 72 132 331 223 307
321 276 27 329 339 74 230 231 207 183 0 216 144 191 136 -2 209 161 183
262 229 250 61 436 293 369 60 272 322 216 0 232 315 234 198 180 88 2
379 293 197 338 233 222 161 293 39 55 144 232 0 94 43 31 283 204 271
391 399 252 336 82 297 34 368 116 171 191 315 94 0 77 178 294 262 375
313 319 112 357 143 177 103 289 41 72 136 234 43 77 0 72 228 138 251
293 236 74 257 281 126 201 185 127 132 -2 198 31 178 72 0 150 89 198
91 75 276 262 478 287 341 181 315 331 209 180 283 294 228 150 0 72 191
183 164 151 158 346 242 255 96 240 223 161 88 204 262 138 89 72 0 90
259 212 260 100 394 300 329 -6 327 307 183 2 271 375 251 198 191 90 0
