0 105 195 234 186 243 297 304 245 254 174 229 176 227 24 92 167 100 189
105 0 252 291 243 300 354 361 302 311 231 286 233 284 81 149 224 157 246
195 252 0 245 197 254 308 315 88 265 185 240 19 238 171 103 178 111 200
234 291 245 0 220 277 331 338 295 34 208 263 226 7 210 142 201 134 45
186 243 197 220 0 81 149 156 247 240 12 81 178 213 162 94 19 86 175
243 300 254 277 81 0 206 213 304 297 69 138 235 270 219 151 76 143 232
297 354 308 331 149 206 0 143 358 351 137 68 289 324 273 205 130 197 286
304 361 315 338 156 213 143 0 365 358 144 75 296 331 280 212 137 204 293
245 302 88 295 247 304 358 365 0 315 235 290 69 288 221 153 228 161 250
254 311 265 34 240 297 351 358 315 0 228 283 246 27 230 162 221 154 65
174 231 185 208 12 69 137 144 235 228 0 69 166 201 150 82 7 74 163
229 286 240 263 81 138 68 75 290 283 69 0 221 256 205 137 62 129 218
176 233 19 226 178 235 289 296 69 246 166 221 0 219 152 84 159 92 181
227 284 238 7 213 270 324 331 288 27 201 256 219 0 203 135 194 127 38
24 81 171 210 162 219 273 280 221 230 150 205 152 203 0 68 143 76 165
92 149 103 142 94 151 205 212 153 162 82 137 84 135 68 0 75 8 97
167 224 178 201 19 76 130 137 228 221 7 62 159 194 143 75 0 67 156
100 157 111 134 86 143 197 204 161 154 74 129 92 127 76 8 67 0 89
189 246 200 45 175 232 286 293 250 65 163 218 181 38 165 97 156 89 0
