0 343 320 361 238 400 109 118 469 424 338 40 328 66 94 268 294 310 364
343 0 134 92 146 177 263 345 200 171 36 257 80 214 95 15 -4 61 155
320 134 0 197 207 78 359 341 299 264 159 300 -17 276 158 65 83 145 239
361 92 197 0 253 218 332 404 141 87 50 309 163 279 196 117 81 86 156
238 146 207 253 0 239 177 248 363 276 151 176 128 169 -2 94 174 174 282
400 177 78 218 239 0 372 382 357 315 183 343 69 294 230 138 205 234 289
109 263 359 332 177 372 0 157 496 386 348 153 329 64 178 250 284 337 407
118 345 341 404 248 382 157 0 517 464 338 24 358 105 199 268 283 301 386
469 200 299 141 363 357 496 517 0 287 153 438 310 394 322 236 202 165 92
424 171 264 87 276 315 386 464 287 0 58 386 243 307 245 140 122 102 164
338 36 159 50 151 183 348 338 153 58 0 272 128 239 155 20 35 -21 77
40 257 300 309 176 343 153 24 438 386 272 0 301 41 129 240 218 261 375
328 80 -17 163 128 69 329 358 310 243 128 301 0 207 154 62 137 134 155
66 214 276 279 169 294 64 105 394 307 239 41 207 0 88 205 218 245 349
94 95 158 196 -2 230 178 199 322 245 155 129 154 88 0 87 111 180 174
268 15 65 117 94 138 250 268 236 140 20 240 62 205 87 0 -12 60 160
294 -4 83 81 174 205 284 283 202 122 35 218 137 218 111 -12 0 7 169
310 61 145 86 174 234 337 301 165 102 -21 261 134 245 180 60 7 0 83
364 155 239 156 282 289 407 386 92 164 77 375 155 349 174 160 169 83 0
