0 208 128 110 106 316 422 296 353 189 59 61 77 323 278 96 273 204 159
208 0 218 164 192 116 222 96 153 205 149 147 131 123 78 112 73 4 49
128 218 0 120 116 326 432 306 363 199 69 71 87 333 288 106 283 214 169
110 164 120 0 94 272 378 252 309 145 51 49 33 279 234 52 229 160 115
106 192 116 94 0 300 406 280 337 173 47 45 61 307 262 80 257 188 143
316 116 326 272 300 0 192 66 123 313 257 255 239 93 48 220 43 112 157
422 222 432 378 406 192 0 162 129 419 363 361 345 99 144 326 149 218 263
296 96 306 252 280 66 162 0 93 293 237 235 219 63 18 200 23 92 137
353 153 363 309 337 123 129 93 0 350 294 292 276 30 75 257 80 149 194
189 205 199 145 173 313 419 293 350 0 130 128 112 320 275 93 270 201 156
59 149 69 51 47 257 363 237 294 130 0 2 18 264 219 37 214 145 100
61 147 71 49 45 255 361 235 292 128 2 0 16 262 217 35 212 143 98
77 131 87 33 61 239 345 219 276 112 18 16 0 246 201 19 196 127 82
323 123 333 279 307 93 99 63 30 320 264 262 246 0 45 227 50 119 164
278 78 288 234 262 48 144 18 75 275 219 217 201 45 0 182 5 74 119
96 112 106 52 80 220 326 200 257 93 37 35 19 227 182 0 177 108 63
273 73 283 229 257 43 149 23 80 270 214 212 196 50 5 177 0 69 114
204 4 214 160 188 112 218 92 149 201 145 143 127 119 74 108 69 0 45
159 49 169 115 143 157 263 137 194 156 100 98 82 164 119 63 114 45 0
