0 89 193 189 147 295 196 287 316 163 34 102 122 283 231 97 67 90 181
89 0 214 210 168 316 217 308 337 184 55 123 143 304 252 118 88 111 202
193 214 0 248 206 308 195 300 329 162 159 161 121 296 244 96 126 103 194
189 210 248 0 132 350 251 342 371 218 155 87 177 338 286 152 122 145 236
147 168 206 132 0 308 209 300 329 176 113 45 135 296 244 110 80 103 194
295 316 308 350 308 0 311 120 149 278 261 263 237 116 64 212 228 205 114
196 217 195 251 209 311 0 303 332 115 162 164 74 299 247 99 129 106 197
287 308 300 342 300 120 303 0 37 270 253 255 229 4 56 204 220 197 106
316 337 329 371 329 149 332 37 0 299 282 284 258 33 85 233 249 226 135
163 184 162 218 176 278 115 270 299 0 129 131 41 266 214 66 96 73 164
34 55 159 155 113 261 162 253 282 129 0 68 88 249 197 63 33 56 147
102 123 161 87 45 263 164 255 284 131 68 0 90 251 199 65 35 58 149
122 143 121 177 135 237 74 229 258 41 88 90 0 225 173 25 55 32 123
283 304 296 338 296 116 299 4 33 266 249 251 225 0 52 200 216 193 102
231 252 244 286 244 64 247 56 85 214 197 199 173 52 0 148 164 141 50
97 118 96 152 110 212 99 204 233 66 63 65 25 200 148 0 30 7 98
67 88 126 122 80 228 129 220 249 96 33 35 55 216 164 30 0 23 114
90 111 103 145 103 205 106 197 226 73 56 58 32 193 141 7 23 0 91
181 202 194 236 194 114 197 106 135 164 147 149 123 102 50 98 114 91 0
