0 118 123 325 278 227 493 284 390 470 433 343 144 287 58 36 245 112 191
118 0 125 378 385 302 586 333 432 541 553 413 263 356 52 103 323 183 262
123 125 0 333 288 252 561 314 474 506 452 363 195 288 56 127 227 147 192
325 378 333 0 74 329 254 342 127 215 215 90 244 46 280 226 70 191 110
278 385 288 74 0 304 298 337 169 253 258 189 276 91 302 246 51 182 97
227 302 252 329 304 0 502 161 372 473 447 396 86 317 210 184 227 153 183
493 586 561 254 298 502 0 541 190 47 64 109 459 233 499 490 259 382 358
284 333 314 342 337 161 541 0 397 490 536 432 101 373 262 200 296 129 231
390 432 474 127 169 372 190 397 0 108 94 -3 321 143 374 415 95 282 185
470 541 506 215 253 473 47 490 108 0 44 77 469 223 444 438 250 355 267
433 553 452 215 258 447 64 536 94 44 0 103 428 170 431 415 276 345 287
343 413 363 90 189 396 109 432 -3 77 103 0 292 100 343 369 103 211 218
144 263 195 244 276 86 459 101 321 469 428 292 0 211 156 171 179 89 124
287 356 288 46 91 317 233 373 143 223 170 100 211 0 286 250 17 158 103
58 52 56 280 302 210 499 262 374 444 431 343 156 286 0 54 233 111 159
36 103 127 226 246 184 490 200 415 438 415 369 171 250 54 0 201 84 98
245 323 227 70 51 227 259 296 95 250 276 103 179 17 233 201 0 216 91
112 183 147 191 182 153 382 129 282 355 345 211 89 158 111 84 216 0 10
191 262 192 110 97 183 358 231 185 267 287 218 124 103 159 98 91 10 0
