0 156 382 99 362 358 212 344 103 347 13 78 306 143 347 324 234 117 137
156 0 304 229 284 280 82 266 103 269 143 78 228 13 269 246 156 39 59
382 304 0 455 96 92 360 258 329 261 369 304 220 291 81 58 148 265 245
99 229 455 0 435 431 285 417 176 420 86 151 379 216 420 397 307 190 210
362 284 96 435 0 26 340 238 309 241 349 284 200 271 15 38 128 245 225
358 280 92 431 26 0 336 234 305 237 345 280 196 267 11 34 124 241 221
212 82 360 285 340 336 0 322 159 325 199 134 284 69 325 302 212 95 115
344 266 258 417 238 234 322 0 291 79 331 266 38 253 223 200 110 227 207
103 103 329 176 309 305 159 291 0 294 90 25 253 90 294 271 181 64 84
347 269 261 420 241 237 325 79 294 0 334 269 41 256 226 203 113 230 210
13 143 369 86 349 345 199 331 90 334 0 65 293 130 334 311 221 104 124
78 78 304 151 284 280 134 266 25 269 65 0 228 65 269 246 156 39 59
306 228 220 379 200 196 284 38 253 41 293 228 0 215 185 162 72 189 169
143 13 291 216 271 267 69 253 90 256 130 65 215 0 256 233 143 26 46
347 269 81 420 15 11 325 223 294 226 334 269 185 256 0 23 113 230 210
324 246 58 397 38 34 302 200 271 203 311 246 162 233 23 0 90 207 187
234 156 148 307 128 124 212 110 181 113 221 156 72 143 113 90 0 117 97
117 39 265 190 245 241 95 227 64 230 104 39 189 26 230 207 117 0 20
137 59 245 210 225 221 115 207 84 210 124 59 169 46 210 187 97 20 0
