0 189 309 309 280 253 202 319 126 369 63 274 193 207 156 167 306 211 266
189 0 138 262 217 308 71 336 128 350 87 255 44 16 40 130 275 219 230
309 138 0 408 318 382 93 356 212 399 194 360 63 113 159 239 396 306 304
309 262 408 0 228 163 376 77 303 184 232 190 346 278 290 125 27 86 73
280 217 318 228 0 192 311 228 237 287 225 171 275 235 195 84 188 136 146
253 308 382 163 192 0 333 135 227 78 218 -18 284 214 224 127 147 44 108
202 71 93 376 311 333 0 359 194 334 80 303 -9 77 134 195 344 284 243
319 336 356 77 228 135 359 0 292 261 268 158 318 305 201 181 62 89 103
126 128 212 303 237 227 194 292 0 300 3 166 186 121 60 148 262 183 200
369 350 399 184 287 78 334 261 300 0 275 81 364 322 187 147 189 115 136
63 87 194 232 225 218 80 268 3 275 0 168 130 80 26 66 236 154 206
274 255 360 190 171 -18 303 158 166 81 168 0 271 247 174 109 149 64 44
193 44 63 346 275 284 -9 318 186 364 130 271 0 108 72 230 359 215 259
207 16 113 278 235 214 77 305 121 322 80 247 108 0 67 152 259 154 193
156 40 159 290 195 224 134 201 60 187 26 174 72 67 0 42 207 128 124
167 130 239 125 84 127 195 181 148 147 66 109 230 152 42 0 104 47 82
306 275 396 27 188 147 344 62 262 189 236 149 359 259 207 104 0 134 31
211 219 306 86 136 44 284 89 183 115 154 64 215 154 128 47 134 0 57
266 230 304 73 146 108 243 103 200 136 206 44 259 193 124 82 31 57 0
