0 306 573 68 644 633 296 575 193 530 64 129 476 285 578 485 393 214 295
306 0 451 246 522 511 32 453 241 408 242 177 354 21 456 363 271 92 173
573 451 0 513 247 236 441 362 508 317 509 444 263 430 181 88 180 359 278
68 246 513 0 584 573 236 515 133 470 4 69 416 225 518 425 333 154 235
644 522 247 584 0 121 512 433 579 388 580 515 334 501 66 159 251 430 349
633 511 236 573 121 0 501 422 568 377 569 504 323 490 55 148 240 419 338
296 32 441 236 512 501 0 443 231 398 232 167 344 11 446 353 261 82 163
575 453 362 515 433 422 443 0 510 153 511 446 99 432 367 274 182 361 280
193 241 508 133 579 568 231 510 0 465 129 64 411 220 513 420 328 149 230
530 408 317 470 388 377 398 153 465 0 466 401 54 387 322 229 137 316 235
64 242 509 4 580 569 232 511 129 466 0 65 412 221 514 421 329 150 231
129 177 444 69 515 504 167 446 64 401 65 0 347 156 449 356 264 85 166
476 354 263 416 334 323 344 99 411 54 412 347 0 333 268 175 83 262 181
285 21 430 225 501 490 11 432 220 387 221 156 333 0 435 342 250 71 152
578 456 181 518 66 55 446 367 513 322 514 449 268 435 0 93 185 364 283
485 363 88 425 159 148 353 274 420 229 421 356 175 342 93 0 92 271 190
393 271 180 333 251 240 261 182 328 137 329 264 83 250 185 92 0 179 98
214 92 359 154 430 419 82 361 149 316 150 85 262 71 364 271 179 0 81
295 173 278 235 349 338 163 280 230 235 231 166 181 152 283 190 98 81 0
