0 280 82 193 399 197 232 365 419 331 180 321 325 145 265 213 131 73 98
280 0 216 211 253 215 250 219 273 185 198 175 179 163 119 67 149 207 182
82 216 0 129 335 133 168 301 355 267 116 257 261 81 201 149 67 9 34
193 211 129 0 330 100 135 296 350 262 83 252 256 48 196 144 62 120 95
399 253 335 330 0 334 369 234 288 80 317 190 74 282 134 186 268 326 301
197 215 133 100 334 0 69 300 354 266 17 256 260 52 200 148 66 124 99
232 250 168 135 369 69 0 335 389 301 52 291 295 87 235 183 101 159 134
365 219 301 296 234 300 335 0 142 166 283 44 160 248 100 152 234 292 267
419 273 355 350 288 354 389 142 0 220 337 98 214 302 154 206 288 346 321
331 185 267 262 80 266 301 166 220 0 249 122 6 214 66 118 200 258 233
180 198 116 83 317 17 52 283 337 249 0 239 243 35 183 131 49 107 82
321 175 257 252 190 256 291 44 98 122 239 0 116 204 56 108 190 248 223
325 179 261 256 74 260 295 160 214 6 243 116 0 208 60 112 194 252 227
145 163 81 48 282 52 87 248 302 214 35 204 208 0 148 96 14 72 47
265 119 201 196 134 200 235 100 154 66 183 56 60 148 0 52 134 192 167
213 67 149 144 186 148 183 152 206 118 131 108 112 96 52 0 82 140 115
131 149 67 62 268 66 101 234 288 200 49 190 194 14 134 82 0 58 33
73 207 9 120 326 124 159 292 346 258 107 248 252 72 192 140 58 0 25
98 182 34 95 301 99 134 267 321 233 82 223 227 47 167 115 33 25 0
