0 193 191 227 162 126 300 216 261 211 158 155 126 201 95 121 11 74 99
193 0 194 230 333 297 471 219 432 94 161 38 129 372 98 292 182 245 270
191 194 0 166 331 295 469 155 430 212 97 156 65 370 96 290 180 243 268
227 230 166 0 367 331 505 127 466 248 69 192 101 406 132 326 216 279 304
162 333 331 367 0 140 220 356 181 351 298 295 266 121 235 41 151 88 113
126 297 295 331 140 0 278 320 239 315 262 259 230 179 199 99 115 52 27
300 471 469 505 220 278 0 494 159 489 436 433 404 99 373 179 289 226 251
216 219 155 127 356 320 494 0 455 237 58 181 90 395 121 315 205 268 293
261 432 430 466 181 239 159 455 0 450 397 394 365 60 334 140 250 187 212
211 94 212 248 351 315 489 237 450 0 179 56 147 390 116 310 200 263 288
158 161 97 69 298 262 436 58 397 179 0 123 32 337 63 257 147 210 235
155 38 156 192 295 259 433 181 394 56 123 0 91 334 60 254 144 207 232
126 129 65 101 266 230 404 90 365 147 32 91 0 305 31 225 115 178 203
201 372 370 406 121 179 99 395 60 390 337 334 305 0 274 80 190 127 152
95 98 96 132 235 199 373 121 334 116 63 60 31 274 0 194 84 147 172
121 292 290 326 41 99 179 315 140 310 257 254 225 80 194 0 110 47 72
11 182 180 216 151 115 289 205 250 200 147 144 115 190 84 110 0 63 88
74 245 243 279 88 52 226 268 187 263 210 207 178 127 147 47 63 0 25
99 270 268 304 113 27 251 293 212 288 235 232 203 152 172 72 88 25 0
