0 343 344 185 341 154 227 215 379 277 302 41 161 287 166 209 63 116 138
343 0 177 357 257 248 379 355 125 379 10 311 327 65 291 105 216 226 267
344 177 0 410 217 273 423 318 166 404 81 317 291 35 322 97 251 212 200
185 357 410 0 390 200 306 253 366 272 328 75 226 331 192 250 124 122 191
341 257 217 390 0 201 363 276 240 403 169 263 276 157 240 85 239 177 212
154 248 273 200 201 0 217 158 301 238 192 126 143 175 145 144 42 30 -18
227 379 423 306 363 217 0 91 450 190 355 216 82 335 142 294 117 205 203
215 355 318 253 276 158 91 0 399 114 280 157 33 264 58 222 60 97 180
379 125 166 366 240 301 450 399 0 476 97 346 379 69 388 177 279 245 295
277 379 404 272 403 238 190 114 476 0 370 215 97 389 91 254 188 208 234
302 10 81 328 169 192 355 280 97 370 0 267 318 3 210 92 238 188 186
41 311 317 75 263 126 216 157 346 215 267 0 81 273 104 188 48 45 115
161 327 291 226 276 143 82 33 379 97 318 81 0 262 -6 185 60 72 123
287 65 35 331 157 175 335 264 69 389 3 273 262 0 269 112 232 194 198
166 291 322 192 240 145 142 58 388 91 210 104 -6 269 0 172 55 93 120
209 105 97 250 85 144 294 222 177 254 92 188 185 112 172 0 105 73 127
63 216 251 124 239 42 117 60 279 188 238 48 60 232 55 105 0 24 92
116 226 212 122 177 30 205 97 245 208 188 45 72 194 93 73 24 0 4
138 267 200 191 212 -18 203 180 295 234 186 115 123 198 120 127 92 4 0
