0 328 306 304 358 259 350 258 231 273 216 259 166 343 259 237 151 90 32
328 0 302 452 506 255 498 406 379 83 212 69 162 491 407 385 299 238 296
306 302 0 430 484 133 476 384 357 247 90 233 140 469 385 363 277 216 274
304 452 430 0 144 383 136 88 233 397 340 383 290 129 45 67 153 214 272
358 506 484 144 0 437 22 142 287 451 394 437 344 15 99 121 207 268 326
259 255 133 383 437 0 429 337 310 200 43 186 93 422 338 316 230 169 227
350 498 476 136 22 429 0 134 279 443 386 429 336 7 91 113 199 260 318
258 406 384 88 142 337 134 0 187 351 294 337 244 127 43 21 107 168 226
231 379 357 233 287 310 279 187 0 324 267 310 217 272 188 166 80 141 199
273 83 247 397 451 200 443 351 324 0 157 14 107 436 352 330 244 183 241
216 212 90 340 394 43 386 294 267 157 0 143 50 379 295 273 187 126 184
259 69 233 383 437 186 429 337 310 14 143 0 93 422 338 316 230 169 227
166 162 140 290 344 93 336 244 217 107 50 93 0 329 245 223 137 76 134
343 491 469 129 15 422 7 127 272 436 379 422 329 0 84 106 192 253 311
259 407 385 45 99 338 91 43 188 352 295 338 245 84 0 22 108 169 227
237 385 363 67 121 316 113 21 166 330 273 316 223 106 22 0 86 147 205
151 299 277 153 207 230 199 107 80 244 187 230 137 192 108 86 0 61 119
90 238 216 214 268 169 260 168 141 183 126 169 76 253 169 147 61 0 58
32 296 274 272 326 227 318 226 199 241 184 227 134 311 227 205 119 58 0
