0 369 430 125 260 269 488 235 405 412 40 186 111 405 348 395 166 296 209
369 0 207 414 407 416 161 272 182 85 329 333 258 78 21 172 203 73 160
430 207 0 475 468 477 326 333 45 250 390 394 319 243 186 35 264 134 221
125 414 475 0 305 314 533 280 450 457 85 231 156 450 393 440 211 341 254
260 407 468 305 0 157 526 273 443 450 220 74 149 443 386 433 204 334 247
269 416 477 314 157 0 535 282 452 459 229 83 158 452 395 442 213 343 256
488 161 326 533 526 535 0 391 301 90 448 452 377 83 140 291 322 192 279
235 272 333 280 273 282 391 0 308 315 195 199 124 308 251 298 69 199 112
405 182 45 450 443 452 301 308 0 225 365 369 294 218 161 10 239 109 196
412 85 250 457 450 459 90 315 225 0 372 376 301 7 64 215 246 116 203
40 329 390 85 220 229 448 195 365 372 0 146 71 365 308 355 126 256 169
186 333 394 231 74 83 452 199 369 376 146 0 75 369 312 359 130 260 173
111 258 319 156 149 158 377 124 294 301 71 75 0 294 237 284 55 185 98
405 78 243 450 443 452 83 308 218 7 365 369 294 0 57 208 239 109 196
348 21 186 393 386 395 140 251 161 64 308 312 237 57 0 151 182 52 139
395 172 35 440 433 442 291 298 10 215 355 359 284 208 151 0 229 99 186
166 203 264 211 204 213 322 69 239 246 126 130 55 239 182 229 0 130 43
296 73 134 341 334 343 192 199 109 116 256 260 185 109 52 99 130 0 87
209 160 221 254 247 256 279 112 196 203 169 173 98 196 139 186 43 87 0
