0 195 382 247 324 297 202 385 184 426 158 69 375 149 278 281 169 46 151
195 0 332 285 373 325 58 404 184 427 160 97 322 -20 284 242 195 128 192
382 332 0 404 241 117 378 254 375 337 325 291 271 352 118 110 164 207 218
247 285 404 0 445 404 288 437 112 439 44 163 368 206 411 333 311 166 216
324 373 241 445 0 86 425 311 410 326 376 278 213 341 50 79 146 292 213
297 325 117 404 86 0 341 266 324 237 317 211 236 338 17 47 105 268 197
202 58 378 288 425 341 0 459 262 421 183 134 342 63 286 299 244 163 199
385 404 254 437 311 266 459 0 374 144 428 319 58 379 245 217 181 293 247
184 184 375 112 410 324 262 374 0 407 19 118 352 161 352 201 176 73 159
426 427 337 439 326 237 421 144 407 0 384 281 85 398 236 178 175 335 225
158 160 325 44 376 317 183 428 19 384 0 116 345 185 342 270 258 105 123
69 97 291 163 278 211 134 319 118 281 116 0 212 103 237 172 125 7 32
375 322 271 368 213 236 342 58 352 85 345 212 0 267 216 132 119 207 207
149 -20 352 206 341 338 63 379 161 398 185 103 267 0 293 204 229 79 136
278 284 118 411 50 17 286 245 352 236 342 237 216 293 0 63 89 254 138
281 242 110 333 79 47 299 217 201 178 270 172 132 204 63 0 58 121 142
169 195 164 311 146 105 244 181 176 175 258 125 119 229 89 58 0 125 104
46 128 207 166 292 268 163 293 73 335 105 7 207 79 254 121 125 0 67
151 192 218 216 213 197 199 247 159 225 123 32 207 136 138 142 104 67 0
