0 221 294 241 292 307 122 287 294 288 250 239 204 261 200 24 143 140 100
221 0 189 212 298 347 306 132 302 280 301 245 87 305 165 234 62 139 142
294 189 0 339 365 383 364 155 372 382 302 255 128 352 182 297 153 209 227
241 212 339 0 225 213 317 313 210 129 77 37 215 160 63 209 239 162 158
292 298 365 225 0 80 330 311 264 259 220 168 299 34 125 233 252 182 176
307 347 383 213 80 0 399 372 294 286 265 213 335 87 168 346 315 215 235
122 306 364 317 330 399 0 351 350 355 328 291 257 298 205 73 211 149 200
287 132 155 313 311 372 351 0 373 358 296 227 46 299 206 298 73 156 167
294 302 372 210 264 294 350 373 0 119 15 106 308 291 115 320 264 207 216
288 280 382 129 259 286 355 358 119 0 52 137 316 224 125 343 258 172 205
250 301 302 77 220 265 328 296 15 52 0 65 229 236 95 241 202 158 209
239 245 255 37 168 213 291 227 106 137 65 0 181 131 15 210 159 103 75
204 87 128 215 299 335 257 46 308 316 229 181 0 198 154 177 -6 79 100
261 305 352 160 34 87 298 299 291 224 236 131 198 0 67 208 189 121 156
200 165 182 63 125 168 205 206 115 125 95 15 154 67 0 136 118 40 81
24 234 297 209 233 346 73 298 320 343 241 210 177 208 136 0 164 118 80
143 62 153 239 252 315 211 73 264 258 202 159 -6 189 118 164 0 56 124
140 139 209 162 182 215 149 156 207 172 158 103 79 121 40 118 56 0 -9
100 142 227 158 176 235 200 167 216 205 209 75 100 156 81 80 124 -9 0
