0 225 208 406 353 247 13 306 359 248 301 42 169 243 92 304 258 142 161
225 0 263 153 49 365 317 254 130 226 44 302 279 147 217 21 69 82 132
208 263 0 403 406 75 232 378 375 370 366 182 -7 293 95 349 351 166 226
406 153 403 0 61 464 469 409 156 344 81 384 380 336 281 157 105 219 197
353 49 406 61 0 365 364 308 89 250 48 311 344 265 223 -12 22 159 150
247 365 75 464 365 0 318 389 419 327 380 200 35 262 138 347 326 231 233
13 317 232 469 364 318 0 371 447 346 381 71 237 295 145 349 360 242 263
306 254 378 409 308 389 371 0 360 107 321 339 360 76 274 335 272 117 191
359 130 375 156 89 419 447 360 0 263 15 330 343 287 233 68 106 194 196
248 226 370 344 250 327 346 107 263 0 252 275 307 46 185 249 203 91 173
301 44 366 81 48 380 381 321 15 252 0 318 339 187 251 1 54 153 131
42 302 182 384 311 200 71 339 330 275 318 0 173 240 42 225 279 200 207
169 279 -7 380 344 35 237 360 343 307 339 173 0 265 118 300 315 184 217
243 147 293 336 265 262 295 76 287 46 187 240 265 0 139 158 162 67 101
92 217 95 281 223 138 145 274 233 185 251 42 118 139 0 214 197 48 140
304 21 349 157 -12 347 349 335 68 249 1 225 300 158 214 0 28 141 141
258 69 351 105 22 326 360 272 106 203 54 279 315 162 197 28 0 104 51
142 82 166 219 159 231 242 117 194 91 153 200 184 67 48 141 104 0 65
161 132 226 197 150 233 263 191 196 173 131 207 217 101 140 141 51 65 0
