0 137 166 333 366 433 415 454 243 372 353 329 222 270 29 138 273 187 245
137 0 263 361 467 510 441 464 353 437 398 457 152 346 100 150 379 240 273
166 263 0 289 328 361 354 383 123 345 278 291 -3 279 191 73 234 120 158
333 361 289 0 319 342 273 336 318 125 256 269 299 36 263 247 210 165 126
366 467 328 319 0 87 217 237 332 340 -7 210 317 257 329 281 139 158 152
433 510 361 342 87 0 228 296 459 417 78 194 329 286 361 292 154 239 221
415 441 354 273 217 228 0 102 421 407 259 33 347 301 366 301 148 222 216
454 464 383 336 237 296 102 0 424 402 277 60 315 309 430 287 105 214 184
243 353 123 318 332 459 421 424 0 398 425 379 58 330 211 136 306 215 241
372 437 345 125 340 417 407 402 398 0 304 323 332 77 316 302 240 166 161
353 398 278 256 -7 78 259 277 425 304 0 147 323 251 318 246 106 152 184
329 457 291 269 210 194 33 60 379 323 147 0 277 259 317 205 80 148 175
222 152 -3 299 317 329 347 315 58 332 323 277 0 231 122 61 227 162 174
270 346 279 36 257 286 301 309 330 77 251 259 231 0 261 150 149 113 127
29 100 191 263 329 361 366 430 211 316 318 317 122 261 0 103 192 163 196
138 150 73 247 281 292 301 287 136 302 246 205 61 150 103 0 195 109 113
273 379 234 210 139 154 148 105 306 240 106 80 227 149 192 195 0 63 98
187 240 120 165 158 239 222 214 215 166 152 148 162 113 163 109 63 0 28
245 273 158 126 152 221 216 184 241 161 184 175 174 127 196 113 98 28 0
