0 247 122 328 257 236 296 191 260 250 252 231 184 93 145 198 153 149 174
247 0 183 277 108 185 253 140 209 207 201 188 133 154 102 49 102 98 73
122 183 0 264 193 172 232 127 196 186 188 167 120 29 81 134 89 85 110
328 277 264 0 287 258 334 213 84 288 76 269 206 235 183 228 175 179 204
257 108 193 287 0 195 263 150 219 217 211 198 143 164 112 59 112 108 83
236 185 172 258 195 0 242 59 190 196 182 177 52 143 91 136 83 87 112
296 253 232 334 263 242 0 197 266 84 258 65 190 203 151 204 159 155 180
191 140 127 213 150 59 197 0 145 151 137 132 7 98 46 91 38 42 67
260 209 196 84 219 190 266 145 0 220 8 201 138 167 115 160 107 111 136
250 207 186 288 217 196 84 151 220 0 212 19 144 157 105 158 113 109 134
252 201 188 76 211 182 258 137 8 212 0 193 130 159 107 152 99 103 128
231 188 167 269 198 177 65 132 201 19 193 0 125 138 86 139 94 90 115
184 133 120 206 143 52 190 7 138 144 130 125 0 91 39 84 31 35 60
93 154 29 235 164 143 203 98 167 157 159 138 91 0 52 105 60 56 81
145 102 81 183 112 91 151 46 115 105 107 86 39 52 0 53 8 4 29
198 49 134 228 59 136 204 91 160 158 152 139 84 105 53 0 53 49 24
153 102 89 175 112 83 159 38 107 113 99 94 31 60 8 53 0 4 29
149 98 85 179 108 87 155 42 111 109 103 90 35 56 4 49 4 0 25
174 73 110 204 83 112 180 67 136 134 128 115 60 81 29 24 29 25 0
