0 286 321 430 264 399 293 419 125 417 86 395 276 231 169 249 364 306 362
286 0 145 378 212 347 117 367 239 365 200 343 100 55 117 197 312 254 310
321 145 0 413 247 382 62 402 274 400 235 378 45 90 152 232 347 289 345
430 378 413 0 196 217 385 121 383 235 344 213 368 323 261 181 66 124 68
264 212 247 196 0 165 219 185 217 183 178 161 202 157 95 15 130 72 128
399 347 382 217 165 0 354 206 352 26 313 4 337 292 230 150 151 93 149
293 117 62 385 219 354 0 374 246 372 207 350 17 62 124 204 319 261 317
419 367 402 121 185 206 374 0 372 224 333 202 357 312 250 170 55 113 57
125 239 274 383 217 352 246 372 0 370 39 348 229 184 122 202 317 259 315
417 365 400 235 183 26 372 224 370 0 331 22 355 310 248 168 169 111 167
86 200 235 344 178 313 207 333 39 331 0 309 190 145 83 163 278 220 276
395 343 378 213 161 4 350 202 348 22 309 0 333 288 226 146 147 89 145
276 100 45 368 202 337 17 357 229 355 190 333 0 45 107 187 302 244 300
231 55 90 323 157 292 62 312 184 310 145 288 45 0 62 142 257 199 255
169 117 152 261 95 230 124 250 122 248 83 226 107 62 0 80 195 137 193
249 197 232 181 15 150 204 170 202 168 163 146 187 142 80 0 115 57 113
364 312 347 66 130 151 319 55 317 169 278 147 302 257 195 115 0 58 2
306 254 289 124 72 93 261 113 259 111 220 89 244 199 137 57 58 0 56
362 310 345 68 128 149 317 57 315 167 276 145 300 255 193 113 2 56 0
