0 82 290 361 236 439 337 343 367 382 23 205 263 349 121 186 339 253 260
82 0 326 397 272 475 373 379 403 418 59 241 299 385 157 222 375 289 296
290 326 0 409 116 487 385 391 415 430 267 85 311 397 169 234 387 301 308
361 397 409 0 355 428 326 178 356 371 338 324 98 338 240 175 328 242 249
236 272 116 355 0 433 331 337 361 376 213 31 257 343 115 180 333 247 254
439 475 487 428 433 0 270 410 128 123 416 402 330 90 318 253 100 186 193
337 373 385 326 331 270 0 308 198 213 314 300 228 180 216 151 170 84 77
343 379 391 178 337 410 308 0 338 353 320 306 80 320 222 157 310 224 231
367 403 415 356 361 128 198 338 0 71 344 330 258 38 246 181 28 114 121
382 418 430 371 376 123 213 353 71 0 359 345 273 33 261 196 43 129 136
23 59 267 338 213 416 314 320 344 359 0 182 240 326 98 163 316 230 237
205 241 85 324 31 402 300 306 330 345 182 0 226 312 84 149 302 216 223
263 299 311 98 257 330 228 80 258 273 240 226 0 240 142 77 230 144 151
349 385 397 338 343 90 180 320 38 33 326 312 240 0 228 163 10 96 103
121 157 169 240 115 318 216 222 246 261 98 84 142 228 0 65 218 132 139
186 222 234 175 180 253 151 157 181 196 163 149 77 163 65 0 153 67 74
339 375 387 328 333 100 170 310 28 43 316 302 230 10 218 153 0 86 93
253 289 301 242 247 186 84 224 114 129 230 216 144 96 132 67 86 0 7
260 296 308 249 254 193 77 231 121 136 237 223 151 103 139 74 93 7 0
