0 262 248 268 365 245 332 314 379 205 244 280 172 278 201 201 106 58 131
262 0 412 385 478 379 487 397 512 145 442 424 51 345 358 316 270 182 180
248 412 0 271 223 238 137 21 211 403 63 140 296 -1 87 173 187 219 220
268 385 271 0 406 146 418 289 394 351 311 306 313 231 218 97 115 225 204
365 478 223 406 0 342 225 213 191 478 233 91 405 165 177 291 209 290 338
245 379 238 146 342 0 328 246 325 328 246 275 274 230 177 30 136 128 139
332 487 137 418 225 328 0 52 329 470 82 220 430 117 112 211 238 260 312
314 397 21 289 213 246 52 0 216 369 51 167 324 45 71 203 138 250 239
379 512 211 394 191 325 329 216 0 452 192 50 422 210 144 281 238 300 307
205 145 403 351 478 328 470 369 452 0 388 359 74 397 313 292 242 169 131
244 442 63 311 233 246 82 51 192 388 0 101 316 32 35 158 140 239 231
280 424 140 306 91 275 220 167 50 359 101 0 348 95 27 221 136 256 286
172 51 296 313 405 274 430 324 422 74 316 348 0 299 273 196 162 65 62
278 345 -1 231 165 230 117 45 210 397 32 95 299 0 71 122 79 204 258
201 358 87 218 177 177 112 71 144 313 35 27 273 71 0 108 64 132 150
201 316 173 97 291 30 211 203 281 292 158 221 196 122 108 0 62 105 139
106 270 187 115 209 136 238 138 238 242 140 136 162 79 64 62 0 54 72
58 182 219 225 290 128 260 250 300 169 239 256 65 204 132 105 54 0 -1
131 180 220 204 338 139 312 239 307 131 231 286 62 258 150 139 72 -1 0
