0 146 344 438 198 403 496 215 253 526 453 428 138 353 293 98 223 103 209
146 0 257 384 141 399 441 220 260 433 384 368 46 329 242 147 192 61 169
344 257 0 109 282 191 185 268 20 217 157 124 173 79 -16 216 56 145 99
438 384 109 0 419 87 153 405 202 167 86 55 320 46 142 316 144 303 200
198 141 282 419 0 498 478 270 244 487 420 353 98 363 245 99 276 117 173
403 399 191 87 498 0 159 447 158 122 110 85 389 75 190 373 186 341 254
496 441 185 153 478 159 0 494 259 52 50 93 365 148 250 403 275 382 294
215 220 268 405 270 447 494 0 321 476 435 401 147 386 296 119 293 147 174
253 260 20 202 244 158 259 321 0 146 189 111 175 92 23 196 2 155 30
526 433 217 167 487 122 52 476 146 0 52 121 383 130 221 378 204 351 240
453 384 157 86 420 110 50 435 189 52 0 36 342 23 174 333 231 313 247
428 368 124 55 353 85 93 401 111 121 36 0 299 -1 134 306 132 230 193
138 46 173 320 98 389 365 147 175 383 342 299 0 304 184 56 148 24 127
353 329 79 46 363 75 148 386 92 130 23 -1 304 0 132 291 110 261 159
293 242 -16 142 245 190 250 296 23 221 174 134 184 132 0 189 16 176 65
98 147 216 316 99 373 403 119 196 378 333 306 56 291 189 0 173 21 93
223 192 56 144 276 186 275 293 2 204 231 132 148 110 16 173 0 200 25
103 61 145 303 117 341 382 147 155 351 313 230 24 261 176 21 200 0 98
209 169 99 200 173 254 294 174 30 240 247 193 127 159 65 93 25 98 0
