0 302 145 159 217 151 282 190 194 158 109 207 137 85 139 120 29 66 131
302 0 389 329 387 395 170 434 364 402 353 95 381 329 309 290 273 236 171
145 389 0 246 304 126 369 165 281 85 36 294 112 60 226 207 116 153 218
159 329 246 0 136 252 309 291 113 259 210 234 238 186 58 39 130 93 158
217 387 304 136 0 310 367 349 133 317 268 292 296 244 78 97 188 151 216
151 395 126 252 310 0 375 67 287 139 90 300 14 66 232 213 122 159 224
282 170 369 309 367 375 0 414 344 382 333 75 361 309 289 270 253 216 151
190 434 165 291 349 67 414 0 326 178 129 339 53 105 271 252 161 198 263
194 364 281 113 133 287 344 326 0 294 245 269 273 221 55 74 165 128 193
158 402 85 259 317 139 382 178 294 0 49 307 125 73 239 220 129 166 231
109 353 36 210 268 90 333 129 245 49 0 258 76 24 190 171 80 117 182
207 95 294 234 292 300 75 339 269 307 258 0 286 234 214 195 178 141 76
137 381 112 238 296 14 361 53 273 125 76 286 0 52 218 199 108 145 210
85 329 60 186 244 66 309 105 221 73 24 234 52 0 166 147 56 93 158
139 309 226 58 78 232 289 271 55 239 190 214 218 166 0 19 110 73 138
120 290 207 39 97 213 270 252 74 220 171 195 199 147 19 0 91 54 119
29 273 116 130 188 122 253 161 165 129 80 178 108 56 110 91 0 37 102
66 236 153 93 151 159 216 198 128 166 117 141 145 93 73 54 37 0 65
131 171 218 158 216 224 151 263 193 231 182 76 210 158 138 119 102 65 0
