0 284 294 102 307 312 304 352 296 157 61 274 125 306 303 240 191 166 200
284 0 78 367 68 190 68 213 289 304 268 147 224 45 29 60 79 231 257
294 78 0 272 53 196 62 229 258 236 271 116 191 76 16 37 101 147 202
102 367 272 0 365 284 277 380 272 167 18 218 138 292 275 248 213 124 211
307 68 53 365 0 211 94 243 366 270 305 189 241 98 48 101 187 199 249
312 190 196 284 211 0 158 117 216 190 228 47 171 187 179 134 104 129 167
304 68 62 277 94 158 0 260 242 236 252 114 177 69 35 29 47 107 124
352 213 229 380 243 117 260 0 330 248 319 103 223 254 207 171 159 179 193
296 289 258 272 366 216 242 330 0 202 297 278 179 258 247 250 176 152 100
157 304 236 167 270 190 236 248 202 0 133 189 83 218 199 208 153 117 96
61 268 271 18 305 228 252 319 297 133 0 183 106 241 221 223 171 158 148
274 147 116 218 189 47 114 103 278 189 183 0 102 98 95 91 22 83 138
125 224 191 138 241 171 177 223 179 83 106 102 0 141 150 126 70 41 102
306 45 76 292 98 187 69 254 258 218 241 98 141 0 54 67 96 126 203
303 29 16 275 48 179 35 207 247 199 221 95 150 54 0 31 70 170 219
240 60 37 248 101 134 29 171 250 208 223 91 126 67 31 0 47 84 155
191 79 101 213 187 104 47 159 176 153 171 22 70 96 70 47 0 62 118
166 231 147 124 199 129 107 179 152 117 158 83 41 126 170 84 62 0 53
200 257 202 211 249 167 124 193 100 96 148 138 102 203 219 155 118 53 0
