0 169 339 205 275 360 208 394 98 273 338 180 20 257 164 167 144 105 126
169 0 298 86 234 319 89 353 227 232 297 139 149 216 123 48 25 64 43
339 298 0 334 286 185 337 219 397 284 163 191 319 82 175 296 273 234 255
205 86 334 0 270 355 79 389 263 268 333 175 185 252 159 38 61 100 79
275 234 286 270 0 307 273 341 333 188 285 95 255 204 111 232 209 170 191
360 319 185 355 307 0 358 78 418 305 22 212 340 103 196 317 294 255 276
208 89 337 79 273 358 0 392 266 271 336 178 188 255 162 41 64 103 82
394 353 219 389 341 78 392 0 452 339 56 246 374 137 230 351 328 289 310
98 227 397 263 333 418 266 452 0 331 396 238 78 315 222 225 202 163 184
273 232 284 268 188 305 271 339 331 0 283 93 253 202 109 230 207 168 189
338 297 163 333 285 22 336 56 396 283 0 190 318 81 174 295 272 233 254
180 139 191 175 95 212 178 246 238 93 190 0 160 109 16 137 114 75 96
20 149 319 185 255 340 188 374 78 253 318 160 0 237 144 147 124 85 106
257 216 82 252 204 103 255 137 315 202 81 109 237 0 93 214 191 152 173
164 123 175 159 111 196 162 230 222 109 174 16 144 93 0 121 98 59 80
167 48 296 38 232 317 41 351 225 230 295 137 147 214 121 0 23 62 41
144 25 273 61 209 294 64 328 202 207 272 114 124 191 98 23 0 39 18
105 64 234 100 170 255 103 289 163 168 233 75 85 152 59 62 39 0 21
126 43 255 79 191 276 82 310 184 189 254 96 106 173 80 41 18 21 0
