0 88 335 319 220 415 390 342 337 382 36 191 254 297 156 169 312 266 215
88 0 337 386 319 508 355 396 417 446 55 262 286 374 136 197 414 299 285
335 337 0 385 163 488 424 412 441 374 248 137 321 410 158 197 384 254 316
319 386 385 0 376 431 373 175 330 380 313 342 131 359 215 183 308 234 271
220 319 163 376 0 453 315 337 332 359 212 25 265 386 113 167 337 230 248
415 508 488 431 453 0 265 412 155 127 439 423 348 59 343 266 144 151 165
390 355 424 373 315 265 0 261 201 190 356 295 258 156 238 183 169 70 113
342 396 412 175 337 412 261 0 392 382 315 307 80 306 241 178 259 199 208
337 417 441 330 332 155 201 392 0 50 309 305 235 63 194 212 76 86 95
382 446 374 380 359 127 190 382 50 0 362 353 286 60 304 244 -11 108 128
36 55 248 313 212 439 356 315 309 362 0 170 216 354 130 161 287 243 231
191 262 137 342 25 423 295 307 305 353 170 0 215 321 114 159 228 222 218
254 286 321 131 265 348 258 80 235 286 216 215 0 267 146 75 204 149 154
297 374 410 359 386 59 156 306 63 60 354 321 267 0 206 165 26 72 111
156 136 158 215 113 343 238 241 194 304 130 114 146 206 0 64 236 151 136
169 197 197 183 167 266 183 178 212 244 161 159 75 165 64 0 144 70 67
312 414 384 308 337 144 169 259 76 -11 287 228 204 26 236 144 0 74 106
266 299 254 234 230 151 70 199 86 108 243 222 149 72 151 70 74 0 -23
215 285 316 271 248 165 113 208 95 128 231 218 154 111 136 67 106 -23 0
