0 370 120 442 158 162 320 102 377 395 77 81 52 392 270 327 67 257 154
370 0 342 208 348 411 210 303 198 215 233 272 257 158 99 142 277 85 158
120 342 0 425 138 156 357 116 333 443 115 120 93 372 309 272 72 212 115
442 208 425 0 437 481 335 412 303 125 351 407 371 70 155 310 350 226 275
158 348 138 437 0 132 368 152 338 446 47 61 108 378 242 343 45 302 98
162 411 156 481 132 0 421 175 402 476 105 42 83 355 320 273 123 213 183
320 210 357 335 368 421 0 317 95 314 260 318 327 250 119 97 307 146 236
102 303 116 412 152 175 317 0 350 410 63 76 96 336 252 265 88 196 157
377 198 333 303 338 402 95 350 0 282 303 283 242 259 173 57 301 85 206
395 215 443 125 446 476 314 410 282 0 380 379 366 60 176 230 321 200 272
77 233 115 351 47 105 260 63 303 380 0 18 23 278 194 197 -1 193 99
81 272 120 407 61 42 318 76 283 379 18 0 43 287 210 247 45 136 131
52 257 93 371 108 83 327 96 242 366 23 43 0 228 207 205 0 99 79
392 158 372 70 378 355 250 336 259 60 278 287 228 0 71 145 226 126 169
270 99 309 155 242 320 119 252 173 176 194 210 207 71 0 108 174 -6 95
327 142 272 310 343 273 97 265 57 230 197 247 205 145 108 0 225 60 173
67 277 72 350 45 123 307 88 301 321 -1 45 0 226 174 225 0 187 77
257 85 212 226 302 213 146 196 85 200 193 136 99 126 -6 60 187 0 91
154 158 115 275 98 183 236 157 206 272 99 131 79 169 95 173 77 91 0
