0 259 207 202 293 374 355 329 249 256 269 265 223 187 218 113 187 138 89
259 0 40 164 290 357 358 312 222 218 225 197 148 31 217 100 77 83 214
207 40 0 138 236 378 343 283 187 160 268 161 159 -17 172 93 89 16 177
202 164 138 0 227 252 278 252 207 131 213 157 142 134 138 78 26 2 143
293 290 236 227 0 402 396 350 269 113 312 263 99 210 212 192 228 177 271
374 357 378 252 402 0 226 230 149 327 60 110 305 291 152 254 244 217 274
355 358 343 278 396 226 0 262 207 343 88 85 306 316 164 224 251 235 305
329 312 283 252 350 230 262 0 218 301 122 87 214 298 140 235 220 233 317
249 222 187 207 269 149 207 218 0 219 147 78 196 175 31 74 131 140 162
256 218 160 131 113 327 343 301 219 0 194 132 -10 222 139 97 121 113 205
269 225 268 213 312 60 88 122 147 194 0 34 190 240 64 106 160 105 211
265 197 161 157 263 110 85 87 78 132 34 0 189 219 67 110 128 134 232
223 148 159 142 99 305 306 214 196 -10 190 189 0 140 125 42 72 78 154
187 31 -17 134 210 291 316 298 175 222 240 219 140 0 172 82 51 23 149
218 217 172 138 212 152 164 140 31 139 64 67 125 172 0 42 77 97 194
113 100 93 78 192 254 224 235 74 97 106 110 42 82 42 0 21 46 99
187 77 89 26 228 244 251 220 131 121 160 128 72 51 77 21 0 13 74
138 83 16 2 177 217 235 233 140 113 105 134 78 23 97 46 13 0 60
89 214 177 143 271 274 305 317 162 205 211 232 154 149 194 99 74 60 0
