0 375 179 356 337 103 371 351 90 419 364 54 373 247 249 185 156 71 125
375 0 167 274 148 306 341 347 339 368 298 284 320 260 77 134 179 256 125
179 167 0 213 185 244 227 226 224 298 162 134 243 101 145 27 -8 154 16
356 274 213 0 333 377 72 185 314 246 2 277 185 97 254 155 196 288 199
337 148 185 333 0 330 393 337 297 434 317 275 311 224 66 186 151 257 247
103 306 244 377 330 0 409 389 142 449 343 56 401 275 329 204 162 85 135
371 341 227 72 393 409 0 176 346 207 111 321 178 88 284 133 171 270 277
351 347 226 185 337 389 176 0 359 67 161 333 -15 104 286 173 225 290 280
90 339 224 314 297 142 346 359 0 399 286 40 315 238 241 175 123 64 179
419 368 298 246 434 449 207 67 399 0 186 354 71 114 366 224 259 364 268
364 298 162 2 317 343 111 161 286 186 0 281 158 91 226 133 86 264 157
54 284 134 277 275 56 321 333 40 354 281 0 338 204 216 136 129 -5 142
373 320 243 185 311 401 178 -15 315 71 158 338 0 111 274 238 202 301 209
247 260 101 97 224 275 88 104 238 114 91 204 111 0 193 110 106 185 150
249 77 145 254 66 329 284 286 241 366 226 216 274 193 0 65 57 177 96
185 134 27 155 186 204 133 173 175 224 133 136 238 110 65 0 10 124 30
156 179 -8 196 151 162 171 225 123 259 86 129 202 106 57 10 0 111 47
71 256 154 288 257 85 270 290 64 364 264 -5 301 185 177 124 111 0 106
125 125 16 199 247 135 277 280 179 268 157 142 209 150 96 30 47 106 0
