0 118 166 192 195 233 289 303 223 255 148 236 146 244 -10 88 186 107 211
118 0 274 280 202 261 354 382 258 312 278 306 206 261 97 157 274 172 216
166 274 0 218 190 266 316 324 81 242 182 221 -3 275 152 102 213 99 230
192 280 218 0 200 269 379 300 313 32 183 242 207 20 245 138 183 122 72
195 202 190 200 0 74 182 227 246 242 49 78 212 225 142 135 40 111 145
233 261 266 269 74 0 192 169 286 285 45 164 233 285 159 128 88 115 295
289 354 316 379 182 192 0 153 405 351 125 29 271 311 296 242 163 159 273
303 382 324 300 227 169 153 0 345 402 163 103 302 307 295 294 123 224 284
223 258 81 313 246 286 405 345 0 338 283 295 74 315 202 131 205 163 253
255 312 242 32 242 285 351 402 338 0 227 287 196 -21 180 123 183 177 84
148 278 182 183 49 45 125 163 283 227 0 92 186 195 115 62 2 127 201
236 306 221 242 78 164 29 103 295 287 92 0 195 251 161 114 36 167 243
146 206 -3 207 212 233 271 302 74 196 186 195 0 186 145 64 147 92 230
244 261 275 20 225 285 311 307 315 -21 195 251 186 0 218 144 204 115 63
-10 97 152 245 142 159 296 295 202 180 115 161 145 218 0 67 136 66 183
88 157 102 138 135 128 242 294 131 123 62 114 64 144 67 0 78 8 96
186 274 213 183 40 88 163 123 205 183 2 36 147 204 136 78 0 64 121
107 172 99 122 111 115 159 224 163 177 127 167 92 115 66 8 64 0 68
211 216 230 72 145 295 273 284 253 84 201 243 230 63 183 96 121 68 0
