0 110 243 232 243 189 212 232 281 293 177 231 278 198 186 146 38 61 145
110 0 277 266 277 223 246 266 315 327 211 265 312 232 220 180 72 95 179
243 277 0 353 194 78 163 353 232 244 66 352 229 149 137 97 205 182 266
232 266 353 0 353 299 322 2 391 403 287 1 388 308 296 256 194 171 87
243 277 194 353 0 140 59 353 152 164 128 352 149 45 57 97 205 182 266
189 223 78 299 140 0 109 299 178 190 12 298 175 95 83 43 151 128 212
212 246 163 322 59 109 0 322 121 133 97 321 118 14 26 66 174 151 235
232 266 353 2 353 299 322 0 391 403 287 1 388 308 296 256 194 171 87
281 315 232 391 152 178 121 391 0 18 166 390 3 107 95 135 243 220 304
293 327 244 403 164 190 133 403 18 0 178 402 15 119 107 147 255 232 316
177 211 66 287 128 12 97 287 166 178 0 286 163 83 71 31 139 116 200
231 265 352 1 352 298 321 1 390 402 286 0 387 307 295 255 193 170 86
278 312 229 388 149 175 118 388 3 15 163 387 0 104 92 132 240 217 301
198 232 149 308 45 95 14 308 107 119 83 307 104 0 12 52 160 137 221
186 220 137 296 57 83 26 296 95 107 71 295 92 12 0 40 148 125 209
146 180 97 256 97 43 66 256 135 147 31 255 132 52 40 0 108 85 169
38 72 205 194 205 151 174 194 243 255 139 193 240 160 148 108 0 23 107
61 95 182 171 182 128 151 171 220 232 116 170 217 137 125 85 23 0 84
145 179 266 87 266 212 235 87 304 316 200 86 301 221 209 169 107 84 0
