0 216 279 196 271 269 121 226 215 174 219 158 186 165 178 44 155 115 80
216 0 116 99 204 190 152 48 202 167 147 100 44 113 64 111 26 33 78
279 116 0 208 283 294 248 76 261 215 208 188 51 141 140 139 130 165 174
196 99 208 0 158 184 191 196 97 99 50 50 163 80 71 155 101 58 120
271 204 283 158 0 135 192 157 185 148 141 133 195 76 102 164 195 101 146
269 190 294 184 135 0 240 254 187 156 167 106 208 72 139 179 151 148 135
121 152 248 191 192 240 0 198 230 231 116 122 155 133 95 28 99 119 59
226 48 76 196 157 254 198 0 181 183 171 123 -38 118 103 92 35 123 132
215 202 261 97 185 187 230 181 0 69 64 59 164 99 53 129 206 125 160
174 167 215 99 148 156 231 183 69 0 -6 56 145 98 14 129 141 31 111
219 147 208 50 141 167 116 171 64 -6 0 12 124 36 15 122 119 28 87
158 100 188 50 133 106 122 123 59 56 12 0 117 85 -22 122 116 72 49
186 44 51 163 195 208 155 -38 164 145 124 117 0 160 77 158 59 62 92
165 113 141 80 76 72 133 118 99 98 36 85 160 0 -4 148 64 46 54
178 64 140 71 102 139 95 103 53 14 15 -22 77 -4 0 58 30 45 93
44 111 139 155 164 179 28 92 129 129 122 122 158 148 58 0 131 47 -3
155 26 130 101 195 151 99 35 206 141 119 116 59 64 30 131 0 49 95
115 33 165 58 101 148 119 123 125 31 28 72 62 46 45 47 49 0 -12
80 78 174 120 146 135 59 132 160 111 87 49 92 54 93 -3 95 -12 0
