0 242 333 283 30 185 334 28 95 211 254 224 21 182 2 105 6 26 113
242 0 211 161 268 217 212 258 325 401 132 102 251 60 240 137 236 216 303
333 211 0 168 359 308 159 349 416 492 79 109 342 151 331 228 327 307 394
283 161 168 0 309 258 169 299 366 442 89 59 292 101 281 178 277 257 344
30 268 359 309 0 211 360 54 121 237 280 250 47 208 28 131 32 52 139
185 217 308 258 211 0 309 201 268 344 229 199 194 157 183 80 179 159 246
334 212 159 169 360 309 0 350 417 493 80 110 343 152 332 229 328 308 395
28 258 349 299 54 201 350 0 81 227 270 240 7 198 26 121 22 42 129
95 325 416 366 121 268 417 81 0 294 337 307 74 265 93 188 89 109 196
211 401 492 442 237 344 493 227 294 0 413 383 220 341 209 264 205 185 98
254 132 79 89 280 229 80 270 337 413 0 30 263 72 252 149 248 228 315
224 102 109 59 250 199 110 240 307 383 30 0 233 42 222 119 218 198 285
21 251 342 292 47 194 343 7 74 220 263 233 0 191 19 114 15 35 122
182 60 151 101 208 157 152 198 265 341 72 42 191 0 180 77 176 156 243
2 240 331 281 28 183 332 26 93 209 252 222 19 180 0 103 4 24 111
105 137 228 178 131 80 229 121 188 264 149 119 114 77 103 0 99 79 166
6 236 327 277 32 179 328 22 89 205 248 218 15 176 4 99 0 20 107
26 216 307 257 52 159 308 42 109 185 228 198 35 156 24 79 20 0 87
113 303 394 344 139 246 395 129 196 98 315 285 122 243 111 166 107 87 0
