0 173 256 293 268 244 146 226 504 420 414 290 192 234 221 55 189 143 125
173 0 108 248 221 255 291 66 380 360 328 252 50 212 194 199 49 119 90
256 108 0 284 249 260 288 32 435 359 391 260 110 221 181 184 66 130 74
293 248 284 0 132 135 331 197 258 50 119 -18 263 162 107 250 212 169 194
268 221 249 132 0 63 231 162 313 235 239 150 166 31 53 190 226 124 153
244 255 260 135 63 0 275 191 316 234 187 121 182 25 90 215 180 145 146
146 291 288 331 231 275 0 201 544 378 370 305 203 281 225 115 160 119 135
226 66 32 197 162 191 201 0 391 286 320 127 20 184 106 127 -13 41 55
504 380 435 258 313 316 544 391 0 129 88 167 386 317 238 376 385 344 332
420 360 359 50 235 234 378 286 129 0 14 143 290 195 188 322 303 262 274
414 328 391 119 239 187 370 320 88 14 0 94 305 193 120 334 290 257 260
290 252 260 -18 150 121 305 127 167 143 94 0 216 115 27 281 201 154 160
192 50 110 263 166 182 203 20 386 290 305 216 0 169 115 92 9 9 91
234 212 221 162 31 25 281 184 317 195 193 115 169 0 39 181 196 123 123
221 194 181 107 53 90 225 106 238 188 120 27 115 39 0 190 85 92 113
55 199 184 250 190 215 115 127 376 322 334 281 92 181 190 0 140 53 29
189 49 66 212 226 180 160 -13 385 303 290 201 9 196 85 140 0 65 65
143 119 130 169 124 145 119 41 344 262 257 154 9 123 92 53 65 0 41
125 90 74 194 153 146 135 55 332 274 260 160 91 123 113 29 65 41 0
