0 315 191 317 214 113 149 170 136 113 127 102 145 111 250 45 81 109 171
315 0 344 132 439 266 246 267 361 210 352 255 242 208 65 270 234 206 144
191 344 0 346 315 100 178 199 237 142 228 89 174 140 279 146 110 138 200
317 132 346 0 441 268 248 269 363 212 354 257 244 210 67 272 236 208 146
214 439 315 441 0 237 273 294 96 237 87 226 269 235 374 169 205 233 295
113 266 100 268 237 0 100 121 159 64 150 11 96 62 201 68 32 60 122
149 246 178 248 273 100 0 29 195 40 186 89 4 38 181 104 68 40 102
170 267 199 269 294 121 29 0 216 61 207 110 25 59 202 125 89 61 123
136 361 237 363 96 159 195 216 0 159 9 148 191 157 296 91 127 155 217
113 210 142 212 237 64 40 61 159 0 150 53 36 2 145 68 32 4 66
127 352 228 354 87 150 186 207 9 150 0 139 182 148 287 82 118 146 208
102 255 89 257 226 11 89 110 148 53 139 0 85 51 190 57 21 49 111
145 242 174 244 269 96 4 25 191 36 182 85 0 34 177 100 64 36 98
111 208 140 210 235 62 38 59 157 2 148 51 34 0 143 66 30 2 64
250 65 279 67 374 201 181 202 296 145 287 190 177 143 0 205 169 141 79
45 270 146 272 169 68 104 125 91 68 82 57 100 66 205 0 36 64 126
81 234 110 236 205 32 68 89 127 32 118 21 64 30 169 36 0 28 90
109 206 138 208 233 60 40 61 155 4 146 49 36 2 141 64 28 0 62
171 144 200 146 295 122 102 123 217 66 208 111 98 64 79 126 90 62 0
