0 428 311 431 177 66 236 314 403 246 421 335 159 48 66 296 253 146 191
428 0 147 17 313 398 532 236 161 542 7 93 455 380 362 132 175 282 237
311 147 0 150 196 281 415 119 122 425 140 54 338 263 245 15 58 165 120
431 17 150 0 316 401 535 239 164 545 10 96 458 383 365 135 178 285 240
177 313 196 316 0 147 281 199 288 291 306 220 204 129 111 181 138 31 76
66 398 281 401 147 0 206 284 373 216 391 305 129 18 36 266 223 116 161
236 532 415 535 281 206 0 418 507 164 525 439 77 188 170 400 357 250 295
314 236 119 239 199 284 418 0 211 428 229 143 341 266 248 104 61 168 123
403 161 122 164 288 373 507 211 0 517 154 68 430 355 337 107 150 257 212
246 542 425 545 291 216 164 428 517 0 535 449 87 198 180 410 367 260 305
421 7 140 10 306 391 525 229 154 535 0 86 448 373 355 125 168 275 230
335 93 54 96 220 305 439 143 68 449 86 0 362 287 269 39 82 189 144
159 455 338 458 204 129 77 341 430 87 448 362 0 111 93 323 280 173 218
48 380 263 383 129 18 188 266 355 198 373 287 111 0 18 248 205 98 143
66 362 245 365 111 36 170 248 337 180 355 269 93 18 0 230 187 80 125
296 132 15 135 181 266 400 104 107 410 125 39 323 248 230 0 43 150 105
253 175 58 178 138 223 357 61 150 367 168 82 280 205 187 43 0 107 62
146 282 165 285 31 116 250 168 257 260 275 189 173 98 80 150 107 0 45
191 237 120 240 76 161 295 123 212 305 230 144 218 143 125 105 62 45 0
