0 251 310 157 191 293 301 306 261 240 220 91 239 237 99 152 228 136 189
251 0 105 226 244 272 280 285 240 219 199 160 218 216 152 131 23 115 62
310 105 0 285 303 331 339 344 299 278 258 219 277 275 211 190 82 174 121
157 226 285 0 166 268 276 281 236 215 195 66 214 212 74 127 203 111 164
191 244 303 166 0 286 294 299 254 233 213 100 232 230 92 145 221 129 182
293 272 331 268 286 0 290 121 80 229 209 202 54 56 194 141 249 157 210
301 280 339 276 294 290 0 303 258 101 81 210 236 234 202 149 257 165 218
306 285 344 281 299 121 303 0 93 242 222 215 67 69 207 154 262 170 223
261 240 299 236 254 80 258 93 0 197 177 170 26 24 162 109 217 125 178
240 219 278 215 233 229 101 242 197 0 20 149 175 173 141 88 196 104 157
220 199 258 195 213 209 81 222 177 20 0 129 155 153 121 68 176 84 137
91 160 219 66 100 202 210 215 170 149 129 0 148 146 8 61 137 45 98
239 218 277 214 232 54 236 67 26 175 155 148 0 2 140 87 195 103 156
237 216 275 212 230 56 234 69 24 173 153 146 2 0 138 85 193 101 154
99 152 211 74 92 194 202 207 162 141 121 8 140 138 0 53 129 37 90
152 131 190 127 145 141 149 154 109 88 68 61 87 85 53 0 108 16 69
228 23 82 203 221 249 257 262 217 196 176 137 195 193 129 108 0 92 39
136 115 174 111 129 157 165 170 125 104 84 45 103 101 37 16 92 0 53
189 62 121 164 182 210 218 223 178 157 137 98 156 154 90 69 39 53 0
