0 143 380 228 231 355 204 417 91 267 357 182 15 273 167 123 145 137 39
143 0 315 66 227 321 52 385 245 199 290 175 166 252 116 28 -41 77 55
380 315 0 311 311 192 352 236 393 266 181 179 332 68 214 265 278 285 262
228 66 311 0 275 391 95 360 273 279 352 223 182 245 137 26 51 129 68
231 227 311 275 0 347 228 308 324 194 302 139 270 184 138 255 208 236 169
355 321 192 391 347 0 376 113 455 316 51 237 393 159 183 309 288 285 254
204 52 352 95 228 376 0 438 295 310 345 200 169 248 142 27 55 126 116
417 385 236 360 308 113 438 0 443 354 19 248 341 127 174 362 395 306 285
91 245 393 273 324 455 295 443 0 301 384 297 60 295 197 232 185 155 174
267 199 266 279 194 316 310 354 301 0 258 115 273 195 143 197 179 104 203
357 290 181 352 302 51 345 19 384 258 0 207 311 86 200 288 250 224 286
182 175 179 223 139 237 200 248 297 115 207 0 152 109 20 99 138 67 118
15 166 332 182 270 393 169 341 60 273 311 152 0 249 130 153 133 49 92
273 252 68 245 184 159 248 127 295 195 86 109 249 0 102 177 211 156 163
167 116 214 137 138 183 142 174 197 143 200 20 130 102 0 160 57 107 78
123 28 265 26 255 309 27 362 232 197 288 99 153 177 160 0 20 10 69
145 -41 278 51 208 288 55 395 185 179 250 138 133 211 57 20 0 14 -3
137 77 285 129 236 285 126 306 155 104 224 67 49 156 107 10 14 0 12
39 55 262 68 169 254 116 285 174 203 286 118 92 163 78 69 -3 12 0
