0 298 274 330 295 200 357 126 266 328 317 274 156 295 99 122 242 251 213
298 0 337 87 345 226 145 214 308 165 255 302 187 128 192 187 10 9 89
274 337 0 365 220 60 344 229 195 367 79 186 98 348 270 163 257 298 264
330 87 365 0 374 277 214 177 309 206 275 266 203 158 257 184 68 76 154
295 345 220 374 0 171 424 298 88 376 185 89 195 361 280 173 298 325 229
200 226 60 277 171 0 314 242 138 304 3 117 19 275 160 115 177 211 148
357 145 344 214 424 314 0 295 371 107 287 319 315 43 257 259 102 103 208
126 214 229 177 298 242 295 0 255 310 208 213 172 278 102 79 222 203 147
266 308 195 309 88 138 371 255 0 296 101 22 86 352 222 160 221 258 216
328 165 367 206 376 304 107 310 296 0 310 341 227 10 223 207 104 124 115
317 255 79 275 185 3 287 208 101 310 0 122 53 280 161 102 233 209 134
274 302 186 266 89 117 319 213 22 341 122 0 19 307 117 142 211 245 207
156 187 98 203 195 19 315 172 86 227 53 19 0 206 77 42 144 172 123
295 128 348 158 361 275 43 278 352 10 280 307 206 0 265 208 96 46 145
99 192 270 257 280 160 257 102 222 223 161 117 77 265 0 33 158 148 127
122 187 163 184 173 115 259 79 160 207 102 142 42 208 33 0 79 99 57
242 10 257 68 298 177 102 222 221 104 233 211 144 96 158 79 0 10 53
251 9 298 76 325 211 103 203 258 124 209 245 172 46 148 99 10 0 54
213 89 264 154 229 148 208 147 216 115 134 207 123 145 127 57 53 54 0
