0 171 309 223 252 563 369 532 412 615 484 132 278 412 296 201 281 177 208
171 0 291 210 272 489 384 492 426 568 470 113 317 362 323 200 211 202 170
309 291 0 82 174 390 247 350 365 426 333 197 246 296 176 97 174 73 111
223 210 82 0 164 365 268 378 276 423 324 177 223 271 191 56 107 13 9
252 272 174 164 0 254 175 275 202 307 279 207 126 178 80 143 68 101 115
563 489 390 365 254 0 247 174 315 208 142 387 182 73 184 331 224 278 308
369 384 247 268 175 247 0 234 95 284 233 308 60 143 91 203 125 171 194
532 492 350 378 275 174 234 0 304 135 63 401 205 63 195 322 240 345 335
412 426 365 276 202 315 95 304 0 345 270 309 97 172 106 235 156 244 276
615 568 426 423 307 208 284 135 345 0 93 471 280 178 266 395 313 415 409
484 470 333 324 279 142 233 63 270 93 0 408 158 30 151 271 198 281 277
132 113 197 177 207 387 308 401 309 471 408 0 275 308 265 72 149 127 82
278 317 246 223 126 182 60 205 97 280 158 275 0 111 -13 183 59 184 130
412 362 296 271 178 73 143 63 172 178 30 308 111 0 62 271 163 231 277
296 323 176 191 80 184 91 195 106 266 151 265 -13 62 0 148 43 85 161
201 200 97 56 143 331 203 322 235 395 271 72 183 271 148 0 57 31 15
281 211 174 107 68 224 125 240 156 313 198 149 59 163 43 57 0 72 87
177 202 73 13 101 278 171 345 244 415 281 127 184 231 85 31 72 0 15
208 170 111 9 115 308 194 335 276 409 277 82 130 277 161 15 87 15 0
