0 165 246 135 411 363 302 420 227 134 226 86 383 293 6 220 211 77 133
165 0 399 288 564 516 455 573 380 127 379 79 536 446 159 373 364 230 286
246 399 0 227 235 187 126 244 51 368 50 320 207 117 240 44 35 169 113
135 288 227 0 392 344 283 401 208 257 207 209 364 274 129 201 192 58 114
411 564 235 392 0 188 273 65 198 533 197 485 28 118 405 191 200 334 278
363 516 187 344 188 0 225 197 150 485 149 437 160 70 357 143 152 286 230
302 455 126 283 273 225 0 282 77 424 76 376 245 155 296 82 91 225 169
420 573 244 401 65 197 282 0 207 542 206 494 37 127 414 200 209 343 287
227 380 51 208 198 150 77 207 0 349 1 301 170 80 221 7 16 150 94
134 127 368 257 533 485 424 542 349 0 348 48 505 415 128 342 333 199 255
226 379 50 207 197 149 76 206 1 348 0 300 169 79 220 6 15 149 93
86 79 320 209 485 437 376 494 301 48 300 0 457 367 80 294 285 151 207
383 536 207 364 28 160 245 37 170 505 169 457 0 90 377 163 172 306 250
293 446 117 274 118 70 155 127 80 415 79 367 90 0 287 73 82 216 160
6 159 240 129 405 357 296 414 221 128 220 80 377 287 0 214 205 71 127
220 373 44 201 191 143 82 200 7 342 6 294 163 73 214 0 9 143 87
211 364 35 192 200 152 91 209 16 333 15 285 172 82 205 9 0 134 78
77 230 169 58 334 286 225 343 150 199 149 151 306 216 71 143 134 0 56
133 286 113 114 278 230 169 287 94 255 93 207 250 160 127 87 78 56 0
