0 451 421 386 187 105 216 273 436 225 416 390 157 70 162 325 215 158 222
451 0 103 183 375 415 382 308 100 425 49 11 314 382 286 135 201 303 267
421 103 0 193 348 354 381 287 111 394 8 27 282 391 284 122 256 294 211
386 183 193 0 305 330 249 248 175 297 162 130 195 316 266 78 139 252 169
187 375 348 305 0 148 113 176 375 144 374 266 95 110 24 230 118 69 127
105 415 354 330 148 0 173 252 362 177 334 376 108 29 110 247 180 88 198
216 382 381 249 113 173 0 211 337 94 327 298 2 176 48 164 66 50 79
273 308 287 248 176 252 211 0 276 242 270 274 150 188 134 180 80 175 124
436 100 111 175 375 362 337 276 0 305 61 3 324 362 258 96 184 227 235
225 425 394 297 144 177 94 242 305 0 402 326 58 168 86 255 191 89 112
416 49 8 162 374 334 327 270 61 402 0 52 278 330 251 96 224 277 259
390 11 27 130 266 376 298 274 3 326 52 0 286 278 196 126 128 249 221
157 314 282 195 95 108 2 150 324 58 278 286 0 82 -33 160 69 -9 78
70 382 391 316 110 29 176 188 362 168 330 278 82 0 131 225 119 80 103
162 286 284 266 24 110 48 134 258 86 251 196 -33 131 0 136 103 -7 72
325 135 122 78 230 247 164 180 96 255 96 126 160 225 136 0 117 169 78
215 201 256 139 118 180 66 80 184 191 224 128 69 119 103 117 0 71 16
158 303 294 252 69 88 50 175 227 89 277 249 -9 80 -7 169 71 0 21
222 267 211 169 127 198 79 124 235 112 259 221 78 103 72 78 16 21 0
