0 138 195 333 364 430 400 424 252 388 347 354 179 298 39 118 277 203 216
138 0 255 393 424 490 460 484 312 448 407 414 239 358 99 178 337 263 276
195 255 0 292 323 389 359 383 89 347 306 313 16 257 156 77 236 162 175
333 393 292 0 291 357 327 351 349 125 274 281 276 35 294 215 204 130 117
364 424 323 291 0 100 210 234 380 346 17 164 307 256 325 246 87 161 174
430 490 389 357 100 0 276 300 446 412 83 230 373 322 391 312 153 227 240
400 460 359 327 210 276 0 116 416 382 193 46 343 292 361 282 123 197 210
424 484 383 351 234 300 116 0 440 406 217 70 367 316 385 306 147 221 234
252 312 89 349 380 446 416 440 0 404 363 370 73 314 213 134 293 219 232
388 448 347 125 346 412 382 406 404 0 329 336 331 90 349 270 259 185 172
347 407 306 274 17 83 193 217 363 329 0 147 290 239 308 229 70 144 157
354 414 313 281 164 230 46 70 370 336 147 0 297 246 315 236 77 151 164
179 239 16 276 307 373 343 367 73 331 290 297 0 241 140 61 220 146 159
298 358 257 35 256 322 292 316 314 90 239 246 241 0 259 180 169 95 82
39 99 156 294 325 391 361 385 213 349 308 315 140 259 0 79 238 164 177
118 178 77 215 246 312 282 306 134 270 229 236 61 180 79 0 159 85 98
277 337 236 204 87 153 123 147 293 259 70 77 220 169 238 159 0 74 87
203 263 162 130 161 227 197 221 219 185 144 151 146 95 164 85 74 0 13
216 276 175 117 174 240 210 234 232 172 157 164 159 82 177 98 87 13 0
