0 316 159 171 217 212 305 201 191 162 95 236 133 70 127 139 12 71 144
316 0 370 344 383 362 144 460 365 396 354 128 398 296 346 327 256 250 217
159 370 0 232 323 141 392 177 306 134 64 319 117 28 222 198 86 144 232
171 344 232 0 140 282 301 305 112 234 207 212 216 196 79 27 162 47 152
217 383 323 140 0 308 387 381 185 334 250 302 264 221 89 123 196 150 232
212 362 141 282 308 0 367 57 286 173 125 290 -34 80 277 227 124 131 249
305 144 392 301 387 367 0 448 316 363 311 101 361 273 287 279 224 230 162
201 460 177 305 381 57 448 0 300 194 120 370 67 110 258 250 156 186 255
191 365 306 112 185 286 316 300 0 300 306 295 260 223 -1 95 198 118 190
162 396 134 234 334 173 363 194 300 0 47 285 129 61 207 229 133 140 232
95 354 64 207 250 125 311 120 306 47 0 246 88 57 207 191 82 122 156
236 128 319 212 302 290 101 370 295 285 246 0 258 206 196 172 179 106 129
133 398 117 216 264 -34 361 67 260 129 88 258 0 55 259 225 87 188 257
70 296 28 196 221 80 273 110 223 61 57 206 55 0 154 215 43 120 172
127 346 222 79 89 277 287 258 -1 207 207 196 259 154 0 16 91 81 169
139 327 198 27 123 227 279 250 95 229 191 172 225 215 16 0 70 66 109
12 256 86 162 196 124 224 156 198 133 82 179 87 43 91 70 0 46 99
71 250 144 47 150 131 230 186 118 140 122 106 188 120 81 66 46 0 55
144 217 232 152 232 249 162 255 190 232 156 129 257 172 169 109 99 55 0
