0 290 321 284 24 174 311 43 102 242 224 217 8 181 4 155 -30 37 148
290 0 248 181 244 242 200 301 313 385 139 152 278 28 243 143 224 211 293
321 248 0 154 344 321 161 351 381 520 112 121 365 152 361 254 286 288 405
284 181 154 0 326 229 182 258 370 452 112 54 295 86 254 179 279 242 324
24 244 344 326 0 203 362 10 121 253 288 279 73 236 15 163 20 42 172
174 242 321 229 203 0 275 225 239 351 204 215 210 150 205 60 161 204 242
311 200 161 182 362 275 0 375 437 523 69 151 321 135 315 250 335 325 403
43 301 351 258 10 225 375 0 88 296 289 226 4 212 -29 170 30 51 160
102 313 381 370 121 239 437 88 0 296 310 297 87 266 60 156 113 109 247
242 385 520 452 253 351 523 296 296 0 420 354 234 365 259 302 189 197 126
224 139 112 112 288 204 69 289 310 420 0 -1 283 102 221 130 255 192 314
217 152 121 54 279 215 151 226 297 354 -1 0 251 15 260 136 218 175 311
8 278 365 295 73 210 321 4 87 234 283 251 0 211 -1 120 13 29 140
181 28 152 86 236 150 135 212 266 365 102 15 211 0 172 67 209 143 261
4 243 361 254 15 205 315 -29 60 259 221 260 -1 172 0 88 38 -11 142
155 143 254 179 163 60 250 170 156 302 130 136 120 67 88 0 115 72 166
-30 224 286 279 20 161 335 30 113 189 255 218 13 209 38 115 0 32 90
37 211 288 242 42 204 325 51 109 197 192 175 29 143 -11 72 32 0 122
148 293 405 324 172 242 403 160 247 126 314 311 140 261 142 166 90 122 0
