0 15 161 83 360 264 150 291 289 145 67 99 199 50 234 207 178 83 171
15 0 191 147 291 235 89 145 209 95 12 25 153 11 140 93 20 37 114
161 191 0 268 288 168 172 262 276 58 116 146 124 126 189 140 23 32 16
83 147 268 0 365 307 156 271 341 179 107 33 264 96 246 230 211 189 159
360 291 288 365 0 145 368 288 258 208 320 319 149 263 110 150 220 214 265
264 235 168 307 145 0 251 201 177 169 243 220 116 167 47 116 144 184 192
150 89 172 156 368 251 0 268 292 200 70 73 190 121 266 236 115 203 165
291 145 262 271 288 201 268 0 142 181 266 233 83 190 147 90 152 203 173
289 209 276 341 258 177 292 142 0 146 203 204 67 198 179 89 152 185 217
145 95 58 179 208 169 200 181 146 0 82 138 139 77 152 55 9 37 67
67 12 116 107 320 243 70 266 203 82 0 21 165 14 200 103 108 56 102
99 25 146 33 319 220 73 233 204 138 21 0 177 46 231 139 44 47 96
199 153 124 264 149 116 190 83 67 139 165 177 0 145 97 10 66 96 97
50 11 126 96 263 167 121 190 198 77 14 46 145 0 195 92 68 60 81
234 140 189 246 110 47 266 147 179 152 200 231 97 195 0 63 111 120 127
207 93 140 230 150 116 236 90 89 55 103 139 10 92 63 0 19 51 54
178 20 23 211 220 144 115 152 152 9 108 44 66 68 111 19 0 6 8
83 37 32 189 214 184 203 203 185 37 56 47 96 60 120 51 6 0 21
171 114 16 159 265 192 165 173 217 67 102 96 97 81 127 54 8 21 0
