     19
object000 0 359 262 326 267 322 361 110 383 385 268 247 215 296 101 135 232 212 241
object001 359 0 167 418 342 171 419 307 78 427 176 95 115 346 266 163 352 287 269
object002 262 167 0 340 318 67 331 215 226 337 7 156 49 323 193 145 242 206 184
object003 326 418 340 0 82 348 333 308 430 282 289 391 294 188 258 221 77 137 133
object004 267 342 318 82 0 283 187 244 385 258 263 266 192 176 182 184 -29 102 71
object005 322 171 67 348 283 0 391 294 244 409 76 173 74 300 290 173 271 227 242
object006 361 419 331 333 187 391 0 336 412 135 356 333 279 -3 286 212 220 122 147
object007 110 307 215 308 244 294 336 0 376 314 279 320 191 218 -24 96 236 149 210
object008 383 78 226 430 385 244 412 376 0 479 197 48 144 376 330 249 325 277 316
object009 385 427 337 282 258 409 135 314 479 0 303 373 241 45 287 198 222 117 143
object010 268 176 7 289 263 76 356 279 197 303 0 91 26 290 175 112 179 165 164
object011 247 95 156 391 266 173 333 320 48 373 91 0 117 247 234 162 316 237 171
object012 215 115 49 294 192 74 279 191 144 241 26 117 0 217 132 106 166 153 156
object013 296 346 323 188 176 300 -3 218 376 45 290 247 217 0 194 124 159 101 94
object014 101 266 193 258 182 290 286 -24 330 287 175 234 132 194 0 102 154 156 153
object015 135 163 145 221 184 173 212 96 249 198 112 162 106 124 102 0 93 116 38
object016 232 352 242 77 -29 271 220 236 325 222 179 316 166 159 154 93 0 69 62
object017 212 287 206 137 102 227 122 149 277 117 165 237 153 101 156 116 69 0 17
object018 241 269 184 133 71 242 147 210 316 143 164 171 156 94 153 38 62 17 0
