0 69 186 198 151 242 238 206 152 227 112 159 154 67 55 14 18 94 66
69 0 219 231 184 283 279 247 193 268 145 200 195 108 96 55 51 127 99
186 219 0 196 149 400 396 364 310 385 110 317 312 225 213 172 168 92 120
198 231 196 0 125 412 408 376 322 397 86 329 324 237 225 184 180 104 132
151 184 149 125 0 365 361 329 275 350 39 282 277 190 178 137 133 57 85
242 283 400 412 365 0 346 314 284 151 326 83 262 175 187 228 232 308 280
238 279 396 408 361 346 0 136 280 331 322 263 84 171 183 224 228 304 276
206 247 364 376 329 314 136 0 248 299 290 231 52 139 151 192 196 272 244
152 193 310 322 275 284 280 248 0 269 236 201 196 109 97 138 142 218 190
227 268 385 397 350 151 331 299 269 0 311 68 247 160 172 213 217 293 265
112 145 110 86 39 326 322 290 236 311 0 243 238 151 139 98 94 18 46
159 200 317 329 282 83 263 231 201 68 243 0 179 92 104 145 149 225 197
154 195 312 324 277 262 84 52 196 247 238 179 0 87 99 140 144 220 192
67 108 225 237 190 175 171 139 109 160 151 92 87 0 12 53 57 133 105
55 96 213 225 178 187 183 151 97 172 139 104 99 12 0 41 45 121 93
14 55 172 184 137 228 224 192 138 213 98 145 140 53 41 0 4 80 52
18 51 168 180 133 232 228 196 142 217 94 149 144 57 45 4 0 76 48
94 127 92 104 57 308 304 272 218 293 18 225 220 133 121 80 76 0 28
66 99 120 132 85 280 276 244 190 265 46 197 192 105 93 52 48 28 0
