0 78 124 361 342 352 274 111 318 249 224 59 268 273 86 229 168 72 63
78 0 84 321 302 312 234 71 278 209 184 19 228 233 46 189 128 32 23
124 84 0 341 322 332 254 63 298 229 204 65 248 253 38 209 148 52 61
361 321 341 0 245 255 299 328 133 274 249 302 171 88 303 132 193 289 298
342 302 322 245 0 158 280 309 202 255 230 283 74 157 284 113 174 270 279
352 312 332 255 158 0 290 319 212 265 240 293 84 167 294 123 184 280 289
274 234 254 299 280 290 0 241 256 75 50 215 206 211 216 167 106 202 211
111 71 63 328 309 319 241 0 285 216 191 52 235 240 25 196 135 39 48
318 278 298 133 202 212 256 285 0 231 206 259 128 45 260 89 150 246 255
249 209 229 274 255 265 75 216 231 0 25 190 181 186 191 142 81 177 186
224 184 204 249 230 240 50 191 206 25 0 165 156 161 166 117 56 152 161
59 19 65 302 283 293 215 52 259 190 165 0 209 214 27 170 109 13 4
268 228 248 171 74 84 206 235 128 181 156 209 0 83 210 39 100 196 205
273 233 253 88 157 167 211 240 45 186 161 214 83 0 215 44 105 201 210
86 46 38 303 284 294 216 25 260 191 166 27 210 215 0 171 110 14 23
229 189 209 132 113 123 167 196 89 142 117 170 39 44 171 0 61 157 166
168 128 148 193 174 184 106 135 150 81 56 109 100 105 110 61 0 96 105
72 32 52 289 270 280 202 39 246 177 152 13 196 201 14 157 96 0 9
63 23 61 298 279 289 211 48 255 186 161 4 205 210 23 166 105 9 0
