0 277 203 399 324 227 61 330 354 277 309 1 183 231 84 298 268 164 183
277 0 312 140 65 336 336 279 95 226 50 276 292 180 193 39 9 113 94
203 312 0 434 359 64 262 365 389 312 344 202 20 266 119 333 303 199 218
399 140 434 0 127 458 458 401 135 348 90 398 414 302 315 101 131 235 216
324 65 359 127 0 383 383 326 82 273 37 323 339 227 240 26 56 160 141
227 336 64 458 383 0 286 389 413 336 368 226 44 290 143 357 327 223 242
61 336 262 458 383 286 0 389 413 336 368 60 242 290 143 357 327 223 242
330 279 365 401 326 389 389 0 356 145 311 329 345 99 246 300 270 166 185
354 95 389 135 82 413 413 356 0 303 45 353 369 257 270 56 86 190 171
277 226 312 348 273 336 336 145 303 0 258 276 292 46 193 247 217 113 132
309 50 344 90 37 368 368 311 45 258 0 308 324 212 225 11 41 145 126
1 276 202 398 323 226 60 329 353 276 308 0 182 230 83 297 267 163 182
183 292 20 414 339 44 242 345 369 292 324 182 0 246 99 313 283 179 198
231 180 266 302 227 290 290 99 257 46 212 230 246 0 147 201 171 67 86
84 193 119 315 240 143 143 246 270 193 225 83 99 147 0 214 184 80 99
298 39 333 101 26 357 357 300 56 247 11 297 313 201 214 0 30 134 115
268 9 303 131 56 327 327 270 86 217 41 267 283 171 184 30 0 104 85
164 113 199 235 160 223 223 166 190 113 145 163 179 67 80 134 104 0 19
183 94 218 216 141 242 242 185 171 132 126 182 198 86 99 115 85 19 0
