0 284 412 452 284 372 433 203 271 485 475 191 425 378 92 355 256 115 243
284 0 417 470 86 385 470 267 303 510 384 82 369 332 242 317 211 133 203
412 417 0 177 399 141 149 417 144 183 114 318 117 45 316 71 127 288 159
452 470 177 0 426 272 148 509 206 153 121 378 81 154 419 177 247 325 273
284 86 399 426 0 318 426 276 299 459 393 80 440 361 167 307 204 79 194
372 385 141 272 318 0 196 382 139 284 284 279 210 164 273 66 136 240 96
433 470 149 148 426 196 0 431 208 82 3 378 49 101 363 146 171 293 202
203 267 417 509 276 382 431 0 286 482 466 209 474 315 158 296 289 123 210
271 303 144 206 299 139 208 286 0 266 238 235 173 105 139 85 28 104 112
485 510 183 153 459 284 82 482 266 0 41 470 98 159 411 152 225 345 283
475 384 114 121 393 284 3 466 238 41 0 400 37 85 365 198 159 268 195
191 82 318 378 80 279 378 209 235 470 400 0 379 281 122 248 183 47 147
425 369 117 81 440 210 49 474 173 98 37 379 0 94 359 60 197 290 148
378 332 45 154 361 164 101 315 105 159 85 281 94 0 286 22 137 222 145
92 242 316 419 167 273 363 158 139 411 365 122 359 286 0 235 173 28 138
355 317 71 177 307 66 146 296 85 152 198 248 60 22 235 0 13 177 57
256 211 127 247 204 136 171 289 28 225 159 183 197 137 173 13 0 117 52
115 133 288 325 79 240 293 123 104 345 268 47 290 222 28 177 117 0 123
243 203 159 273 194 96 202 210 112 283 195 147 148 145 138 57 52 123 0
