0 254 274 357 205 468 428 68 280 499 452 395 146 274 250 17 200 63 158
254 0 313 433 87 487 538 274 299 538 431 456 46 334 333 204 274 143 160
274 313 0 124 377 242 267 323 126 309 243 190 258 74 50 242 88 194 104
357 433 124 0 409 198 186 347 191 186 143 132 345 21 108 294 152 295 156
205 87 377 409 0 546 535 270 325 618 526 433 91 401 333 278 262 147 239
468 487 242 198 546 0 125 501 316 131 87 117 439 144 171 437 239 391 235
428 538 267 186 535 125 0 506 235 182 76 42 416 165 214 394 207 365 280
68 274 323 347 270 501 506 0 252 532 447 416 221 314 302 61 248 132 158
280 299 126 191 325 316 235 252 0 339 283 213 242 196 85 233 19 181 90
499 538 309 186 618 131 182 532 339 0 106 124 501 200 260 439 261 397 333
452 431 243 143 526 87 76 447 283 106 0 20 448 109 188 407 212 383 232
395 456 190 132 433 117 42 416 213 124 20 0 385 82 160 376 190 315 163
146 46 258 345 91 439 416 221 242 501 448 385 0 380 284 149 234 91 191
274 334 74 21 401 144 165 314 196 200 109 82 380 0 84 265 126 216 91
250 333 50 108 333 171 214 302 85 260 188 160 284 84 0 258 39 175 82
17 204 242 294 278 437 394 61 233 439 407 376 149 265 258 0 190 39 171
200 274 88 152 262 239 207 248 19 261 212 190 234 126 39 190 0 141 24
63 143 194 295 147 391 365 132 181 397 383 315 91 216 175 39 141 0 75
158 160 104 156 239 235 280 158 90 333 232 163 191 91 82 171 24 75 0
