0 216 72 127 198 404 463 313 243 409 -2 382 173 392 238 232 115 151 163
216 0 210 174 27 321 377 90 195 356 205 339 15 271 -1 143 111 68 108
72 210 0 122 180 345 433 256 255 410 -21 395 257 334 215 245 60 132 221
127 174 122 0 211 343 371 255 211 410 110 329 221 233 165 184 44 77 147
198 27 180 211 0 311 420 98 213 394 146 331 22 238 71 164 119 109 120
404 321 345 343 311 0 232 400 207 150 348 119 352 64 354 131 277 291 163
463 377 433 371 420 232 0 503 233 188 410 78 363 94 403 220 354 272 331
313 90 256 255 98 400 503 0 289 410 256 423 58 327 57 210 178 145 237
243 195 255 211 213 207 233 289 0 240 257 158 196 105 207 26 232 123 93
409 356 410 410 394 150 188 410 240 0 430 62 347 67 319 242 304 294 242
-2 205 -21 110 146 348 410 256 257 430 0 374 209 301 213 192 66 110 142
382 339 395 329 331 119 78 423 158 62 374 0 362 78 275 169 324 267 212
173 15 257 221 22 352 363 58 196 347 209 362 0 252 52 163 125 77 139
392 271 334 233 238 64 94 327 105 67 301 78 252 0 299 90 221 169 141
238 -1 215 165 71 354 403 57 207 319 213 275 52 299 0 161 129 86 125
232 143 245 184 164 131 220 210 26 242 192 169 163 90 161 0 125 113 58
115 111 60 44 119 277 354 178 232 304 66 324 125 221 129 125 0 59 79
151 68 132 77 109 291 272 145 123 294 110 267 77 169 86 113 59 0 52
163 108 221 147 120 163 331 237 93 242 142 212 139 141 125 58 79 52 0
