0 401 344 70 374 208 297 224 218 216 2 226 84 354 274 204 192 130 163
401 0 164 476 42 305 315 286 264 353 398 292 303 37 135 182 224 254 203
344 164 0 354 276 251 239 254 263 352 293 231 256 129 66 190 202 191 231
70 476 354 0 536 375 351 335 259 209 80 280 181 443 369 235 239 197 233
374 42 276 536 0 353 312 316 327 455 417 254 334 101 86 217 248 245 319
208 305 251 375 353 0 195 66 149 275 244 73 156 247 222 124 60 102 95
297 315 239 351 312 195 0 214 214 295 296 195 262 273 147 86 131 142 207
224 286 254 335 316 66 214 0 131 256 237 11 163 269 201 141 42 99 131
218 264 263 259 327 149 214 131 0 146 180 165 91 252 167 93 87 77 16
216 353 352 209 455 275 295 256 146 0 145 190 111 358 273 193 206 136 152
2 398 293 80 417 244 296 237 180 145 0 218 54 350 260 169 185 115 167
226 292 231 280 254 73 195 11 165 190 218 0 115 262 148 93 39 74 73
84 303 256 181 334 156 262 163 91 111 54 115 0 257 166 131 72 31 113
354 37 129 443 101 247 273 269 252 358 350 262 257 0 26 191 183 223 256
274 135 66 369 86 222 147 201 167 273 260 148 166 26 0 103 146 142 172
204 182 190 235 217 124 86 141 93 193 169 93 131 191 103 0 74 38 99
192 224 202 239 248 60 131 42 87 206 185 39 72 183 146 74 0 69 53
130 254 191 197 245 102 142 99 77 136 115 74 31 223 142 38 69 0 34
163 203 231 233 319 95 207 131 16 152 167 73 113 256 172 99 53 34 0
