0 279 240 256 460 494 101 307 351 453 212 423 50 234 387 299 149 161 203
279 0 221 111 417 451 280 288 308 410 67 380 229 215 344 256 130 118 160
240 221 0 198 402 436 241 79 293 395 154 365 190 6 329 241 91 103 145
256 111 198 0 394 428 257 265 285 387 44 357 206 192 321 233 107 95 137
460 417 402 394 0 180 461 469 213 139 350 109 410 396 73 161 311 299 257
494 451 436 428 180 0 495 503 247 101 384 71 444 430 107 195 345 333 291
101 280 241 257 461 495 0 308 352 454 213 424 51 235 388 300 150 162 204
307 288 79 265 469 503 308 0 360 462 221 432 257 73 396 308 158 170 212
351 308 293 285 213 247 352 360 0 206 241 176 301 287 140 52 202 190 148
453 410 395 387 139 101 454 462 206 0 343 30 403 389 66 154 304 292 250
212 67 154 44 350 384 213 221 241 343 0 313 162 148 277 189 63 51 93
423 380 365 357 109 71 424 432 176 30 313 0 373 359 36 124 274 262 220
50 229 190 206 410 444 51 257 301 403 162 373 0 184 337 249 99 111 153
234 215 6 192 396 430 235 73 287 389 148 359 184 0 323 235 85 97 139
387 344 329 321 73 107 388 396 140 66 277 36 337 323 0 88 238 226 184
299 256 241 233 161 195 300 308 52 154 189 124 249 235 88 0 150 138 96
149 130 91 107 311 345 150 158 202 304 63 274 99 85 238 150 0 12 54
161 118 103 95 299 333 162 170 190 292 51 262 111 97 226 138 12 0 42
203 160 145 137 257 291 204 212 148 250 93 220 153 139 184 96 54 42 0
