0 42 239 263 285 150 194 264 300 294 -9 250 240 222 208 242 179 83 139
42 0 233 262 311 181 226 289 328 312 32 266 265 158 209 214 152 50 160
239 233 0 122 71 119 355 273 271 253 270 172 -21 139 149 38 131 228 309
263 262 122 0 176 172 316 264 276 291 275 225 77 178 181 70 136 250 253
285 311 71 176 0 234 374 315 313 346 329 275 75 254 224 99 194 292 356
150 181 119 172 234 0 239 114 82 113 211 89 127 21 -16 28 21 119 208
194 226 355 316 374 239 0 334 353 386 197 313 333 288 323 320 187 148 69
264 289 273 264 315 114 334 0 164 148 282 131 185 58 119 215 138 186 308
300 328 271 276 313 82 353 164 0 30 263 33 213 52 128 202 175 244 375
294 312 253 291 346 113 386 148 30 0 256 34 211 58 65 230 106 241 285
-9 32 270 275 329 211 197 282 263 256 0 245 213 184 159 215 135 33 145
250 266 172 225 275 89 313 131 33 34 245 0 197 11 64 208 141 191 335
240 265 -21 77 75 127 333 185 213 211 213 197 0 158 121 -6 91 181 249
222 158 139 178 254 21 288 58 52 58 184 11 158 0 -5 171 57 144 171
208 209 149 181 224 -16 323 119 128 65 159 64 121 -5 0 124 75 140 187
242 214 38 70 99 28 320 215 202 230 215 208 -6 171 124 0 108 121 284
179 152 131 136 194 21 187 138 175 106 135 141 91 57 75 108 0 68 133
83 50 228 250 292 119 148 186 244 241 33 191 181 144 140 121 68 0 121
139 160 309 253 356 208 69 308 375 285 145 335 249 171 187 284 133 121 0
