0 305 467 559 458 186 83 120 269 337 57 215 -18 79 450 356 302 238 258
305 0 313 479 326 384 316 165 120 275 303 20 242 149 363 243 162 131 162
467 313 0 261 163 543 587 313 352 243 460 282 488 345 167 46 146 236 172
559 479 261 0 114 712 624 478 444 235 547 351 542 418 104 192 257 380 302
458 326 163 114 0 616 538 407 365 225 487 266 457 337 27 80 153 253 179
186 384 543 712 616 0 146 238 427 498 97 372 113 236 587 459 370 349 412
83 316 587 624 538 146 0 195 453 441 54 305 121 204 542 462 390 344 367
120 165 313 478 407 238 195 0 263 306 197 160 101 -21 364 275 216 83 160
269 120 352 444 365 427 453 263 0 265 330 68 302 180 368 273 194 122 164
337 275 243 235 225 498 441 306 265 0 429 182 325 281 212 131 30 161 110
57 303 460 547 487 97 54 197 330 429 0 270 37 134 468 432 304 211 323
215 20 282 351 266 372 305 160 68 182 270 0 247 111 299 197 119 39 77
-18 242 488 542 457 113 121 101 302 325 37 247 0 85 483 306 332 176 302
79 149 345 418 337 236 204 -21 180 281 134 111 85 0 379 306 197 117 120
450 363 167 104 27 587 542 364 368 212 468 299 483 379 0 58 134 277 189
356 243 46 192 80 459 462 275 273 131 432 197 306 306 58 0 72 166 85
302 162 146 257 153 370 390 216 194 30 304 119 332 197 134 72 0 84 22
238 131 236 380 253 349 344 83 122 161 211 39 176 117 277 166 84 0 33
258 162 172 302 179 412 367 160 164 110 323 77 302 120 189 85 22 33 0
