0 279 318 262 300 264 191 212 288 376 294 218 186 156 191 64 233 177 161
279 0 243 187 451 161 342 363 439 527 445 369 337 307 88 215 158 102 118
318 243 0 114 490 228 381 402 478 566 484 408 376 346 155 254 85 141 157
262 187 114 0 434 172 325 346 422 510 428 352 320 290 99 198 29 85 101
300 451 490 434 0 436 119 200 152 88 6 82 114 144 363 236 405 349 333
264 161 228 172 436 0 327 348 424 512 430 354 322 292 73 200 143 87 103
191 342 381 325 119 327 0 91 107 195 113 37 5 35 254 127 296 240 224
212 363 402 346 200 348 91 0 188 276 194 118 86 56 275 148 317 261 245
288 439 478 422 152 424 107 188 0 228 146 70 102 132 351 224 393 337 321
376 527 566 510 88 512 195 276 228 0 82 158 190 220 439 312 481 425 409
294 445 484 428 6 430 113 194 146 82 0 76 108 138 357 230 399 343 327
218 369 408 352 82 354 37 118 70 158 76 0 32 62 281 154 323 267 251
186 337 376 320 114 322 5 86 102 190 108 32 0 30 249 122 291 235 219
156 307 346 290 144 292 35 56 132 220 138 62 30 0 219 92 261 205 189
191 88 155 99 363 73 254 275 351 439 357 281 249 219 0 127 70 14 30
64 215 254 198 236 200 127 148 224 312 230 154 122 92 127 0 169 113 97
233 158 85 29 405 143 296 317 393 481 399 323 291 261 70 169 0 56 72
177 102 141 85 349 87 240 261 337 425 343 267 235 205 14 113 56 0 16
161 118 157 101 333 103 224 245 321 409 327 251 219 189 30 97 72 16 0
