0 323 414 302 123 365 295 240 294 406 327 266 201 52 125 301 232 194 152
323 0 205 375 342 438 368 313 215 197 118 57 122 271 198 374 305 267 225
414 205 0 466 433 529 459 404 306 166 87 148 213 362 289 465 396 358 316
302 375 466 0 321 65 133 154 346 458 379 318 253 250 177 1 70 108 150
123 342 433 321 0 384 314 259 313 425 346 285 220 71 144 320 251 213 171
365 438 529 65 384 0 196 217 409 521 442 381 316 313 240 64 133 171 213
295 368 459 133 314 196 0 147 339 451 372 311 246 243 170 132 63 101 143
240 313 404 154 259 217 147 0 284 396 317 256 191 188 115 153 84 46 88
294 215 306 346 313 409 339 284 0 298 219 158 93 242 169 345 276 238 196
406 197 166 458 425 521 451 396 298 0 79 140 205 354 281 457 388 350 308
327 118 87 379 346 442 372 317 219 79 0 61 126 275 202 378 309 271 229
266 57 148 318 285 381 311 256 158 140 61 0 65 214 141 317 248 210 168
201 122 213 253 220 316 246 191 93 205 126 65 0 149 76 252 183 145 103
52 271 362 250 71 313 243 188 242 354 275 214 149 0 73 249 180 142 100
125 198 289 177 144 240 170 115 169 281 202 141 76 73 0 176 107 69 27
301 374 465 1 320 64 132 153 345 457 378 317 252 249 176 0 69 107 149
232 305 396 70 251 133 63 84 276 388 309 248 183 180 107 69 0 38 80
194 267 358 108 213 171 101 46 238 350 271 210 145 142 69 107 38 0 42
152 225 316 150 171 213 143 88 196 308 229 168 103 100 27 149 80 42 0
