0 394 435 366 246 331 453 378 373 429 322 330 375 263 313 354 235 149 100
394 0 297 387 242 326 323 294 283 159 322 0 242 216 224 170 158 135 252
435 297 0 411 322 406 250 185 118 355 319 202 189 288 110 72 161 232 356
366 387 411 0 136 109 416 494 414 449 86 357 412 217 378 331 250 236 316
246 242 322 136 0 73 278 313 270 343 78 144 267 19 247 142 130 45 144
331 326 406 109 73 0 370 335 321 333 6 253 347 88 285 255 205 140 228
453 323 250 416 278 370 0 -2 183 366 380 246 65 288 189 120 194 186 397
378 294 185 494 313 335 -2 0 162 344 358 273 19 300 104 78 156 210 312
373 283 118 414 270 321 183 162 0 312 303 260 181 265 79 96 176 247 270
429 159 355 449 343 333 366 344 312 0 360 101 340 291 282 235 135 224 279
322 322 319 86 78 6 380 358 303 360 0 212 324 42 288 229 162 137 245
330 0 202 357 144 253 246 273 260 101 212 0 232 231 231 137 76 105 195
375 242 189 412 267 347 65 19 181 340 324 232 0 294 139 94 165 235 277
263 216 288 217 19 88 288 300 265 291 42 231 294 0 252 175 113 78 127
313 224 110 378 247 285 189 104 79 282 288 231 139 252 0 -1 106 142 278
354 170 72 331 142 255 120 78 96 235 229 137 94 175 -1 0 55 140 217
235 158 161 250 130 205 194 156 176 135 162 76 165 113 106 55 0 57 101
149 135 232 236 45 140 186 210 247 224 137 105 235 78 142 140 57 0 95
100 252 356 316 144 228 397 312 270 279 245 195 277 127 278 217 101 95 0
