0 15 469 396 444 478 368 428 436 231 350 511 146 369 389 508 456 517 380 329
15 0 472 399 447 481 371 431 439 234 353 514 149 372 392 511 459 520 383 332
469 472 0 391 439 473 321 139 69 360 303 218 431 322 342 215 167 224 277 304
396 399 391 0 222 256 290 350 358 287 272 433 358 291 311 430 378 439 302 251
444 447 439 222 0 106 338 398 406 335 320 481 406 339 359 478 426 487 350 299
478 481 473 256 106 0 372 432 440 369 354 515 440 373 393 512 460 521 384 333
368 371 321 290 338 372 0 280 288 259 32 363 330 135 155 360 308 369 232 203
428 431 139 350 398 432 280 0 106 319 262 181 390 281 301 178 122 187 236 263
436 439 69 358 406 440 288 106 0 327 270 185 398 289 309 182 134 191 244 271
231 234 360 287 335 369 259 319 327 0 241 402 193 260 280 399 347 408 271 220
350 353 303 272 320 354 32 262 270 241 0 345 312 117 137 342 290 351 214 185
511 514 218 433 481 515 363 181 185 402 345 0 473 364 384 75 209 84 319 346
146 149 431 358 406 440 330 390 398 193 312 473 0 331 351 470 418 479 342 291
369 372 322 291 339 373 135 281 289 260 117 364 331 0 122 361 309 370 233 204
389 392 342 311 359 393 155 301 309 280 137 384 351 122 0 381 329 390 253 224
508 511 215 430 478 512 360 178 182 399 342 75 470 361 381 0 206 51 316 343
456 459 167 378 426 460 308 122 134 347 290 209 418 309 329 206 0 215 264 291
517 520 224 439 487 521 369 187 191 408 351 84 479 370 390 51 215 0 325 352
380 383 277 302 350 384 232 236 244 271 214 319 342 233 253 316 264 325 0 215
329 332 304 251 299 333 203 263 271 220 185 346 291 204 224 343 291 352 215 0
