0 302 482 447 275 565 190 190 236 431 557 320 429 410 834 238 799 746 736 717
302 0 358 323 247 441 352 352 104 307 433 292 305 286 710 106 675 622 612 593
482 358 0 175 427 293 532 532 292 159 285 472 133 98 562 294 527 474 464 445
447 323 175 0 392 204 497 497 257 24 196 437 122 103 473 259 438 385 375 356
275 247 427 392 0 510 325 325 181 376 502 71 374 355 779 183 744 691 681 662
565 441 293 204 510 0 615 615 375 188 116 555 240 221 393 377 358 305 295 276
190 352 532 497 325 615 0 88 286 481 607 370 479 460 884 288 849 796 786 767
190 352 532 497 325 615 88 0 286 481 607 370 479 460 884 288 849 796 786 767
236 104 292 257 181 375 286 286 0 241 367 226 239 220 644 32 609 556 546 527
431 307 159 24 376 188 481 481 241 0 180 421 106 87 457 243 422 369 359 340
557 433 285 196 502 116 607 607 367 180 0 547 232 213 279 369 244 191 181 162
320 292 472 437 71 555 370 370 226 421 547 0 419 400 824 228 789 736 726 707
429 305 133 122 374 240 479 479 239 106 232 419 0 61 509 241 474 421 411 392
410 286 98 103 355 221 460 460 220 87 213 400 61 0 490 222 455 402 392 373
834 710 562 473 779 393 884 884 644 457 279 824 509 490 0 646 155 308 298 151
238 106 294 259 183 377 288 288 32 243 369 228 241 222 646 0 611 558 548 529
799 675 527 438 744 358 849 849 609 422 244 789 474 455 155 611 0 273 263 116
746 622 474 385 691 305 796 796 556 369 191 736 421 402 308 558 273 0 138 191
736 612 464 375 681 295 786 786 546 359 181 726 411 392 298 548 263 138 0 181
717 593 445 356 662 276 767 767 527 340 162 707 392 373 151 529 116 191 181 0
