0 35 484 359 413 486 381 424 409 229 318 510 182 378 321 527 437 457 401 335
35 0 462 411 442 491 365 398 437 225 335 560 146 322 412 488 417 502 390 354
484 462 0 395 402 477 349 121 70 332 355 242 403 306 362 248 149 249 268 280
359 411 395 0 241 269 280 393 351 276 253 409 328 310 314 396 387 486 270 231
413 442 402 241 0 50 354 385 384 306 313 453 403 319 359 503 398 508 334 288
486 491 477 269 50 0 408 428 432 371 391 522 432 383 433 526 492 533 367 298
381 365 349 280 354 408 0 273 280 258 61 348 256 118 158 376 310 402 224 206
424 398 121 393 385 428 273 0 122 368 287 170 391 283 332 194 95 178 231 267
409 437 70 351 384 432 280 122 0 371 287 165 402 279 339 198 118 181 249 235
229 225 332 276 306 371 258 368 371 0 286 406 221 274 279 407 333 430 238 217
318 335 355 253 313 391 61 287 287 286 0 352 307 133 92 320 247 346 184 221
510 560 242 409 453 522 348 170 165 406 352 0 444 374 411 97 162 106 353 358
182 146 403 328 403 432 256 391 402 221 307 444 0 340 322 521 400 454 320 255
378 322 306 310 319 383 118 283 279 274 133 374 340 0 122 388 291 368 217 203
321 412 362 314 359 433 158 332 339 279 92 411 322 122 0 407 337 390 197 242
527 488 248 396 503 526 376 194 198 407 320 97 521 388 407 0 263 36 304 338
437 417 149 387 398 492 310 95 118 333 247 162 400 291 337 263 0 196 280 288
457 502 249 486 508 533 402 178 181 430 346 106 454 368 390 36 196 0 323 319
401 390 268 270 334 367 224 231 249 238 184 353 320 217 197 304 280 323 0 193
335 354 280 231 288 298 206 267 235 217 221 358 255 203 242 338 288 319 193 0
