0 307 482 453 256 592 190 229 241 410 567 282 458 379 829 231 818 760 730 708
307 0 334 274 241 378 343 339 97 346 419 314 317 300 700 69 644 661 615 576
482 334 0 209 417 313 519 547 273 150 276 481 98 132 548 264 511 489 434 432
453 274 209 0 415 193 492 485 276 -7 196 437 94 108 510 227 470 432 379 334
256 241 417 415 0 491 287 328 177 345 506 55 384 338 798 176 714 693 687 652
592 378 313 193 491 0 626 659 393 145 138 554 302 195 390 390 339 334 304 307
190 343 519 492 287 626 0 18 275 519 594 347 447 450 907 310 869 817 767 743
229 339 547 485 328 659 18 0 297 513 584 343 489 391 843 248 868 801 791 775
241 97 273 276 177 393 275 297 0 229 367 149 192 205 631 71 607 569 582 537
410 346 150 -7 345 145 519 513 229 0 146 407 92 107 427 234 403 337 353 312
567 419 276 196 506 138 594 584 367 146 0 503 218 211 256 321 242 210 198 155
282 314 481 437 55 554 347 343 149 407 503 0 441 381 823 220 754 725 707 696
458 317 98 94 384 302 447 489 192 92 218 441 0 62 490 273 449 408 384 406
379 300 132 108 338 195 450 391 205 107 211 381 62 0 462 217 466 379 404 401
829 700 548 510 798 390 907 843 631 427 256 823 490 462 0 656 202 321 288 176
231 69 264 227 176 390 310 248 71 234 321 220 273 217 656 0 645 554 537 508
818 644 511 470 714 339 869 868 607 403 242 754 449 466 202 645 0 297 282 130
760 661 489 432 693 334 817 801 569 337 210 725 408 379 321 554 297 0 135 162
730 615 434 379 687 304 767 791 582 353 198 707 384 404 288 537 282 135 0 186
708 576 432 334 652 307 743 775 537 312 155 696 406 401 176 508 130 162 186 0
