0 272 431 417 199 404 232 174 415 391 438 248 419 414 597 403 534 568 540 566
272 0 337 323 219 310 378 320 185 297 344 268 325 320 503 173 440 474 446 472
431 337 0 254 378 241 537 479 480 228 275 427 130 99 434 468 371 405 377 403
417 323 254 0 364 163 523 465 466 54 197 413 242 237 356 454 293 327 299 325
199 219 378 364 0 351 305 247 362 338 385 111 366 361 544 350 481 515 487 513
404 310 241 163 351 0 510 452 453 137 152 400 229 224 311 441 248 282 254 280
232 378 537 523 305 510 0 126 521 497 544 354 525 520 703 509 640 674 646 672
174 320 479 465 247 452 126 0 463 439 486 296 467 462 645 451 582 616 588 614
415 185 480 466 362 453 521 463 0 440 487 411 468 463 646 120 583 617 589 615
391 297 228 54 338 137 497 439 440 0 171 387 216 211 330 428 267 301 273 299
438 344 275 197 385 152 544 486 487 171 0 434 263 258 281 475 218 252 224 250
248 268 427 413 111 400 354 296 411 387 434 0 415 410 593 399 530 564 536 562
419 325 130 242 366 229 525 467 468 216 263 415 0 113 422 456 359 393 365 391
414 320 99 237 361 224 520 462 463 211 258 410 113 0 417 451 354 388 360 386
597 503 434 356 544 311 703 645 646 330 281 593 422 417 0 634 91 329 301 217
403 173 468 454 350 441 509 451 120 428 475 399 456 451 634 0 571 605 577 603
534 440 371 293 481 248 640 582 583 267 218 530 359 354 91 571 0 266 238 154
568 474 405 327 515 282 674 616 617 301 252 564 393 388 329 605 266 0 158 298
540 446 377 299 487 254 646 588 589 273 224 536 365 360 301 577 238 158 0 270
566 472 403 325 513 280 672 614 615 299 250 562 391 386 217 603 154 298 270 0
