0 400 510 433 605 298 201 359 152 571 433 464 439 432 311 484 366 327 410 405
400 0 650 121 745 438 405 309 356 711 383 604 579 382 95 624 90 467 164 545
510 650 0 683 469 364 515 609 466 435 683 52 133 682 561 348 616 347 660 269
433 121 683 0 778 471 438 342 389 744 416 637 612 415 128 657 123 500 197 578
605 745 469 778 0 459 610 704 561 116 778 423 398 777 656 193 711 442 755 238
298 438 364 471 459 0 303 397 254 425 471 318 293 470 349 338 404 181 448 259
201 405 515 438 610 303 0 364 103 576 438 469 444 437 316 489 371 332 415 410
359 309 609 342 704 397 364 0 315 670 182 563 538 181 220 583 275 426 319 504
152 356 466 389 561 254 103 315 0 527 389 420 395 388 267 440 322 283 366 361
571 711 435 744 116 425 576 670 527 0 744 389 364 743 622 159 677 408 721 204
433 383 683 416 778 471 438 182 389 744 0 637 612 175 294 657 349 500 393 578
464 604 52 637 423 318 469 563 420 389 637 0 87 636 515 302 570 301 614 223
439 579 133 612 398 293 444 538 395 364 612 87 0 611 490 277 545 276 589 198
432 382 682 415 777 470 437 181 388 743 175 636 611 0 293 656 348 499 392 577
311 95 561 128 656 349 316 220 267 622 294 515 490 293 0 535 61 378 105 456
484 624 348 657 193 338 489 583 440 159 657 302 277 656 535 0 590 321 634 117
366 90 616 123 711 404 371 275 322 677 349 570 545 348 61 590 0 433 130 511
327 467 347 500 442 181 332 426 283 408 500 301 276 499 378 321 433 0 477 242
410 164 660 197 755 448 415 319 366 721 393 614 589 392 105 634 130 477 0 555
405 545 269 578 238 259 410 504 361 204 578 223 198 577 456 117 511 242 555 0
