0 247 195 129 322 93 248 308 373 328 297 72 290 358 320 300 417 397 226 230
247 0 388 332 83 296 273 333 398 89 322 265 315 383 81 493 178 158 419 255
195 388 0 280 463 244 389 449 514 469 438 209 431 499 461 243 558 538 169 371
129 332 280 0 407 140 333 393 458 413 382 157 375 443 405 385 502 482 311 315
322 83 463 407 0 371 348 408 473 158 397 340 390 458 4 568 247 227 494 330
93 296 244 140 371 0 297 357 422 377 346 121 339 407 369 349 466 446 275 279
248 273 389 333 348 297 0 246 311 354 235 266 228 296 346 494 443 423 420 88
308 333 449 393 408 357 246 0 145 414 211 326 204 130 406 554 503 483 480 228
373 398 514 458 473 422 311 145 0 479 276 391 269 147 471 619 568 548 545 293
328 89 469 413 158 377 354 414 479 0 403 346 396 464 156 574 97 77 500 336
297 322 438 382 397 346 235 211 276 403 0 315 91 261 395 543 492 472 469 217
72 265 209 157 340 121 266 326 391 346 315 0 308 376 338 314 435 415 240 248
290 315 431 375 390 339 228 204 269 396 91 308 0 254 388 536 485 465 462 210
358 383 499 443 458 407 296 130 147 464 261 376 254 0 456 604 553 533 530 278
320 81 461 405 4 369 346 406 471 156 395 338 388 456 0 566 245 225 492 328
300 493 243 385 568 349 494 554 619 574 543 314 536 604 566 0 663 643 112 476
417 178 558 502 247 466 443 503 568 97 492 435 485 553 245 663 0 30 589 425
397 158 538 482 227 446 423 483 548 77 472 415 465 533 225 643 30 0 569 405
226 419 169 311 494 275 420 480 545 500 469 240 462 530 492 112 589 569 0 402
230 255 371 315 330 279 88 228 293 336 217 248 210 278 328 476 425 405 402 0
