0 126 338 361 231 304 93 158 210 297 271 235 297 350 515 211 498 388 392 464
126 0 296 440 296 312 123 235 83 356 316 254 369 344 472 126 444 375 376 439
338 296 0 413 429 195 275 382 414 295 293 406 100 85 423 463 426 437 359 441
361 440 413 0 584 224 415 464 546 184 231 519 357 396 446 559 420 257 286 396
231 296 429 584 0 435 191 282 334 418 439 155 518 459 620 344 605 510 484 605
304 312 195 224 435 0 314 368 387 129 138 364 310 302 299 383 267 169 196 272
93 123 275 415 191 314 0 80 170 290 335 211 328 293 460 208 414 371 432 485
158 235 382 464 282 368 80 0 298 415 377 330 443 476 604 268 585 455 455 557
210 83 414 546 334 387 170 298 0 363 412 342 449 400 587 83 554 476 477 531
297 356 295 184 418 129 290 415 363 0 161 478 370 292 348 436 301 245 243 307
271 316 293 231 439 138 335 377 412 161 0 403 385 340 204 411 260 135 146 163
235 254 406 519 155 364 211 330 342 478 403 0 463 431 539 325 577 474 510 600
297 369 100 357 518 310 328 443 449 370 385 463 0 151 476 381 438 326 364 486
350 344 85 396 459 302 293 476 400 292 340 431 151 0 501 450 464 402 367 472
515 472 423 446 620 299 460 604 587 348 204 539 476 501 0 615 132 175 231 121
211 126 463 559 344 383 208 268 83 436 411 325 381 450 615 0 582 554 488 538
498 444 426 420 605 267 414 585 554 301 260 577 438 464 132 582 0 194 201 120
388 375 437 257 510 169 371 455 476 245 135 474 326 402 175 554 194 0 127 179
392 376 359 286 484 196 432 455 477 243 146 510 364 367 231 488 201 127 0 213
464 439 441 396 605 272 485 557 531 307 163 600 486 472 121 538 120 179 213 0
