0 250 406 403 219 420 231 158 413 374 422 294 418 419 613 420 478 569 509 554
250 0 331 280 218 309 344 317 168 327 323 221 340 314 502 127 443 440 411 435
406 331 0 240 401 263 549 461 500 223 279 440 89 130 478 456 375 400 386 399
403 280 240 0 320 119 512 480 497 51 176 417 215 272 372 438 301 328 333 311
219 218 401 320 0 350 322 232 395 336 380 96 418 342 519 346 510 499 504 485
420 309 263 119 350 0 526 445 441 125 137 428 232 219 284 453 232 263 273 272
231 344 549 512 322 526 0 67 529 450 553 358 529 544 669 491 639 651 617 654
158 317 461 480 232 445 67 0 439 422 492 297 466 502 636 459 579 600 586 602
413 168 500 497 395 441 529 439 0 423 511 409 501 473 628 76 551 613 564 611
374 327 223 51 336 125 450 422 423 0 201 378 252 212 338 438 257 305 283 290
422 323 279 176 380 137 553 492 511 201 0 448 299 247 268 470 211 244 174 206
294 221 440 417 96 428 358 297 409 378 448 0 462 432 629 389 530 602 558 542
418 340 89 215 418 232 529 466 501 252 299 462 0 160 398 446 373 424 357 421
419 314 130 272 342 219 544 502 473 212 247 432 160 0 428 444 340 346 336 411
613 502 478 372 519 284 669 636 628 338 268 629 398 428 0 664 79 289 302 233
420 127 456 438 346 453 491 459 76 438 470 389 446 444 664 0 533 596 573 538
478 443 375 301 510 232 639 579 551 257 211 530 373 340 79 533 0 270 243 158
569 440 400 328 499 263 651 600 613 305 244 602 424 346 289 596 270 0 243 352
509 411 386 333 504 273 617 586 564 283 174 558 357 336 302 573 243 243 0 291
554 435 399 311 485 272 654 602 611 290 206 542 421 411 233 538 158 352 291 0
