0 259 262 261 80 351 293 250 329 278 36 197 243 208 252 156 62 111 170
259 0 299 126 267 486 330 385 464 315 223 62 280 245 387 291 197 148 207
262 299 0 301 270 489 139 388 467 124 226 237 89 54 390 294 200 151 92
261 126 301 0 269 488 332 387 466 317 225 64 282 247 389 293 199 150 209
80 267 270 269 0 359 301 258 337 286 44 205 251 216 260 164 70 119 178
351 486 489 488 359 0 520 289 176 505 315 424 470 435 99 195 289 338 397
293 330 139 332 301 520 0 419 498 85 257 268 50 85 421 325 231 182 123
250 385 388 387 258 289 419 0 267 404 214 323 369 334 190 94 188 237 296
329 464 467 466 337 176 498 267 0 483 293 402 448 413 77 173 267 316 375
278 315 124 317 286 505 85 404 483 0 242 253 35 70 406 310 216 167 108
36 223 226 225 44 315 257 214 293 242 0 161 207 172 216 120 26 75 134
197 62 237 64 205 424 268 323 402 253 161 0 218 183 325 229 135 86 145
243 280 89 282 251 470 50 369 448 35 207 218 0 35 371 275 181 132 73
208 245 54 247 216 435 85 334 413 70 172 183 35 0 336 240 146 97 38
252 387 390 389 260 99 421 190 77 406 216 325 371 336 0 96 190 239 298
156 291 294 293 164 195 325 94 173 310 120 229 275 240 96 0 94 143 202
62 197 200 199 70 289 231 188 267 216 26 135 181 146 190 94 0 49 108
111 148 151 150 119 338 182 237 316 167 75 86 132 97 239 143 49 0 59
170 207 92 209 178 397 123 296 375 108 134 145 73 38 298 202 108 59 0
