0 199 382 355 248 182 161 271 345 194 89 307 245 23 178 83 251 127 169
199 0 415 388 91 335 314 114 378 227 242 340 88 176 21 116 284 160 202
382 415 0 123 464 518 497 487 225 322 425 75 461 359 394 299 131 255 213
355 388 123 0 437 491 470 460 198 295 398 48 434 332 367 272 104 228 186
248 91 464 437 0 384 363 29 427 276 291 389 3 225 70 165 333 209 251
182 335 518 491 384 0 165 407 481 330 93 443 381 159 314 219 387 263 305
161 314 497 470 363 165 0 386 460 309 72 422 360 138 293 198 366 242 284
271 114 487 460 29 407 386 0 450 299 314 412 26 248 93 188 356 232 274
345 378 225 198 427 481 460 450 0 285 388 150 424 322 357 262 94 218 176
194 227 322 295 276 330 309 299 285 0 237 247 273 171 206 111 191 67 109
89 242 425 398 291 93 72 314 388 237 0 350 288 66 221 126 294 170 212
307 340 75 48 389 443 422 412 150 247 350 0 386 284 319 224 56 180 138
245 88 461 434 3 381 360 26 424 273 288 386 0 222 67 162 330 206 248
23 176 359 332 225 159 138 248 322 171 66 284 222 0 155 60 228 104 146
178 21 394 367 70 314 293 93 357 206 221 319 67 155 0 95 263 139 181
83 116 299 272 165 219 198 188 262 111 126 224 162 60 95 0 168 44 86
251 284 131 104 333 387 366 356 94 191 294 56 330 228 263 168 0 124 82
127 160 255 228 209 263 242 232 218 67 170 180 206 104 139 44 124 0 42
169 202 213 186 251 305 284 274 176 109 212 138 248 146 181 86 82 42 0
