0 333 154 276 118 201 237 190 305 305 107 282 57 192 31 265 168 78 131
333 0 425 273 389 378 234 367 108 108 284 85 328 189 302 68 165 255 202
154 425 0 368 158 293 329 282 397 397 199 374 97 284 123 357 260 170 223
276 273 368 0 332 321 129 310 245 245 227 222 271 84 245 205 108 198 145
118 389 158 332 0 257 293 246 361 361 163 338 61 248 87 321 224 134 187
201 378 293 321 257 0 282 177 350 350 94 327 196 237 170 310 213 123 176
237 234 329 129 293 282 0 271 206 206 188 183 232 45 206 166 69 159 106
190 367 282 310 246 177 271 0 339 339 83 316 185 226 159 299 202 112 165
305 108 397 245 361 350 206 339 0 46 256 23 300 161 274 40 137 227 174
305 108 397 245 361 350 206 339 46 0 256 23 300 161 274 40 137 227 174
107 284 199 227 163 94 188 83 256 256 0 233 102 143 76 216 119 29 82
282 85 374 222 338 327 183 316 23 23 233 0 277 138 251 17 114 204 151
57 328 97 271 61 196 232 185 300 300 102 277 0 187 26 260 163 73 126
192 189 284 84 248 237 45 226 161 161 143 138 187 0 161 121 24 114 61
31 302 123 245 87 170 206 159 274 274 76 251 26 161 0 234 137 47 100
265 68 357 205 321 310 166 299 40 40 216 17 260 121 234 0 97 187 134
168 165 260 108 224 213 69 202 137 137 119 114 163 24 137 97 0 90 37
78 255 170 198 134 123 159 112 227 227 29 204 73 114 47 187 90 0 53
131 202 223 145 187 176 106 165 174 174 82 151 126 61 100 134 37 53 0
