0 324 124 149 343 361 117 114 366 359 144 265 255 293 95 102 133 180 174
324 0 339 233 176 318 284 308 326 148 301 64 203 80 238 287 216 161 142
124 339 0 186 378 398 83 168 382 401 63 335 268 268 111 53 145 181 179
149 233 186 0 236 223 154 157 254 244 112 201 134 164 156 81 49 86 108
343 176 378 236 0 376 346 318 354 78 280 58 266 92 283 252 222 167 165
361 318 398 223 376 0 313 360 174 352 362 324 139 284 289 309 247 162 197
117 284 83 154 346 313 0 63 323 393 38 258 281 227 79 107 118 162 208
114 308 168 157 318 360 63 0 379 332 95 293 229 254 29 93 126 147 163
366 326 382 254 354 174 323 379 0 382 267 315 125 247 251 296 236 154 210
359 148 401 244 78 352 393 332 382 0 352 60 322 78 329 299 219 213 160
144 301 63 112 280 362 38 95 267 352 0 239 224 205 97 18 78 167 153
265 64 335 201 58 324 258 293 315 60 239 0 210 42 258 225 160 116 107
255 203 268 134 266 139 281 229 125 322 224 210 0 151 147 189 117 63 145
293 80 268 164 92 284 227 254 247 78 205 42 151 0 246 181 81 69 50
95 238 111 156 283 289 79 29 251 329 97 258 147 246 0 20 49 131 128
102 287 53 81 252 309 107 93 296 299 18 225 189 181 20 0 76 96 172
133 216 145 49 222 247 118 126 236 219 78 160 117 81 49 76 0 7 85
180 161 181 86 167 162 162 147 154 213 167 116 63 69 131 96 7 0 -25
174 142 179 108 165 197 208 163 210 160 153 107 145 50 128 172 85 -25 0
