0 181 137 192 132 289 354 413 330 289 64 94 114 337 290 235 148 179 270
181 0 190 185 85 174 239 298 215 112 117 87 67 222 175 120 33 2 93
137 190 0 201 141 298 363 422 339 298 73 103 123 346 299 244 157 188 279
192 185 201 0 136 293 358 417 334 293 128 98 118 341 294 239 152 183 274
132 85 141 136 0 193 258 317 234 193 68 38 18 241 194 139 52 83 174
289 174 298 293 193 0 173 232 149 282 225 195 175 156 109 54 141 172 263
354 239 363 358 258 173 0 93 104 347 290 260 240 17 64 119 206 237 328
413 298 422 417 317 232 93 0 163 406 349 319 299 76 123 178 265 296 387
330 215 339 334 234 149 104 163 0 323 266 236 216 87 40 95 182 213 304
289 112 298 293 193 282 347 406 323 0 225 195 175 330 283 228 141 110 19
64 117 73 128 68 225 290 349 266 225 0 30 50 273 226 171 84 115 206
94 87 103 98 38 195 260 319 236 195 30 0 20 243 196 141 54 85 176
114 67 123 118 18 175 240 299 216 175 50 20 0 223 176 121 34 65 156
337 222 346 341 241 156 17 76 87 330 273 243 223 0 47 102 189 220 311
290 175 299 294 194 109 64 123 40 283 226 196 176 47 0 55 142 173 264
235 120 244 239 139 54 119 178 95 228 171 141 121 102 55 0 87 118 209
148 33 157 152 52 141 206 265 182 141 84 54 34 189 142 87 0 31 122
179 2 188 183 83 172 237 296 213 110 115 85 65 220 173 118 31 0 91
270 93 279 274 174 263 328 387 304 19 206 176 156 311 264 209 122 91 0
