0 167 206 204 205 211 105 170 116 198 181 201 82 121 110 56 43 24 3
167 0 325 323 130 136 186 251 235 317 300 126 163 46 229 175 124 143 164
206 325 0 190 363 369 263 328 210 42 25 359 240 279 96 150 201 182 203
204 323 190 0 361 367 261 326 208 182 165 357 238 277 94 148 199 180 201
205 130 363 361 0 14 224 289 273 355 338 4 201 84 267 213 162 181 202
211 136 369 367 14 0 230 295 279 361 344 10 207 90 273 219 168 187 208
105 186 263 261 224 230 0 111 173 255 238 220 23 140 167 113 62 81 102
170 251 328 326 289 295 111 0 238 320 303 285 88 205 232 178 127 146 167
116 235 210 208 273 279 173 238 0 202 185 269 150 189 114 60 111 92 113
198 317 42 182 355 361 255 320 202 0 17 351 232 271 88 142 193 174 195
181 300 25 165 338 344 238 303 185 17 0 334 215 254 71 125 176 157 178
201 126 359 357 4 10 220 285 269 351 334 0 197 80 263 209 158 177 198
82 163 240 238 201 207 23 88 150 232 215 197 0 117 144 90 39 58 79
121 46 279 277 84 90 140 205 189 271 254 80 117 0 183 129 78 97 118
110 229 96 94 267 273 167 232 114 88 71 263 144 183 0 54 105 86 107
56 175 150 148 213 219 113 178 60 142 125 209 90 129 54 0 51 32 53
43 124 201 199 162 168 62 127 111 193 176 158 39 78 105 51 0 19 40
24 143 182 180 181 187 81 146 92 174 157 177 58 97 86 32 19 0 21
3 164 203 201 202 208 102 167 113 195 178 198 79 118 107 53 40 21 0
