0 303 270 225 269 238 169 316 155 118 191 249 166 258 211 157 80 78 111
303 0 108 263 345 469 376 497 205 282 175 116 124 470 372 341 248 218 333
270 108 0 228 354 463 358 530 210 299 140 41 113 446 377 318 227 203 275
225 263 228 0 349 428 360 443 140 246 71 186 89 426 350 280 215 194 269
269 345 354 349 0 182 49 240 286 202 219 364 251 125 77 106 183 217 165
238 469 463 428 182 0 108 41 378 284 354 402 319 22 81 129 194 213 169
169 376 358 360 49 108 0 109 225 180 248 253 199 117 28 3 160 126 75
316 497 530 443 240 41 109 0 366 325 402 380 335 86 98 122 241 229 207
155 205 210 140 286 378 225 366 0 196 16 47 49 318 259 229 94 131 211
118 282 299 246 202 284 180 325 196 0 130 211 130 244 181 167 10 27 124
191 175 140 71 219 354 248 402 16 130 0 78 33 339 289 188 78 101 134
249 116 41 186 364 402 253 380 47 211 78 0 61 343 263 236 174 163 203
166 124 113 89 251 319 199 335 49 130 33 61 0 271 227 210 117 46 158
258 470 446 426 125 22 117 86 318 244 339 343 271 0 108 105 219 198 206
211 372 377 350 77 81 28 98 259 181 289 263 227 108 0 27 162 119 120
157 341 318 280 106 129 3 122 229 167 188 236 210 105 27 0 124 54 23
80 248 227 215 183 194 160 241 94 10 78 174 117 219 162 124 0 3 81
78 218 203 194 217 213 126 229 131 27 101 163 46 198 119 54 3 0 53
111 333 275 269 165 169 75 207 211 124 134 203 158 206 120 23 81 53 0
