0 137 228 182 137 261 209 194 257 156 141 171 174 122 45 106 80 86 129
137 0 275 159 62 226 256 171 222 81 188 136 151 47 92 31 57 51 94
228 275 0 320 275 399 155 332 395 294 87 309 312 260 183 244 218 224 267
182 159 320 0 159 283 301 28 279 178 233 193 8 144 137 128 102 108 151
137 62 275 159 0 226 256 171 222 49 188 136 151 15 92 31 57 51 94
261 226 399 283 226 0 380 295 176 245 312 90 275 211 216 195 181 175 132
209 256 155 301 256 380 0 313 376 275 68 290 293 241 164 225 199 205 248
194 171 332 28 171 295 313 0 291 190 245 205 20 156 149 140 114 120 163
257 222 395 279 222 176 376 291 0 241 308 86 271 207 212 191 177 171 128
156 81 294 178 49 245 275 190 241 0 207 155 170 34 111 50 76 70 113
141 188 87 233 188 312 68 245 308 207 0 222 225 173 96 157 131 137 180
171 136 309 193 136 90 290 205 86 155 222 0 185 121 126 105 91 85 42
174 151 312 8 151 275 293 20 271 170 225 185 0 136 129 120 94 100 143
122 47 260 144 15 211 241 156 207 34 173 121 136 0 77 16 42 36 79
45 92 183 137 92 216 164 149 212 111 96 126 129 77 0 61 35 41 84
106 31 244 128 31 195 225 140 191 50 157 105 120 16 61 0 26 20 63
80 57 218 102 57 181 199 114 177 76 131 91 94 42 35 26 0 6 49
86 51 224 108 51 175 205 120 171 70 137 85 100 36 41 20 6 0 43
129 94 267 151 94 132 248 163 128 113 180 42 143 79 84 63 49 43 0
