0 267 227 217 293 406 269 348 330 138 315 104 244 283 247 286 171 99 144
267 0 343 83 451 452 339 148 104 248 431 209 24 303 36 319 98 193 225
227 343 0 244 158 158 63 440 411 195 92 183 302 49 308 38 272 137 94
217 83 244 0 331 438 295 167 155 125 333 61 31 233 115 220 -1 101 118
293 451 158 331 0 94 129 504 495 302 35 263 429 109 424 85 336 271 187
406 452 158 438 94 0 168 542 468 358 46 268 441 131 415 103 368 266 245
269 339 63 295 129 168 0 423 435 251 168 242 351 19 338 49 254 206 187
348 148 440 167 504 542 423 0 156 323 523 288 90 423 121 422 218 294 332
330 104 411 155 495 468 435 156 0 307 479 190 56 367 76 364 144 218 289
138 248 195 125 302 358 251 323 307 0 320 23 242 205 230 201 218 17 126
315 431 92 333 35 46 168 523 479 320 0 207 431 115 385 104 312 230 165
104 209 183 61 263 268 242 288 190 23 207 0 216 204 148 125 96 -1 40
244 24 302 31 429 441 351 90 56 242 431 216 0 350 -5 251 93 162 221
283 303 49 233 109 131 19 423 367 205 115 204 350 0 290 -16 237 145 96
247 36 308 115 424 415 338 121 76 230 385 148 -5 290 0 283 101 120 234
286 319 38 220 85 103 49 422 364 201 104 125 251 -16 283 0 221 108 65
171 98 272 -1 336 368 254 218 144 218 312 96 93 237 101 221 0 100 169
99 193 137 101 271 266 206 294 218 17 230 -1 162 145 120 108 100 0 66
144 225 94 118 187 245 187 332 289 126 165 40 221 96 234 65 169 66 0
