0 197 132 323 102 211 181 256 293 307 235 188 265 113 115 81 10 93 181
197 0 309 334 279 388 148 77 304 128 56 9 276 290 82 258 187 104 192
132 309 0 435 72 117 293 368 405 419 347 300 377 19 227 51 122 205 293
323 334 435 0 405 514 318 393 86 444 372 325 58 416 252 384 313 230 142
102 279 72 405 0 151 263 338 375 389 317 270 347 53 197 21 92 175 263
211 388 117 514 151 0 372 447 484 498 426 379 456 98 306 130 201 284 372
181 148 293 318 263 372 0 207 288 258 186 139 260 274 66 242 171 88 176
256 77 368 393 338 447 207 0 363 93 21 68 335 349 141 317 246 163 251
293 304 405 86 375 484 288 363 0 414 342 295 28 386 222 354 283 200 112
307 128 419 444 389 498 258 93 414 0 72 119 386 400 192 368 297 214 302
235 56 347 372 317 426 186 21 342 72 0 47 314 328 120 296 225 142 230
188 9 300 325 270 379 139 68 295 119 47 0 267 281 73 249 178 95 183
265 276 377 58 347 456 260 335 28 386 314 267 0 358 194 326 255 172 84
113 290 19 416 53 98 274 349 386 400 328 281 358 0 208 32 103 186 274
115 82 227 252 197 306 66 141 222 192 120 73 194 208 0 176 105 22 110
81 258 51 384 21 130 242 317 354 368 296 249 326 32 176 0 71 154 242
10 187 122 313 92 201 171 246 283 297 225 178 255 103 105 71 0 83 171
93 104 205 230 175 284 88 163 200 214 142 95 172 186 22 154 83 0 88
181 192 293 142 263 372 176 251 112 302 230 183 84 274 110 242 171 88 0
