0 213 202 225 235 366 399 193 356 231 177 358 279 178 197 154 112 50 80
213 0 132 345 147 311 329 100 231 294 207 277 209 132 78 95 68 116 153
202 132 0 308 94 214 220 107 244 293 247 135 99 42 30 60 56 131 146
225 345 308 0 335 496 453 290 429 201 127 444 418 365 286 276 271 198 183
235 147 94 335 0 138 219 101 156 268 239 161 84 1 78 104 66 102 143
366 311 214 496 138 0 193 306 172 458 397 112 32 185 191 254 197 277 357
399 329 220 453 219 193 0 273 30 425 404 52 126 169 197 232 250 329 345
193 100 107 290 101 306 273 0 244 257 170 221 138 81 64 32 51 172 94
356 231 244 429 156 172 30 244 0 417 343 6 39 93 141 193 193 259 337
231 294 293 201 268 458 425 257 417 0 28 407 346 270 261 242 207 115 105
177 207 247 127 239 397 404 170 343 28 0 361 269 220 213 154 137 102 162
358 277 135 444 161 112 52 221 6 407 361 0 44 137 151 259 226 249 308
279 209 99 418 84 32 126 138 39 346 269 44 0 50 106 196 108 231 242
178 132 42 365 1 185 169 81 93 270 220 137 50 0 -5 149 33 136 163
197 78 30 286 78 191 197 64 141 261 213 151 106 -5 0 11 48 113 112
154 95 60 276 104 254 232 32 193 242 154 259 196 149 11 0 61 60 59
112 68 56 271 66 197 250 51 193 207 137 226 108 33 48 61 0 57 74
50 116 131 198 102 277 329 172 259 115 102 249 231 136 113 60 57 0 32
80 153 146 183 143 357 345 94 337 105 162 308 242 163 112 59 74 32 0
