0 98 263 306 266 270 191 285 160 284 219 82 114 221 189 174 129 119 117
98 0 197 240 200 204 125 219 94 218 153 16 48 155 123 108 63 53 51
263 197 0 331 271 295 196 106 195 309 244 181 149 42 214 179 134 144 146
306 240 331 0 334 138 259 353 238 212 87 224 192 289 117 242 197 187 189
266 200 271 334 0 298 109 293 198 312 247 184 152 229 217 92 137 147 149
270 204 295 138 298 0 223 317 202 176 51 188 156 253 81 206 161 151 153
191 125 196 259 109 223 0 218 123 237 172 109 77 154 142 17 62 72 74
285 219 106 353 293 317 218 0 217 331 266 203 171 64 236 201 156 166 168
160 94 195 238 198 202 123 217 0 216 151 78 46 153 121 106 61 51 49
284 218 309 212 312 176 237 331 216 0 125 202 170 267 95 220 175 165 167
219 153 244 87 247 51 172 266 151 125 0 137 105 202 30 155 110 100 102
82 16 181 224 184 188 109 203 78 202 137 0 32 139 107 92 47 37 35
114 48 149 192 152 156 77 171 46 170 105 32 0 107 75 60 15 5 3
221 155 42 289 229 253 154 64 153 267 202 139 107 0 172 137 92 102 104
189 123 214 117 217 81 142 236 121 95 30 107 75 172 0 125 80 70 72
174 108 179 242 92 206 17 201 106 220 155 92 60 137 125 0 45 55 57
129 63 134 197 137 161 62 156 61 175 110 47 15 92 80 45 0 10 12
119 53 144 187 147 151 72 166 51 165 100 37 5 102 70 55 10 0 2
117 51 146 189 149 153 74 168 49 167 102 35 3 104 72 57 12 2 0
