0 182 207 164 277 125 240 281 86 257 200 110 1 26 253 173 108 193 194
182 0 173 294 113 255 206 247 266 93 166 240 181 156 89 9 74 159 160
207 173 0 319 268 280 61 88 291 248 7 265 206 181 244 164 99 14 13
164 294 319 0 389 69 352 393 248 369 312 54 163 138 365 285 220 305 306
277 113 268 389 0 350 301 342 361 28 261 335 276 251 24 104 169 254 255
125 255 280 69 350 0 313 354 209 330 273 15 124 99 326 246 181 266 267
240 206 61 352 301 313 0 135 324 281 54 298 239 214 277 197 132 47 48
281 247 88 393 342 354 135 0 365 322 81 339 280 255 318 238 173 88 87
86 266 291 248 361 209 324 365 0 341 284 194 85 110 337 257 192 277 278
257 93 248 369 28 330 281 322 341 0 241 315 256 231 4 84 149 234 235
200 166 7 312 261 273 54 81 284 241 0 258 199 174 237 157 92 7 6
110 240 265 54 335 15 298 339 194 315 258 0 109 84 311 231 166 251 252
1 181 206 163 276 124 239 280 85 256 199 109 0 25 252 172 107 192 193
26 156 181 138 251 99 214 255 110 231 174 84 25 0 227 147 82 167 168
253 89 244 365 24 326 277 318 337 4 237 311 252 227 0 80 145 230 231
173 9 164 285 104 246 197 238 257 84 157 231 172 147 80 0 65 150 151
108 74 99 220 169 181 132 173 192 149 92 166 107 82 145 65 0 85 86
193 159 14 305 254 266 47 88 277 234 7 251 192 167 230 150 85 0 1
194 160 13 306 255 267 48 87 278 235 6 252 193 168 231 151 86 1 0
