0 396 369 388 194 86 423 258 474 306 378 330 294 193 306 81 268 178 94
396 0 229 172 234 320 283 298 334 166 238 190 154 233 90 315 128 218 302
369 229 0 221 207 293 132 271 183 87 87 39 75 206 139 288 101 191 275
388 172 221 0 226 312 275 290 326 158 230 182 146 225 82 307 120 210 294
194 234 207 226 0 118 261 66 312 144 216 168 132 1 144 113 106 16 100
86 320 293 312 118 0 347 182 398 230 302 254 218 117 230 5 192 102 18
423 283 132 275 261 347 0 325 141 141 45 93 129 260 193 342 155 245 329
258 298 271 290 66 182 325 0 376 208 280 232 196 65 208 177 170 80 164
474 334 183 326 312 398 141 376 0 192 96 144 180 311 244 393 206 296 380
306 166 87 158 144 230 141 208 192 0 96 48 12 143 76 225 38 128 212
378 238 87 230 216 302 45 280 96 96 0 48 84 215 148 297 110 200 284
330 190 39 182 168 254 93 232 144 48 48 0 36 167 100 249 62 152 236
294 154 75 146 132 218 129 196 180 12 84 36 0 131 64 213 26 116 200
193 233 206 225 1 117 260 65 311 143 215 167 131 0 143 112 105 15 99
306 90 139 82 144 230 193 208 244 76 148 100 64 143 0 225 38 128 212
81 315 288 307 113 5 342 177 393 225 297 249 213 112 225 0 187 97 13
268 128 101 120 106 192 155 170 206 38 110 62 26 105 38 187 0 90 174
178 218 191 210 16 102 245 80 296 128 200 152 116 15 128 97 90 0 84
94 302 275 294 100 18 329 164 380 212 284 236 200 99 212 13 174 84 0
