0 160 385 338 422 411 166 187 289 164 341 151 93 326 272 241 86 92 171
160 0 373 326 410 399 154 175 277 152 329 139 81 314 260 229 74 80 159
385 373 0 241 325 114 367 388 130 365 44 352 294 229 113 144 299 293 214
338 326 241 0 108 267 320 341 145 318 197 305 247 12 128 97 252 246 167
422 410 325 108 0 351 404 425 229 402 281 389 331 96 212 181 336 330 251
411 399 114 267 351 0 393 414 156 391 70 378 320 255 139 170 325 319 240
166 154 367 320 404 393 0 167 271 144 323 131 73 308 254 223 80 74 153
187 175 388 341 425 414 167 0 292 49 344 36 94 329 275 244 101 95 174
289 277 130 145 229 156 271 292 0 269 86 256 198 133 17 48 203 197 118
164 152 365 318 402 391 144 49 269 0 321 13 71 306 252 221 78 72 151
341 329 44 197 281 70 323 344 86 321 0 308 250 185 69 100 255 249 170
151 139 352 305 389 378 131 36 256 13 308 0 58 293 239 208 65 59 138
93 81 294 247 331 320 73 94 198 71 250 58 0 235 181 150 7 1 80
326 314 229 12 96 255 308 329 133 306 185 293 235 0 116 85 240 234 155
272 260 113 128 212 139 254 275 17 252 69 239 181 116 0 31 186 180 101
241 229 144 97 181 170 223 244 48 221 100 208 150 85 31 0 155 149 70
86 74 299 252 336 325 80 101 203 78 255 65 7 240 186 155 0 6 85
92 80 293 246 330 319 74 95 197 72 249 59 1 234 180 149 6 0 79
171 159 214 167 251 240 153 174 118 151 170 138 80 155 101 70 85 79 0
