0 204 419 253 84 204 106 276 415 271 47 192 341 323 81 100 120 199 266
204 0 418 85 253 263 210 261 397 330 180 0 313 309 189 184 47 154 217
419 418 0 479 444 460 398 133 90 285 372 345 94 103 359 346 284 217 137
253 85 479 0 259 315 259 349 453 326 242 82 394 328 237 144 203 215 238
84 253 444 259 0 220 134 316 427 283 79 209 360 307 68 41 83 253 256
204 263 460 315 220 0 150 325 429 316 141 212 417 363 77 139 136 301 315
106 210 398 259 134 150 0 357 352 290 107 210 330 322 41 60 122 220 262
276 261 133 349 316 325 357 0 134 170 228 215 42 -22 176 212 207 72 68
415 397 90 453 427 429 352 134 0 258 370 362 63 103 363 342 277 261 185
271 330 285 326 283 316 290 170 258 0 270 292 232 161 212 256 213 122 183
47 180 372 242 79 141 107 228 370 270 0 56 268 191 91 11 69 165 191
192 0 345 82 209 212 210 215 362 292 56 0 292 228 89 135 105 157 216
341 313 94 394 360 417 330 42 63 232 268 292 0 102 292 292 213 150 113
323 309 103 328 307 363 322 -22 103 161 191 228 102 0 243 187 147 59 51
81 189 359 237 68 77 41 176 363 212 91 89 292 243 0 8 21 133 190
100 184 346 144 41 139 60 212 342 256 11 135 292 187 8 0 47 179 204
120 47 284 203 83 136 122 207 277 213 69 105 213 147 21 47 0 61 140
199 154 217 215 253 301 220 72 261 122 165 157 150 59 133 179 61 0 -2
266 217 137 238 256 315 262 68 185 183 191 216 113 51 190 204 140 -2 0
