0 211 94 400 423 110 349 367 88 125 324 99 309 35 54 73 289 198 145
211 0 197 215 238 175 164 182 229 190 139 164 124 176 157 138 104 13 66
94 197 0 386 409 96 335 353 112 111 310 85 295 59 40 59 275 184 131
400 215 386 0 175 364 171 189 418 379 76 353 131 365 346 327 111 202 255
423 238 409 175 0 387 194 212 441 402 99 376 154 388 369 350 134 225 278
110 175 96 364 387 0 313 331 128 37 288 11 273 75 56 37 253 162 109
349 164 335 171 194 313 0 98 367 328 95 302 40 314 295 276 60 151 204
367 182 353 189 212 331 98 0 385 346 113 320 58 332 313 294 78 169 222
88 229 112 418 441 128 367 385 0 143 342 117 327 53 72 91 307 216 163
125 190 111 379 402 37 328 346 143 0 303 26 288 90 71 52 268 177 124
324 139 310 76 99 288 95 113 342 303 0 277 55 289 270 251 35 126 179
99 164 85 353 376 11 302 320 117 26 277 0 262 64 45 26 242 151 98
309 124 295 131 154 273 40 58 327 288 55 262 0 274 255 236 20 111 164
35 176 59 365 388 75 314 332 53 90 289 64 274 0 19 38 254 163 110
54 157 40 346 369 56 295 313 72 71 270 45 255 19 0 19 235 144 91
73 138 59 327 350 37 276 294 91 52 251 26 236 38 19 0 216 125 72
289 104 275 111 134 253 60 78 307 268 35 242 20 254 235 216 0 91 144
198 13 184 202 225 162 151 169 216 177 126 151 111 163 144 125 91 0 53
145 66 131 255 278 109 204 222 163 124 179 98 164 110 91 72 144 53 0
