0 316 98 222 143 66 237 93 312 322 21 101 62 315 33 271 165 49 130
316 0 371 491 431 318 112 296 174 76 249 370 342 32 266 87 120 266 178
98 371 0 128 85 116 292 67 312 354 73 72 8 308 21 326 203 34 121
222 491 128 0 63 243 418 268 413 462 181 87 148 466 188 363 321 181 281
143 431 85 63 0 213 414 168 376 445 152 8 117 397 155 360 264 200 208
66 318 116 243 213 0 271 88 280 351 86 150 174 331 56 219 191 67 138
237 112 292 418 414 271 0 262 170 112 278 352 253 122 241 33 6 247 162
93 296 67 268 168 88 262 0 296 322 24 149 87 341 95 219 221 66 95
312 174 312 413 376 280 170 296 0 214 276 359 285 202 216 146 157 277 159
322 76 354 462 445 351 112 322 214 0 307 415 359 31 292 73 168 282 222
21 249 73 181 152 86 278 24 276 307 0 132 41 269 17 211 130 51 80
101 370 72 87 8 150 352 149 359 415 132 0 69 397 82 324 237 82 252
62 342 8 148 117 174 253 87 285 359 41 69 0 343 72 239 167 57 158
315 32 308 466 397 331 122 341 202 31 269 397 343 0 271 78 125 276 175
33 266 21 188 155 56 241 95 216 292 17 82 72 271 0 248 151 9 80
271 87 326 363 360 219 33 219 146 73 211 324 239 78 248 0 13 195 145
165 120 203 321 264 191 6 221 157 168 130 237 167 125 151 13 0 165 96
49 266 34 181 200 67 247 66 277 282 51 82 57 276 9 195 165 0 88
130 178 121 281 208 138 162 95 159 222 80 252 158 175 80 145 96 88 0
