0 223 417 258 85 185 138 299 401 296 40 191 349 295 86 75 117 204 245
223 0 406 99 228 258 211 288 390 285 183 32 338 284 159 148 106 193 234
417 406 0 441 422 452 405 126 120 305 377 374 68 122 353 342 300 213 172
258 99 441 0 263 293 246 323 425 320 218 67 373 319 194 183 141 228 269
85 228 422 263 0 190 143 304 406 301 45 196 354 300 91 80 122 209 250
185 258 452 293 190 0 151 334 436 331 145 226 384 330 99 110 152 239 280
138 211 405 246 143 151 0 287 389 284 98 179 337 283 52 63 105 192 233
299 288 126 323 304 334 287 0 110 187 259 256 58 4 235 224 182 95 54
401 390 120 425 406 436 389 110 0 289 361 358 52 106 337 326 284 197 156
296 285 305 320 301 331 284 187 289 0 256 253 237 183 232 221 179 92 133
40 183 377 218 45 145 98 259 361 256 0 151 309 255 46 35 77 164 205
191 32 374 67 196 226 179 256 358 253 151 0 306 252 127 116 74 161 202
349 338 68 373 354 384 337 58 52 237 309 306 0 54 285 274 232 145 104
295 284 122 319 300 330 283 4 106 183 255 252 54 0 231 220 178 91 50
86 159 353 194 91 99 52 235 337 232 46 127 285 231 0 11 53 140 181
75 148 342 183 80 110 63 224 326 221 35 116 274 220 11 0 42 129 170
117 106 300 141 122 152 105 182 284 179 77 74 232 178 53 42 0 87 128
204 193 213 228 209 239 192 95 197 92 164 161 145 91 140 129 87 0 41
245 234 172 269 250 280 233 54 156 133 205 202 104 50 181 170 128 41 0
