0 211 83 109 204 241 259 228 281 246 215 182 178 51 168 167 80 163 241
211 0 134 218 81 116 134 103 166 121 90 57 53 160 43 44 131 48 126
83 134 0 90 127 164 182 151 204 169 138 105 101 32 91 90 3 86 164
109 218 90 0 211 248 266 235 288 253 222 189 185 58 175 174 87 170 248
204 81 127 211 0 111 129 98 159 116 85 52 48 153 38 37 124 41 119
241 116 164 248 111 0 70 113 196 131 26 67 63 190 73 74 161 78 156
259 134 182 266 129 70 0 131 214 149 44 85 81 208 91 92 179 96 174
228 103 151 235 98 113 131 0 183 110 87 46 50 177 60 61 148 65 143
281 166 204 288 159 196 214 183 0 201 170 137 133 230 123 122 201 118 40
246 121 169 253 116 131 149 110 201 0 105 64 68 195 78 79 166 83 161
215 90 138 222 85 26 44 87 170 105 0 41 37 164 47 48 135 52 130
182 57 105 189 52 67 85 46 137 64 41 0 4 131 14 15 102 19 97
178 53 101 185 48 63 81 50 133 68 37 4 0 127 10 11 98 15 93
51 160 32 58 153 190 208 177 230 195 164 131 127 0 117 116 29 112 190
168 43 91 175 38 73 91 60 123 78 47 14 10 117 0 1 88 5 83
167 44 90 174 37 74 92 61 122 79 48 15 11 116 1 0 87 4 82
80 131 3 87 124 161 179 148 201 166 135 102 98 29 88 87 0 83 161
163 48 86 170 41 78 96 65 118 83 52 19 15 112 5 4 83 0 78
241 126 164 248 119 156 174 143 40 161 130 97 93 190 83 82 161 78 0
