0 143 276 386 274 359 254 310 88 202 236 111 71 208 192 226 223 75 108
143 0 312 351 298 319 279 298 118 238 234 43 107 266 187 194 188 99 107
276 312 0 430 274 436 212 137 321 253 353 265 204 56 278 171 169 238 244
386 351 430 0 443 143 403 418 307 152 45 255 255 320 141 379 341 215 235
274 298 274 443 0 405 192 216 285 264 340 262 236 150 277 66 118 187 222
359 319 436 143 405 0 403 448 314 132 124 301 313 364 189 311 331 210 276
254 279 212 403 192 403 0 189 183 240 371 234 153 203 233 54 75 177 197
310 298 137 418 216 448 189 0 213 257 316 173 159 32 290 121 92 166 163
88 118 321 307 285 314 183 213 0 210 229 54 64 206 126 129 181 62 110
202 238 253 152 264 132 240 257 210 0 131 113 78 223 20 167 176 91 152
236 234 353 45 340 124 371 316 229 131 0 166 142 295 75 270 240 179 184
111 43 265 255 262 301 234 173 54 113 166 0 -6 126 135 155 85 -16 18
71 107 204 255 236 313 153 159 64 78 142 -6 0 126 115 144 67 -8 0
208 266 56 320 150 364 203 32 206 223 295 126 126 0 252 117 37 147 117
192 187 278 141 277 189 233 290 126 20 75 135 115 252 0 165 136 37 72
226 194 171 379 66 311 54 121 129 167 270 155 144 117 165 0 -1 108 130
223 188 169 341 118 331 75 92 181 176 240 85 67 37 136 -1 0 55 55
75 99 238 215 187 210 177 166 62 91 179 -16 -8 147 37 108 55 0 11
108 107 244 235 222 276 197 163 110 152 184 18 0 117 72 130 55 11 0
