0 157 516 582 222 136 152 198 515 279 66 487 165 48 147 145 421 242 340
157 0 383 449 85 197 213 61 382 146 127 354 28 109 10 12 288 109 207
516 383 0 124 448 556 572 424 189 311 486 29 391 468 373 371 95 274 176
582 449 124 0 514 622 638 490 255 377 552 95 457 534 439 437 161 340 242
222 85 448 514 0 262 278 90 447 211 192 419 57 174 75 77 353 174 272
136 197 556 622 262 0 156 238 555 319 70 527 205 88 187 185 461 282 380
152 213 572 638 278 156 0 254 571 335 86 543 221 104 203 201 477 298 396
198 61 424 490 90 238 254 0 423 187 168 395 33 150 51 53 329 150 248
515 382 189 255 447 555 571 423 0 310 485 160 390 467 372 370 94 273 175
279 146 311 377 211 319 335 187 310 0 249 282 154 231 136 134 216 37 135
66 127 486 552 192 70 86 168 485 249 0 457 135 18 117 115 391 212 310
487 354 29 95 419 527 543 395 160 282 457 0 362 439 344 342 66 245 147
165 28 391 457 57 205 221 33 390 154 135 362 0 117 18 20 296 117 215
48 109 468 534 174 88 104 150 467 231 18 439 117 0 99 97 373 194 292
147 10 373 439 75 187 203 51 372 136 117 344 18 99 0 2 278 99 197
145 12 371 437 77 185 201 53 370 134 115 342 20 97 2 0 276 97 195
421 288 95 161 353 461 477 329 94 216 391 66 296 373 278 276 0 179 81
242 109 274 340 174 282 298 150 273 37 212 245 117 194 99 97 179 0 98
340 207 176 242 272 380 396 248 175 135 310 147 215 292 197 195 81 98 0
