0 345 323 227 248 278 296 332 92 301 252 12 182 272 258 244 161 156 76
345 0 164 260 281 135 329 365 413 158 93 333 215 129 291 101 194 189 269
323 164 0 238 259 113 307 343 391 136 71 311 193 107 269 79 172 167 247
227 260 238 0 111 193 201 237 295 216 167 215 45 187 163 159 66 71 151
248 281 259 111 0 214 222 258 316 237 188 236 66 208 184 180 87 92 172
278 135 113 193 214 0 262 298 346 35 42 266 148 6 224 34 127 122 202
296 329 307 201 222 262 0 112 364 285 236 284 156 256 38 228 135 140 220
332 365 343 237 258 298 112 0 400 321 272 320 192 292 74 264 171 176 256
92 413 391 295 316 346 364 400 0 369 320 80 250 340 326 312 229 224 144
301 158 136 216 237 35 285 321 369 0 65 289 171 29 247 57 150 145 225
252 93 71 167 188 42 236 272 320 65 0 240 122 36 198 8 101 96 176
12 333 311 215 236 266 284 320 80 289 240 0 170 260 246 232 149 144 64
182 215 193 45 66 148 156 192 250 171 122 170 0 142 118 114 21 26 106
272 129 107 187 208 6 256 292 340 29 36 260 142 0 218 28 121 116 196
258 291 269 163 184 224 38 74 326 247 198 246 118 218 0 190 97 102 182
244 101 79 159 180 34 228 264 312 57 8 232 114 28 190 0 93 88 168
161 194 172 66 87 127 135 171 229 150 101 149 21 121 97 93 0 5 85
156 189 167 71 92 122 140 176 224 145 96 144 26 116 102 88 5 0 80
76 269 247 151 172 202 220 256 144 225 176 64 106 196 182 168 85 80 0
