0 175 185 186 159 273 352 390 315 296 77 92 132 342 299 282 136 143 281
175 0 160 190 59 161 231 329 241 131 107 130 15 215 123 107 56 28 65
185 160 0 165 139 298 335 433 337 282 58 109 180 378 263 243 158 199 238
186 190 165 0 129 278 341 464 332 348 123 95 116 356 281 270 152 124 299
159 59 139 129 0 211 285 320 209 235 26 47 -18 263 169 105 1 99 181
273 161 298 278 211 0 143 205 133 288 162 232 203 151 125 65 121 193 266
352 231 335 341 285 143 0 162 102 380 272 264 186 -25 36 110 190 242 344
390 329 433 464 320 205 162 0 131 348 323 344 286 56 133 115 280 303 359
315 241 337 332 209 133 102 131 0 368 260 253 221 48 22 69 117 179 303
296 131 282 348 235 288 380 348 368 0 227 211 179 303 279 207 101 151 12
77 107 58 123 26 162 272 323 260 227 0 71 62 301 270 135 83 97 226
92 130 109 95 47 232 264 344 253 211 71 0 -16 244 176 139 56 87 178
132 15 180 116 -18 203 186 286 221 179 62 -16 0 210 149 133 87 85 171
342 215 378 356 263 151 -25 56 48 303 301 244 210 0 70 95 214 217 307
299 123 263 281 169 125 36 133 22 279 270 176 149 70 0 87 156 174 249
282 107 243 270 105 65 110 115 69 207 135 139 133 95 87 0 116 121 136
136 56 158 152 1 121 190 280 117 101 83 56 87 214 156 116 0 44 124
143 28 199 124 99 193 242 303 179 151 97 87 85 217 174 121 44 0 56
281 65 238 299 181 266 344 359 303 12 226 178 171 307 249 136 124 56 0
