0 236 349 163 154 385 252 241 144 294 337 300 232 201 67 74 83 17 95
236 0 311 275 306 309 157 224 327 217 224 160 97 94 137 236 209 216 323
349 311 0 354 406 116 205 292 459 99 31 100 163 178 263 344 294 329 413
163 275 354 0 80 400 238 190 144 285 298 208 177 221 121 -6 47 29 126
154 306 406 80 0 516 310 299 206 344 375 350 269 226 171 127 142 136 209
385 309 116 400 516 0 212 400 441 180 54 128 178 223 312 359 387 411 431
252 157 205 238 310 212 0 172 321 105 132 68 -13 51 94 195 198 232 295
241 224 292 190 299 400 172 0 252 255 343 188 162 122 69 177 167 183 224
144 327 459 144 206 441 321 252 0 353 403 325 331 207 169 146 124 69 28
294 217 99 285 344 180 105 255 353 0 74 39 30 121 214 264 241 293 309
337 224 31 298 375 54 132 343 403 74 0 76 124 103 236 309 286 284 350
300 160 100 208 350 128 68 188 325 39 76 0 31 115 138 253 192 245 344
232 97 163 177 269 178 -13 162 331 30 124 31 0 61 100 201 162 219 241
201 94 178 221 226 223 51 122 207 121 103 115 61 0 71 119 145 191 221
67 137 263 121 171 312 94 69 169 214 236 138 100 71 0 91 53 88 160
74 236 344 -6 127 359 195 177 146 264 309 253 201 119 91 0 2 44 144
83 209 294 47 142 387 198 167 124 241 286 192 162 145 53 2 0 4 117
17 216 329 29 136 411 232 183 69 293 284 245 219 191 88 44 4 0 85
95 323 413 126 209 431 295 224 28 309 350 344 241 221 160 144 117 85 0
