0 207 426 138 229 353 340 332 344 397 186 91 324 290 330 256 118 185 278
207 0 397 163 64 324 311 303 315 368 21 116 295 261 301 227 89 156 249
426 397 0 382 419 409 396 246 110 453 376 335 380 346 96 170 308 241 334
138 163 382 0 185 309 296 288 300 353 142 47 280 246 286 212 74 141 234
229 64 419 185 0 346 333 325 337 390 43 138 317 283 323 249 111 178 271
353 324 409 309 346 0 113 315 327 170 303 262 97 63 313 239 235 168 75
340 311 396 296 333 113 0 302 314 89 290 249 16 50 300 226 222 155 62
332 303 246 288 325 315 302 0 164 359 282 241 286 252 150 76 214 147 240
344 315 110 300 337 327 314 164 0 371 294 253 298 264 14 88 226 159 252
397 368 453 353 390 170 89 359 371 0 347 306 73 107 357 283 279 212 119
186 21 376 142 43 303 290 282 294 347 0 95 274 240 280 206 68 135 228
91 116 335 47 138 262 249 241 253 306 95 0 233 199 239 165 27 94 187
324 295 380 280 317 97 16 286 298 73 274 233 0 34 284 210 206 139 46
290 261 346 246 283 63 50 252 264 107 240 199 34 0 250 176 172 105 12
330 301 96 286 323 313 300 150 14 357 280 239 284 250 0 74 212 145 238
256 227 170 212 249 239 226 76 88 283 206 165 210 176 74 0 138 71 164
118 89 308 74 111 235 222 214 226 279 68 27 206 172 212 138 0 67 160
185 156 241 141 178 168 155 147 159 212 135 94 139 105 145 71 67 0 93
278 249 334 234 271 75 62 240 252 119 228 187 46 12 238 164 160 93 0
