0 169 177 141 281 448 512 522 89 301 450 379 59 296 50 227 105 132 150
169 0 136 210 240 407 471 481 158 260 409 338 128 255 119 186 64 91 109
177 136 0 218 194 361 425 435 166 214 363 292 136 209 127 140 72 45 27
141 210 218 0 322 489 553 563 112 342 491 420 82 337 91 268 146 173 191
281 240 194 322 0 275 339 349 270 128 277 206 240 123 231 54 176 149 167
448 407 361 489 275 0 202 212 437 157 140 69 407 152 398 221 343 316 334
512 471 425 553 339 202 0 134 501 221 62 133 471 216 462 285 407 380 398
522 481 435 563 349 212 134 0 511 231 72 143 481 226 472 295 417 390 408
89 158 166 112 270 437 501 511 0 290 439 368 30 285 39 216 94 121 139
301 260 214 342 128 157 221 231 290 0 159 88 260 5 251 74 196 169 187
450 409 363 491 277 140 62 72 439 159 0 71 409 154 400 223 345 318 336
379 338 292 420 206 69 133 143 368 88 71 0 338 83 329 152 274 247 265
59 128 136 82 240 407 471 481 30 260 409 338 0 255 9 186 64 91 109
296 255 209 337 123 152 216 226 285 5 154 83 255 0 246 69 191 164 182
50 119 127 91 231 398 462 472 39 251 400 329 9 246 0 177 55 82 100
227 186 140 268 54 221 285 295 216 74 223 152 186 69 177 0 122 95 113
105 64 72 146 176 343 407 417 94 196 345 274 64 191 55 122 0 27 45
132 91 45 173 149 316 380 390 121 169 318 247 91 164 82 95 27 0 18
150 109 27 191 167 334 398 408 139 187 336 265 109 182 100 113 45 18 0
