0 265 400 171 289 367 251 235 325 280 256 224 178 310 142 226 48 120 250
265 0 498 138 193 480 392 372 394 207 207 286 133 412 62 396 187 234 362
400 498 0 482 566 160 404 434 163 515 540 328 467 68 376 131 332 236 164
171 138 482 0 135 479 320 368 388 140 94 287 41 430 56 327 156 238 349
289 193 566 135 0 477 396 442 421 45 1 318 88 448 113 366 194 291 359
367 480 160 479 477 0 380 349 149 512 477 271 387 48 418 57 294 225 149
251 392 404 320 396 380 0 124 303 386 397 36 314 266 284 245 181 165 190
235 372 434 368 442 349 124 0 316 419 417 67 306 317 301 272 170 155 243
325 394 163 388 421 149 303 316 0 451 391 266 407 61 336 81 213 167 68
280 207 515 140 45 512 386 419 451 0 21 370 88 461 103 384 232 268 376
256 207 540 94 1 477 397 417 391 21 0 339 73 450 97 387 228 262 318
224 286 328 287 318 271 36 67 266 370 339 0 200 204 246 210 137 44 96
178 133 467 41 88 387 314 306 407 88 73 200 0 375 95 293 116 191 274
310 412 68 430 448 48 266 317 61 461 450 204 375 0 319 42 247 166 86
142 62 376 56 113 418 284 301 336 103 97 246 95 319 0 242 63 150 251
226 396 131 327 366 57 245 272 81 384 387 210 293 42 242 0 165 132 58
48 187 332 156 194 294 181 170 213 232 228 137 116 247 63 165 0 40 139
120 234 236 238 291 225 165 155 167 268 262 44 191 166 150 132 40 0 90
250 362 164 349 359 149 190 243 68 376 318 96 274 86 251 58 139 90 0
