0 295 39 302 405 242 374 306 205 249 348 258 277 16 180 225 192 100 26
295 0 302 397 500 153 469 85 300 160 443 37 372 279 275 136 103 195 269
39 302 0 309 412 249 381 313 212 256 355 265 284 23 187 232 199 107 33
302 397 309 0 153 344 122 408 147 351 96 360 25 286 122 327 294 202 276
405 500 412 153 0 447 83 511 250 454 57 463 128 389 225 430 397 305 379
242 153 249 344 447 0 416 164 247 41 390 116 319 226 222 17 50 142 216
374 469 381 122 83 416 0 480 219 423 26 432 97 358 194 399 366 274 348
306 85 313 408 511 164 480 0 311 171 454 48 383 290 286 147 114 206 280
205 300 212 147 250 247 219 311 0 254 193 263 122 189 25 230 197 105 179
249 160 256 351 454 41 423 171 254 0 397 123 326 233 229 24 57 149 223
348 443 355 96 57 390 26 454 193 397 0 406 71 332 168 373 340 248 322
258 37 265 360 463 116 432 48 263 123 406 0 335 242 238 99 66 158 232
277 372 284 25 128 319 97 383 122 326 71 335 0 261 97 302 269 177 251
16 279 23 286 389 226 358 290 189 233 332 242 261 0 164 209 176 84 10
180 275 187 122 225 222 194 286 25 229 168 238 97 164 0 205 172 80 154
225 136 232 327 430 17 399 147 230 24 373 99 302 209 205 0 33 125 199
192 103 199 294 397 50 366 114 197 57 340 66 269 176 172 33 0 92 166
100 195 107 202 305 142 274 206 105 149 248 158 177 84 80 125 92 0 74
26 269 33 276 379 216 348 280 179 223 322 232 251 10 154 199 166 74 0
