0 232 197 292 310 205 374 43 161 13 301 225 203 125 6 124 8 25 92
232 0 181 118 136 189 200 259 343 233 127 51 29 109 226 108 224 207 274
197 181 0 241 259 152 323 224 308 198 250 174 152 72 191 73 189 172 239
292 118 241 0 152 249 216 319 403 293 143 67 89 169 286 168 284 267 334
310 136 259 152 0 267 82 337 421 311 9 85 107 187 304 186 302 285 352
205 189 152 249 267 0 331 232 316 206 258 182 160 80 199 81 197 180 247
374 200 323 216 82 331 0 401 485 375 73 149 171 251 368 250 366 349 416
43 259 224 319 337 232 401 0 188 44 328 252 230 152 37 151 35 52 119
161 343 308 403 421 316 485 188 0 162 412 336 314 236 155 235 153 136 69
13 233 198 293 311 206 375 44 162 0 302 226 204 126 7 125 9 26 93
301 127 250 143 9 258 73 328 412 302 0 76 98 178 295 177 293 276 343
225 51 174 67 85 182 149 252 336 226 76 0 22 102 219 101 217 200 267
203 29 152 89 107 160 171 230 314 204 98 22 0 80 197 79 195 178 245
125 109 72 169 187 80 251 152 236 126 178 102 80 0 119 1 117 100 167
6 226 191 286 304 199 368 37 155 7 295 219 197 119 0 118 2 19 86
124 108 73 168 186 81 250 151 235 125 177 101 79 1 118 0 116 99 166
8 224 189 284 302 197 366 35 153 9 293 217 195 117 2 116 0 17 84
25 207 172 267 285 180 349 52 136 26 276 200 178 100 19 99 17 0 67
92 274 239 334 352 247 416 119 69 93 343 267 245 167 86 166 84 67 0
