0 172 150 310 119 218 170 254 311 297 233 124 208 85 124 64 34 107 166
172 0 324 322 255 372 115 45 372 162 58 56 320 271 57 281 134 109 159
150 324 0 432 80 118 261 392 390 449 340 296 361 49 254 -5 120 206 289
310 322 432 0 336 497 295 406 115 445 378 284 44 425 259 379 282 237 130
119 255 80 336 0 172 272 327 371 403 323 249 305 50 229 5 85 154 259
218 372 118 497 172 0 363 493 476 522 467 317 454 72 310 111 205 293 425
170 115 261 295 272 363 0 214 311 226 150 126 222 278 57 249 158 82 221
254 45 392 406 327 493 214 0 362 76 4 72 312 348 152 333 250 156 257
311 372 390 115 371 476 311 362 0 428 333 316 46 371 230 360 318 195 89
297 162 449 445 403 522 226 76 428 0 96 141 374 402 189 346 286 191 281
233 58 340 378 323 467 150 4 333 96 0 13 333 348 159 300 216 119 197
124 56 296 284 249 317 126 72 316 141 13 0 210 212 60 265 140 116 163
208 320 361 44 305 454 222 312 46 374 333 210 0 343 176 308 315 196 94
85 271 49 425 50 72 278 348 371 402 348 212 343 0 186 12 90 168 307
124 57 254 259 229 310 57 152 230 189 159 60 176 186 0 161 51 16 159
64 281 -5 379 5 111 249 333 360 346 300 265 308 12 161 0 49 129 257
34 134 120 282 85 205 158 250 318 286 216 140 315 90 51 49 0 74 120
107 109 206 237 154 293 82 156 195 191 119 116 196 168 16 129 74 0 95
166 159 289 130 259 425 221 257 89 281 197 163 94 307 159 257 120 95 0
