0 327 240 197 55 363 289 271 334 264 43 167 222 189 227 149 120 140 193
327 0 301 101 216 480 354 399 500 345 237 82 269 231 412 310 215 164 239
240 301 0 299 322 494 153 383 484 121 224 292 87 11 385 288 192 162 132
197 101 299 0 279 536 390 401 417 294 196 31 276 231 401 300 181 148 163
55 216 322 279 0 387 280 255 363 312 31 190 262 215 209 145 47 156 170
363 480 494 536 387 0 545 300 148 504 306 431 497 377 170 195 265 367 437
289 354 153 390 280 545 0 414 517 86 283 269 45 131 409 301 253 232 89
271 399 383 401 255 300 414 0 218 421 190 319 404 349 214 115 208 272 286
334 500 484 417 363 148 517 218 0 464 260 377 471 400 46 171 268 298 363
264 345 121 294 312 504 86 421 464 0 226 273 43 49 419 318 192 158 96
43 237 224 196 31 306 283 190 260 226 0 194 229 173 234 111 49 67 162
167 82 292 31 190 431 269 319 377 273 194 0 199 198 325 291 146 117 146
222 269 87 276 262 497 45 404 471 43 229 199 0 39 378 302 201 160 90
189 231 11 231 215 377 131 349 400 49 173 198 39 0 342 265 151 131 28
227 412 385 401 209 170 409 214 46 419 234 325 378 342 0 89 194 277 337
149 310 288 300 145 195 301 115 171 318 111 291 302 265 89 0 77 147 199
120 215 192 181 47 265 253 208 268 192 49 146 201 151 194 77 0 54 104
140 164 162 148 156 367 232 272 298 158 67 117 160 131 277 147 54 0 93
193 239 132 163 170 437 89 286 363 96 162 146 90 28 337 199 104 93 0
