0 244 360 94 293 325 282 169 313 166 225 275 273 180 107 30 142 104 146
244 0 390 366 105 437 339 192 393 349 49 365 291 293 286 242 177 160 109
360 390 0 348 490 246 228 235 194 440 359 34 168 133 331 320 200 222 308
94 366 348 0 363 355 361 256 394 97 326 340 319 310 100 115 208 179 203
293 105 490 363 0 434 452 260 414 364 90 377 404 332 331 276 293 209 162
325 437 246 355 434 0 129 208 200 412 376 187 84 85 299 251 184 180 273
282 339 228 361 452 129 0 189 217 370 350 171 56 101 337 239 179 167 280
169 192 235 256 260 208 189 0 182 221 236 149 130 86 190 92 13 27 116
313 393 194 394 414 200 217 182 0 391 340 52 190 113 344 275 138 232 295
166 349 440 97 364 412 370 221 391 0 321 306 266 246 37 101 240 218 240
225 49 359 326 90 376 350 236 340 321 0 367 309 277 304 184 162 165 71
275 365 34 340 377 187 171 149 52 306 367 0 101 87 313 258 167 190 215
273 291 168 319 404 84 56 130 190 266 309 101 0 53 306 219 115 166 252
180 293 133 310 332 85 101 86 113 246 277 87 53 0 245 158 69 83 121
107 286 331 100 331 299 337 190 344 37 304 313 306 245 0 44 173 132 190
30 242 320 115 276 251 239 92 275 101 184 258 219 158 44 0 62 16 125
142 177 200 208 293 184 179 13 138 240 162 167 115 69 173 62 0 71 84
104 160 222 179 209 180 167 27 232 218 165 190 166 83 132 16 71 0 72
146 109 308 203 162 273 280 116 295 240 71 215 252 121 190 125 84 72 0
