0 125 245 136 422 446 402 542 565 201 445 390 336 284 248 210 94 117 184
125 0 228 90 236 367 334 450 447 168 356 353 229 166 133 144 63 27 98
245 228 0 189 240 325 267 424 436 49 345 296 222 144 -2 35 155 123 81
136 90 189 0 338 384 390 488 485 212 416 402 325 236 190 163 56 89 159
422 236 240 338 0 249 218 356 347 190 272 266 160 120 210 200 261 275 174
446 367 325 384 249 0 207 178 127 282 51 40 118 199 263 239 360 342 258
402 334 267 390 218 207 0 285 294 287 219 188 111 157 266 268 371 332 238
542 450 424 488 356 178 285 0 166 354 59 156 223 221 347 348 464 431 370
565 447 436 485 347 127 294 166 0 369 91 143 171 273 349 418 399 463 390
201 168 49 212 190 282 287 354 369 0 282 276 172 110 -26 2 127 100 38
445 356 345 416 272 51 219 59 91 282 0 85 106 198 280 282 387 307 288
390 353 296 402 266 40 188 156 143 276 85 0 43 115 316 231 344 349 268
336 229 222 325 160 118 111 223 171 172 106 43 0 60 132 207 275 254 138
284 166 144 236 120 199 157 221 273 110 198 115 60 0 139 90 200 171 92
248 133 -2 190 210 263 266 347 349 -26 280 316 132 139 0 36 161 89 65
210 144 35 163 200 239 268 348 418 2 282 231 207 90 36 0 90 77 2
94 63 155 56 261 360 371 464 399 127 387 344 275 200 161 90 0 40 61
117 27 123 89 275 342 332 431 463 100 307 349 254 171 89 77 40 0 31
184 98 81 159 174 258 238 370 390 38 288 268 138 92 65 2 61 31 0
