0 241 280 325 147 308 214 290 183 228 87 228 200 170 190 116 148 218 285
241 0 236 128 258 288 277 271 170 224 141 175 156 95 220 96 127 75 68
280 236 0 259 289 280 236 267 82 146 198 244 58 72 269 189 69 182 210
325 128 259 0 292 336 275 326 186 234 221 259 192 232 275 186 148 81 78
147 258 289 292 0 224 236 237 116 210 40 183 131 128 153 105 155 178 243
308 288 280 336 224 0 125 210 181 305 203 155 168 174 68 152 142 256 250
214 277 236 275 236 125 0 141 124 213 129 46 172 162 45 149 95 204 217
290 271 267 326 237 210 141 0 221 264 213 92 212 181 76 172 176 233 269
183 170 82 186 116 181 124 221 0 77 137 122 3 38 116 92 24 121 151
228 224 146 234 210 305 213 264 77 0 110 201 51 53 170 152 72 178 204
87 141 198 221 40 203 129 213 137 110 0 163 159 118 103 75 91 152 175
228 175 244 259 183 155 46 92 122 201 163 0 148 103 -1 90 78 165 225
200 156 58 192 131 168 172 212 3 51 159 148 0 -23 78 55 25 115 102
170 95 72 232 128 174 162 181 38 53 118 103 -23 0 94 19 42 96 140
190 220 269 275 153 68 45 76 116 170 103 -1 78 94 0 57 103 188 190
116 96 189 186 105 152 149 172 92 152 75 90 55 19 57 0 29 86 75
148 127 69 148 155 142 95 176 24 72 91 78 25 42 103 29 0 89 82
218 75 182 81 178 256 204 233 121 178 152 165 115 96 188 86 89 0 20
285 68 210 78 243 250 217 269 151 204 175 225 102 140 190 75 82 20 0
