0 130 334 368 376 316 242 43 296 240 10 62 320 226 264 133 149 292 195
130 0 250 348 344 269 173 134 186 169 121 30 196 189 162 112 159 246 154
334 250 0 429 437 158 320 398 93 123 306 290 90 121 128 212 283 321 266
368 348 429 0 219 414 349 388 362 373 403 283 415 371 370 215 216 82 199
376 344 437 219 0 469 333 455 364 368 351 327 377 379 318 277 237 112 179
316 269 158 414 469 0 397 391 117 169 325 223 90 83 118 195 280 384 301
242 173 320 349 333 397 0 338 221 238 226 162 235 186 172 156 64 232 96
43 134 398 388 455 391 338 0 280 280 52 136 254 242 275 177 218 379 204
296 186 93 362 364 117 221 280 0 56 261 210 57 -2 90 116 112 306 185
240 169 123 373 368 169 238 280 56 0 258 110 74 33 -42 125 79 257 188
10 121 306 403 351 325 226 52 261 258 0 95 227 262 255 114 185 277 214
62 30 290 283 327 223 162 136 210 110 95 0 201 138 142 50 98 243 110
320 196 90 415 377 90 235 254 57 74 227 201 0 19 60 140 153 304 186
226 189 121 371 379 83 186 242 -2 33 262 138 19 0 7 108 145 228 142
264 162 128 370 318 118 172 275 90 -42 255 142 60 7 0 124 128 243 195
133 112 212 215 277 195 156 177 116 125 114 50 140 108 124 0 21 159 77
149 159 283 216 237 280 64 218 112 79 185 98 153 145 128 21 0 165 61
292 246 321 82 112 384 232 379 306 257 277 243 304 228 243 159 165 0 75
195 154 266 199 179 301 96 204 185 188 214 110 186 142 195 77 61 75 0
