0 209 411 482 365 170 115 147 376 426 377 70 334 249 236 122 71 182 226
209 0 226 275 60 140 176 114 253 177 222 152 108 92 -16 92 123 79 190
411 226 0 90 193 423 424 242 476 165 18 409 87 165 208 240 328 307 415
482 275 90 0 274 451 452 320 534 183 106 430 150 175 218 308 382 370 456
365 60 193 274 0 329 270 150 347 152 162 290 178 65 138 144 256 230 300
170 140 423 451 329 0 38 206 366 372 423 31 336 205 186 170 40 151 205
115 176 424 452 270 38 0 133 266 378 350 34 275 256 186 149 -1 139 254
147 114 242 320 150 206 133 0 198 244 210 150 182 62 17 -6 91 67 130
376 253 476 534 347 366 266 198 0 406 447 254 356 303 249 250 230 170 51
426 177 165 183 152 372 378 244 406 0 115 325 26 160 196 226 310 274 353
377 222 18 106 162 423 350 210 447 115 0 330 71 124 232 217 263 190 373
70 152 409 430 290 31 34 150 254 325 330 0 243 254 201 180 1 126 127
334 108 87 150 178 336 275 182 356 26 71 243 0 17 107 184 216 147 258
249 92 165 175 65 205 256 62 303 160 124 254 17 0 62 98 159 105 226
236 -16 208 218 138 186 186 17 249 196 232 201 107 62 0 29 91 63 154
122 92 240 308 144 170 149 -6 250 226 217 180 184 98 29 0 104 84 129
71 123 328 382 256 40 -1 91 230 310 263 1 216 159 91 104 0 53 170
182 79 307 370 230 151 139 67 170 274 190 126 147 105 63 84 53 0 83
226 190 415 456 300 205 254 130 51 353 373 127 258 226 154 129 170 83 0
