0 357 452 224 165 429 382 316 183 407 408 416 297 199 218 184 123 18 115
357 0 307 491 457 300 243 148 209 320 261 229 190 45 90 148 384 332 196
452 307 0 608 625 130 191 418 333 58 45 76 137 248 211 300 536 405 366
224 491 608 0 146 558 515 477 330 565 553 540 446 362 336 329 148 226 251
165 457 625 146 0 621 528 505 374 600 587 535 507 412 411 261 96 188 243
429 300 130 558 621 0 199 334 311 111 106 37 124 255 223 262 501 374 373
382 243 191 515 528 199 0 294 297 223 178 152 106 256 219 240 455 341 292
316 148 418 477 505 334 294 0 188 352 320 288 188 58 94 164 397 282 260
183 209 333 330 374 311 297 188 0 326 340 244 228 144 115 -3 239 145 105
407 320 58 565 600 111 223 352 326 0 19 23 144 231 233 318 492 375 356
408 261 45 553 587 106 178 320 340 19 0 47 108 217 180 211 474 422 322
416 229 76 540 535 37 152 288 244 23 47 0 80 206 175 199 443 288 263
297 190 137 446 507 124 106 188 228 144 108 80 0 203 91 169 397 268 216
199 45 248 362 412 255 256 58 144 231 217 206 203 0 1 109 311 202 161
218 90 211 336 411 223 219 94 115 233 180 175 91 1 0 45 309 168 161
184 148 300 329 261 262 240 164 -3 318 211 199 169 109 45 0 227 114 81
123 384 536 148 96 501 455 397 239 492 474 443 397 311 309 227 0 77 201
18 332 405 226 188 374 341 282 145 375 422 288 268 202 168 114 77 0 86
115 196 366 251 243 373 292 260 105 356 322 263 216 161 161 81 201 86 0
