0 392 222 350 186 369 275 243 84 372 340 315 213 100 197 221 166 161 102
392 0 155 114 324 244 390 398 290 270 54 195 344 306 104 114 333 264 222
222 155 0 131 215 162 311 248 169 107 61 103 237 176 -30 -44 219 85 112
350 114 131 0 288 294 344 363 288 175 47 199 349 240 95 119 358 273 217
186 324 215 288 0 381 86 62 117 300 249 308 44 114 214 153 9 63 122
369 244 162 294 381 0 395 397 254 62 267 117 377 272 159 151 371 295 247
275 390 311 344 86 395 0 67 213 376 384 342 72 181 293 252 77 160 174
243 398 248 363 62 397 67 0 214 358 357 324 68 162 264 261 40 158 160
84 290 169 288 117 254 213 214 0 263 234 246 178 2 187 203 135 101 94
372 270 107 175 300 62 376 358 263 0 211 14 363 309 85 85 260 201 225
340 54 61 47 249 267 384 357 234 211 0 179 286 246 83 61 250 218 183
315 195 103 199 308 117 342 324 246 14 179 0 326 227 130 95 274 184 207
213 344 237 349 44 377 72 68 178 363 286 326 0 106 232 209 11 113 152
100 306 176 240 114 272 181 162 2 309 246 227 106 0 159 180 144 39 8
197 104 -30 95 214 159 293 264 187 85 83 130 232 159 0 11 231 128 51
221 114 -44 119 153 151 252 261 203 85 61 95 209 180 11 0 234 141 81
166 333 219 358 9 371 77 40 135 260 250 274 11 144 231 234 0 110 109
161 264 85 273 63 295 160 158 101 201 218 184 113 39 128 141 110 0 -34
102 222 112 217 122 247 174 160 94 225 183 207 152 8 51 81 109 -34 0
