0 332 341 220 252 229 284 181 87 184 280 208 178 141 131 171 79 32 82
332 0 113 394 228 299 200 355 355 254 52 124 154 211 201 345 253 300 350
341 113 0 403 237 308 209 364 364 263 61 133 163 220 210 354 262 309 359
220 394 403 0 314 291 346 59 243 246 342 270 240 203 193 49 141 188 238
252 228 237 314 0 219 180 275 275 174 176 104 74 131 121 265 173 220 270
229 299 308 291 219 0 251 252 252 131 247 175 145 88 98 242 150 197 247
284 200 209 346 180 251 0 307 307 206 148 76 106 163 153 297 205 252 302
181 355 364 59 275 252 307 0 204 207 303 231 201 164 154 10 102 149 199
87 355 364 243 275 252 307 204 0 207 303 231 201 164 154 194 102 55 5
184 254 263 246 174 131 206 207 207 0 202 130 100 43 53 197 105 152 202
280 52 61 342 176 247 148 303 303 202 0 72 102 159 149 293 201 248 298
208 124 133 270 104 175 76 231 231 130 72 0 30 87 77 221 129 176 226
178 154 163 240 74 145 106 201 201 100 102 30 0 57 47 191 99 146 196
141 211 220 203 131 88 163 164 164 43 159 87 57 0 10 154 62 109 159
131 201 210 193 121 98 153 154 154 53 149 77 47 10 0 144 52 99 149
171 345 354 49 265 242 297 10 194 197 293 221 191 154 144 0 92 139 189
79 253 262 141 173 150 205 102 102 105 201 129 99 62 52 92 0 47 97
32 300 309 188 220 197 252 149 55 152 248 176 146 109 99 139 47 0 50
82 350 359 238 270 247 302 199 5 202 298 226 196 159 149 189 97 50 0
