0 320 136 316 77 224 234 217 282 297 112 242 34 154 18 265 181 85 184
320 0 453 282 399 406 261 401 140 95 284 80 346 128 309 19 176 258 228
136 453 0 395 177 269 349 263 389 432 234 372 45 266 112 418 254 185 188
316 282 395 0 342 304 77 314 219 245 278 244 266 70 319 165 109 174 169
77 399 177 342 0 205 295 295 358 340 173 300 48 265 69 334 242 115 208
224 406 269 304 205 0 292 169 319 351 42 331 250 211 154 291 194 144 170
234 261 349 77 295 292 0 244 222 223 160 192 259 51 194 183 74 173 103
217 401 263 314 295 169 244 0 319 298 95 328 203 185 148 291 201 116 143
282 140 389 219 358 319 222 319 0 13 253 -23 270 173 274 39 90 244 223
297 95 432 245 340 351 223 298 13 0 288 29 293 144 260 -1 140 242 174
112 284 234 278 173 42 160 95 253 288 0 248 85 171 79 227 104 -7 68
242 80 372 244 300 331 192 328 -23 29 248 0 279 137 237 -36 102 258 123
34 346 45 266 48 250 259 203 270 293 85 279 0 148 39 273 186 80 98
154 128 266 70 265 211 51 185 173 144 171 137 148 0 162 130 14 63 89
18 309 112 319 69 154 194 148 274 260 79 237 39 162 0 190 134 9 102
265 19 418 165 334 291 183 291 39 -1 227 -36 273 130 190 0 113 215 130
181 176 254 109 242 194 74 201 90 140 104 102 186 14 134 113 0 89 13
85 258 185 174 115 144 173 116 244 242 -7 258 80 63 9 215 89 0 71
184 228 188 169 208 170 103 143 223 174 68 123 98 89 102 130 13 71 0
