0 178 204 196 175 172 91 146 156 211 215 185 150 142 96 88 -4 -15 -27
178 0 301 333 137 85 182 227 192 302 344 105 191 24 261 164 130 112 164
204 301 0 173 295 370 287 316 236 79 20 371 272 281 99 158 175 172 149
196 333 173 0 365 340 246 333 237 187 177 323 227 263 104 165 192 212 227
175 137 295 365 0 57 220 253 256 323 324 6 196 76 239 224 172 149 180
172 85 370 340 57 0 243 305 294 384 297 -21 224 83 281 216 190 191 216
91 182 287 246 220 243 0 164 210 216 218 170 37 138 189 133 94 105 51
146 227 316 333 253 305 164 0 208 311 280 260 90 163 235 204 156 136 170
156 192 236 237 256 294 210 208 0 161 165 236 153 192 124 52 165 105 93
211 302 79 187 323 384 216 311 161 0 10 380 194 281 117 145 177 194 188
215 344 20 177 324 297 218 280 165 10 0 321 199 236 74 147 167 119 179
185 105 371 323 6 -21 170 260 236 380 321 0 190 69 287 170 186 176 238
150 191 272 227 196 224 37 90 153 194 199 190 0 113 180 78 47 29 70
142 24 281 263 76 83 138 163 192 281 236 69 113 0 175 115 113 136 150
96 261 99 104 239 281 189 235 124 117 74 287 180 175 0 6 96 84 127
88 164 158 165 224 216 133 204 52 145 147 170 78 115 6 0 39 37 92
-4 130 175 192 172 190 94 156 165 177 167 186 47 113 96 39 0 -19 14
-15 112 172 212 149 191 105 136 105 194 119 176 29 136 84 37 -19 0 16
-27 164 149 227 180 216 51 170 93 188 179 238 70 150 127 92 14 16 0
