0 363 57 70 303 221 290 274 296 171 251 218 -11 237 58 131 80 162 215
363 0 360 369 336 239 417 392 82 324 114 184 357 377 310 321 293 187 252
57 360 0 54 320 224 273 230 315 194 272 161 14 241 -24 162 47 148 284
70 369 54 0 397 224 359 271 343 185 268 241 24 216 92 163 146 171 316
303 336 320 397 0 205 457 362 288 314 253 180 323 365 291 300 189 172 115
221 239 224 224 205 0 337 279 161 124 95 15 213 223 176 156 138 36 121
290 417 273 359 457 337 0 80 405 195 388 285 294 70 260 153 169 279 363
274 392 230 271 362 279 80 0 399 142 264 237 208 11 196 107 187 217 285
296 82 315 343 288 161 405 399 0 299 77 80 291 352 244 212 166 108 260
171 324 194 185 314 124 195 142 299 0 225 194 224 105 150 11 30 135 201
251 114 272 268 253 95 388 264 77 225 0 62 263 294 207 185 192 65 155
218 184 161 241 180 15 285 237 80 194 62 0 193 199 135 124 95 20 62
-11 357 14 24 323 213 294 208 291 224 263 193 0 198 37 146 139 176 252
237 377 241 216 365 223 70 11 352 105 294 199 198 0 237 102 108 227 322
58 310 -24 92 291 176 260 196 244 150 207 135 37 237 0 122 75 157 175
131 321 162 163 300 156 153 107 212 11 185 124 146 102 122 0 56 172 176
80 293 47 146 189 138 169 187 166 30 192 95 139 108 75 56 0 48 135
162 187 148 171 172 36 279 217 108 135 65 20 176 227 157 172 48 0 124
215 252 284 316 115 121 363 285 260 201 155 62 252 322 175 176 135 124 0
