0 361 304 129 323 407 418 487 293 378 48 329 394 351 270 257 214 122 172
361 0 421 394 170 254 265 334 410 81 313 32 241 198 117 104 331 239 189
304 421 0 337 383 467 478 547 169 438 256 389 454 411 330 317 90 182 232
129 394 337 0 356 440 451 520 326 411 81 362 427 384 303 290 247 155 205
323 170 383 356 0 190 201 270 372 187 275 138 177 134 53 66 293 201 151
407 254 467 440 190 0 123 192 456 271 359 222 99 56 137 150 377 285 235
418 265 478 451 201 123 0 117 467 282 370 233 24 67 148 161 388 296 246
487 334 547 520 270 192 117 0 536 351 439 302 93 136 217 230 457 365 315
293 410 169 326 372 456 467 536 0 427 245 378 443 400 319 306 79 171 221
378 81 438 411 187 271 282 351 427 0 330 49 258 215 134 121 348 256 206
48 313 256 81 275 359 370 439 245 330 0 281 346 303 222 209 166 74 124
329 32 389 362 138 222 233 302 378 49 281 0 209 166 85 72 299 207 157
394 241 454 427 177 99 24 93 443 258 346 209 0 43 124 137 364 272 222
351 198 411 384 134 56 67 136 400 215 303 166 43 0 81 94 321 229 179
270 117 330 303 53 137 148 217 319 134 222 85 124 81 0 13 240 148 98
257 104 317 290 66 150 161 230 306 121 209 72 137 94 13 0 227 135 85
214 331 90 247 293 377 388 457 79 348 166 299 364 321 240 227 0 92 142
122 239 182 155 201 285 296 365 171 256 74 207 272 229 148 135 92 0 50
172 189 232 205 151 235 246 315 221 206 124 157 222 179 98 85 142 50 0
