0 235 297 214 241 253 149 -15 172 267 199 34 186 276 119 89 170 29 110
235 0 478 447 389 177 167 212 159 487 346 190 73 427 134 149 320 230 321
297 478 0 77 262 488 400 309 425 321 104 239 421 216 350 357 153 282 199
214 447 77 0 179 390 309 188 352 192 37 222 320 213 267 278 70 193 142
241 389 262 179 0 432 394 258 329 87 218 198 321 25 331 254 110 232 135
253 177 488 390 432 0 241 231 240 457 385 213 70 417 156 154 301 211 300
149 167 400 309 394 241 0 148 44 418 312 136 164 349 36 73 245 148 275
-15 212 309 188 258 231 148 0 117 261 175 42 97 211 96 69 121 3 102
172 159 425 352 329 240 44 117 0 444 307 180 107 312 13 83 258 153 204
267 487 321 192 87 457 418 261 444 0 193 282 371 102 373 330 198 291 222
199 346 104 37 218 385 312 175 307 193 0 156 314 186 329 243 84 160 153
34 190 239 222 198 213 136 42 180 282 156 0 108 218 137 79 112 5 47
186 73 421 320 321 70 164 97 107 371 314 108 0 310 29 69 274 96 229
276 427 216 213 25 417 349 211 312 102 186 218 310 0 306 271 56 191 127
119 134 350 267 331 156 36 96 13 373 329 137 29 306 0 35 203 56 219
89 149 357 278 254 154 73 69 83 330 243 79 69 271 35 0 199 68 151
170 320 153 70 110 301 245 121 258 198 84 112 274 56 203 199 0 78 113
29 230 282 193 232 211 148 3 153 291 160 5 96 191 56 68 78 0 74
110 321 199 142 135 300 275 102 204 222 153 47 229 127 219 151 113 74 0
