0 167 130 358 411 122 350 334 91 99 352 94 319 -10 45 89 266 236 175
167 0 254 189 259 153 164 119 207 167 130 157 137 208 159 165 94 -14 102
130 254 0 376 440 88 300 340 130 107 311 64 314 60 58 54 252 148 152
358 189 376 0 146 388 115 206 429 352 2 352 155 335 373 368 120 189 275
411 259 440 146 0 345 171 251 419 394 82 392 123 386 372 340 89 289 297
122 153 88 388 345 0 291 377 112 -39 289 -5 244 89 56 33 248 169 88
350 164 300 115 171 291 0 118 373 355 78 326 29 293 291 259 79 176 171
334 119 340 206 251 377 118 0 362 357 124 291 84 340 335 333 115 180 219
91 207 130 429 419 112 373 362 0 143 332 122 309 38 70 118 314 238 154
99 167 107 352 394 -39 355 357 143 0 312 54 291 108 61 86 260 156 70
352 130 311 2 82 289 78 124 332 312 0 264 71 292 244 254 38 103 160
94 157 64 352 392 -5 326 291 122 54 264 0 236 95 26 -8 241 160 106
319 137 314 155 123 244 29 84 309 291 71 236 0 236 268 263 11 139 154
-10 208 60 335 386 89 293 340 38 108 292 95 236 0 -11 21 234 169 123
45 159 58 373 372 56 291 335 70 61 244 26 268 -11 0 50 269 112 82
89 165 54 368 340 33 259 333 118 86 254 -8 263 21 50 0 195 136 49
266 94 252 120 89 248 79 115 314 260 38 241 11 234 269 195 0 82 166
236 -14 148 189 289 169 176 180 238 156 103 160 139 169 112 136 82 0 29
175 102 152 275 297 88 171 219 154 70 160 106 154 123 82 49 166 29 0
