0 111 132 340 195 208 256 328 367 294 246 289 75 232 184 98 107 133 224
111 0 93 255 110 123 171 243 282 209 161 204 36 147 99 13 22 48 139
132 93 0 322 177 190 238 310 349 276 228 271 57 214 166 80 89 115 206
340 255 322 0 321 334 330 402 129 368 320 51 265 306 310 242 233 207 116
195 110 177 321 0 35 237 309 348 275 227 270 120 213 11 97 88 114 205
208 123 190 334 35 0 250 322 361 288 240 283 133 226 24 110 101 127 218
256 171 238 330 237 250 0 120 357 86 38 279 181 24 226 158 149 123 214
328 243 310 402 309 322 120 0 429 130 82 351 253 96 298 230 221 195 286
367 282 349 129 348 361 357 429 0 395 347 78 292 333 337 269 260 234 143
294 209 276 368 275 288 86 130 395 0 48 317 219 62 264 196 187 161 252
246 161 228 320 227 240 38 82 347 48 0 269 171 14 216 148 139 113 204
289 204 271 51 270 283 279 351 78 317 269 0 214 255 259 191 182 156 65
75 36 57 265 120 133 181 253 292 219 171 214 0 157 109 23 32 58 149
232 147 214 306 213 226 24 96 333 62 14 255 157 0 202 134 125 99 190
184 99 166 310 11 24 226 298 337 264 216 259 109 202 0 86 77 103 194
98 13 80 242 97 110 158 230 269 196 148 191 23 134 86 0 9 35 126
107 22 89 233 88 101 149 221 260 187 139 182 32 125 77 9 0 26 117
133 48 115 207 114 127 123 195 234 161 113 156 58 99 103 35 26 0 91
224 139 206 116 205 218 214 286 143 252 204 65 149 190 194 126 117 91 0
