0 261 190 398 102 354 279 432 364 475 405 309 302 335 276 65 179 122 200
261 0 112 357 224 180 302 245 248 296 236 144 152 258 39 174 141 91 237
190 112 0 272 89 213 130 295 216 346 259 176 114 168 36 108 -28 -18 145
398 357 272 0 359 459 62 574 446 588 509 400 365 67 312 265 257 172 87
102 224 89 359 0 303 257 367 387 447 359 260 258 237 213 53 154 122 234
354 180 213 459 303 0 360 88 171 147 101 -26 46 343 124 276 180 203 289
279 302 130 62 257 360 0 476 429 513 438 397 317 7 244 268 230 182 104
432 245 295 574 367 88 476 0 289 80 42 61 115 463 210 340 256 315 378
364 248 216 446 387 171 429 289 0 235 220 171 87 345 150 303 220 232 336
475 296 346 588 447 147 513 80 235 0 17 130 143 472 241 392 321 359 396
405 236 259 509 359 101 438 42 220 17 0 86 136 447 248 293 288 249 330
309 144 176 400 260 -26 397 61 171 130 86 0 79 377 63 245 209 199 239
302 152 114 365 258 46 317 115 87 143 136 79 0 295 81 201 133 186 234
335 258 168 67 237 343 7 463 345 472 447 377 295 0 266 179 164 138 120
276 39 36 312 213 124 244 210 150 241 248 63 81 266 0 152 105 113 155
65 174 108 265 53 276 268 340 303 392 293 245 201 179 152 0 120 97 123
179 141 -28 257 154 180 230 256 220 321 288 209 133 164 105 120 0 -5 89
122 91 -18 172 122 203 182 315 232 359 249 199 186 138 113 97 -5 0 91
200 237 145 87 234 289 104 378 336 396 330 239 234 120 155 123 89 91 0
