0 203 334 307 216 267 228 258 319 202 154 278 229 61 134 129 244 130 193
203 0 279 252 297 202 309 193 264 147 235 223 164 142 69 74 189 75 138
334 279 0 85 428 343 440 334 165 276 366 56 305 273 210 205 90 204 141
307 252 85 0 401 316 413 307 138 249 339 29 278 246 183 178 63 177 114
216 297 428 401 0 361 136 352 413 296 62 372 323 155 228 223 338 224 287
267 202 343 316 361 0 373 67 328 211 299 287 38 206 133 138 253 139 202
228 309 440 413 136 373 0 364 425 308 74 384 335 167 240 235 350 236 299
258 193 334 307 352 67 364 0 319 202 290 278 29 197 124 129 244 130 193
319 264 165 138 413 328 425 319 0 261 351 109 290 258 195 190 75 189 126
202 147 276 249 296 211 308 202 261 0 234 220 173 141 78 73 186 72 135
154 235 366 339 62 299 74 290 351 234 0 310 261 93 166 161 276 162 225
278 223 56 29 372 287 384 278 109 220 310 0 249 217 154 149 34 148 85
229 164 305 278 323 38 335 29 290 173 261 249 0 168 95 100 215 101 164
61 142 273 246 155 206 167 197 258 141 93 217 168 0 73 68 183 69 132
134 69 210 183 228 133 240 124 195 78 166 154 95 73 0 5 120 6 69
129 74 205 178 223 138 235 129 190 73 161 149 100 68 5 0 115 1 64
244 189 90 63 338 253 350 244 75 186 276 34 215 183 120 115 0 114 51
130 75 204 177 224 139 236 130 189 72 162 148 101 69 6 1 114 0 63
193 138 141 114 287 202 299 193 126 135 225 85 164 132 69 64 51 63 0
