0 291 143 196 214 306 181 302 266 289 189 266 180 138 81 65 139 274 210
291 0 304 357 145 319 342 61 427 302 350 25 111 299 242 226 152 287 223
143 304 0 177 227 319 162 315 247 302 170 279 193 119 62 78 152 287 223
196 357 177 0 280 372 101 368 84 355 7 332 246 58 115 131 205 340 276
214 145 227 280 0 242 265 156 350 225 273 120 34 222 165 149 75 210 146
306 319 319 372 242 0 357 330 442 47 365 294 208 314 257 241 167 32 96
181 342 162 101 265 357 0 353 171 340 94 317 231 43 100 116 190 325 261
302 61 315 368 156 330 353 0 438 313 361 36 122 310 253 237 163 298 234
266 427 247 84 350 442 171 438 0 425 77 402 316 128 185 201 275 410 346
289 302 302 355 225 47 340 313 425 0 348 277 191 297 240 224 150 15 79
189 350 170 7 273 365 94 361 77 348 0 325 239 51 108 124 198 333 269
266 25 279 332 120 294 317 36 402 277 325 0 86 274 217 201 127 262 198
180 111 193 246 34 208 231 122 316 191 239 86 0 188 131 115 41 176 112
138 299 119 58 222 314 43 310 128 297 51 274 188 0 57 73 147 282 218
81 242 62 115 165 257 100 253 185 240 108 217 131 57 0 16 90 225 161
65 226 78 131 149 241 116 237 201 224 124 201 115 73 16 0 74 209 145
139 152 152 205 75 167 190 163 275 150 198 127 41 147 90 74 0 135 71
274 287 287 340 210 32 325 298 410 15 333 262 176 282 225 209 135 0 64
210 223 223 276 146 96 261 234 346 79 269 198 112 218 161 145 71 64 0
