0 410 347 291 277 318 363 123 385 234 273 96 292 232 347 254 228 187 194
410 0 383 327 313 220 79 341 287 270 309 314 194 268 63 156 264 223 230
347 383 0 92 168 291 336 278 358 125 74 251 265 123 320 227 119 160 153
291 327 92 0 112 235 280 222 302 69 18 195 209 67 264 171 63 104 97
277 313 168 112 0 221 266 208 288 47 94 181 195 45 250 157 49 90 83
318 220 291 235 221 0 173 249 119 178 217 222 26 176 157 64 172 131 138
363 79 336 280 266 173 0 294 240 223 262 267 147 221 16 109 217 176 183
123 341 278 222 208 249 294 0 316 165 204 27 223 163 278 185 159 118 125
385 287 358 302 288 119 240 316 0 245 284 289 93 243 224 131 239 198 205
234 270 125 69 47 178 223 165 245 0 51 138 152 2 207 114 6 47 40
273 309 74 18 94 217 262 204 284 51 0 177 191 49 246 153 45 86 79
96 314 251 195 181 222 267 27 289 138 177 0 196 136 251 158 132 91 98
292 194 265 209 195 26 147 223 93 152 191 196 0 150 131 38 146 105 112
232 268 123 67 45 176 221 163 243 2 49 136 150 0 205 112 4 45 38
347 63 320 264 250 157 16 278 224 207 246 251 131 205 0 93 201 160 167
254 156 227 171 157 64 109 185 131 114 153 158 38 112 93 0 108 67 74
228 264 119 63 49 172 217 159 239 6 45 132 146 4 201 108 0 41 34
187 223 160 104 90 131 176 118 198 47 86 91 105 45 160 67 41 0 7
194 230 153 97 83 138 183 125 205 40 79 98 112 38 167 74 34 7 0
