0 177 283 149 94 404 412 250 325 313 77 347 301 228 224 94 218 157 96
177 0 146 138 117 267 275 113 188 176 100 210 164 91 87 83 81 20 81
283 146 0 244 223 251 259 85 160 160 206 194 148 63 59 189 65 126 187
149 138 244 0 89 365 373 211 286 274 72 308 262 189 185 55 179 118 57
94 117 223 89 0 344 352 190 265 253 17 287 241 168 164 34 158 97 36
404 267 251 365 344 0 122 218 293 115 327 57 103 196 192 310 186 247 308
412 275 259 373 352 122 0 226 301 123 335 65 111 204 200 318 194 255 316
250 113 85 211 190 218 226 0 119 127 173 161 115 22 26 156 32 93 154
325 188 160 286 265 293 301 119 0 202 248 236 190 97 101 231 107 168 229
313 176 160 274 253 115 123 127 202 0 236 58 12 105 101 219 95 156 217
77 100 206 72 17 327 335 173 248 236 0 270 224 151 147 17 141 80 19
347 210 194 308 287 57 65 161 236 58 270 0 46 139 135 253 129 190 251
301 164 148 262 241 103 111 115 190 12 224 46 0 93 89 207 83 144 205
228 91 63 189 168 196 204 22 97 105 151 139 93 0 4 134 10 71 132
224 87 59 185 164 192 200 26 101 101 147 135 89 4 0 130 6 67 128
94 83 189 55 34 310 318 156 231 219 17 253 207 134 130 0 124 63 2
218 81 65 179 158 186 194 32 107 95 141 129 83 10 6 124 0 61 122
157 20 126 118 97 247 255 93 168 156 80 190 144 71 67 63 61 0 61
96 81 187 57 36 308 316 154 229 217 19 251 205 132 128 2 122 61 0
