0 286 174 366 132 351 313 452 391 480 417 344 292 293 236 84 171 145 224
286 0 118 362 250 165 309 266 205 294 231 158 106 289 50 202 115 141 220
174 118 0 250 138 183 197 284 223 312 249 176 124 177 68 90 3 29 108
366 362 250 0 330 427 93 528 467 556 493 420 368 73 312 282 247 221 142
132 250 138 330 0 315 277 416 355 444 381 308 256 257 200 48 135 109 188
351 165 183 427 315 0 374 115 158 143 80 7 59 354 115 267 180 206 285
313 309 197 93 277 374 0 475 414 503 440 367 315 20 259 229 194 168 89
452 266 284 528 416 115 475 0 259 98 35 108 160 455 216 368 281 307 386
391 205 223 467 355 158 414 259 0 287 224 151 99 394 155 307 220 246 325
480 294 312 556 444 143 503 98 287 0 63 136 188 483 244 396 309 335 414
417 231 249 493 381 80 440 35 224 63 0 73 125 420 181 333 246 272 351
344 158 176 420 308 7 367 108 151 136 73 0 52 347 108 260 173 199 278
292 106 124 368 256 59 315 160 99 188 125 52 0 295 56 208 121 147 226
293 289 177 73 257 354 20 455 394 483 420 347 295 0 239 209 174 148 69
236 50 68 312 200 115 259 216 155 244 181 108 56 239 0 152 65 91 170
84 202 90 282 48 267 229 368 307 396 333 260 208 209 152 0 87 61 140
171 115 3 247 135 180 194 281 220 309 246 173 121 174 65 87 0 26 105
145 141 29 221 109 206 168 307 246 335 272 199 147 148 91 61 26 0 79
224 220 108 142 188 285 89 386 325 414 351 278 226 69 170 140 105 79 0
