0 217 327 390 262 99 249 305 349 327 181 245 284 253 70 138 167 239 330
217 0 268 331 117 176 190 246 290 268 36 186 225 194 147 79 108 180 271
327 268 0 239 313 286 242 126 108 320 232 238 43 74 257 189 160 88 179
390 331 239 0 376 349 305 217 261 383 295 301 196 165 320 252 223 151 60
262 117 313 376 0 221 235 291 335 313 81 231 270 239 192 124 153 225 316
99 176 286 349 221 0 208 264 308 286 140 204 243 212 29 97 126 198 289
249 190 242 305 235 208 0 220 264 86 154 4 199 168 179 111 82 154 245
305 246 126 217 291 264 220 0 148 298 210 216 83 52 235 167 138 66 157
349 290 108 261 335 308 264 148 0 342 254 260 65 96 279 211 182 110 201
327 268 320 383 313 286 86 298 342 0 232 82 277 246 257 189 160 232 323
181 36 232 295 81 140 154 210 254 232 0 150 189 158 111 43 72 144 235
245 186 238 301 231 204 4 216 260 82 150 0 195 164 175 107 78 150 241
284 225 43 196 270 243 199 83 65 277 189 195 0 31 214 146 117 45 136
253 194 74 165 239 212 168 52 96 246 158 164 31 0 183 115 86 14 105
70 147 257 320 192 29 179 235 279 257 111 175 214 183 0 68 97 169 260
138 79 189 252 124 97 111 167 211 189 43 107 146 115 68 0 29 101 192
167 108 160 223 153 126 82 138 182 160 72 78 117 86 97 29 0 72 163
239 180 88 151 225 198 154 66 110 232 144 150 45 14 169 101 72 0 91
330 271 179 60 316 289 245 157 201 323 235 241 136 105 260 192 163 91 0
