0 162 262 245 112 278 99 383 333 267 51 113 104 351 263 204 182 167 143
162 0 122 42 107 227 185 180 138 123 136 109 81 97 79 37 40 -31 -8
262 122 0 104 249 278 202 257 239 171 224 205 198 210 140 99 104 88 90
245 42 104 0 175 238 210 152 144 89 178 160 123 101 56 47 91 85 57
112 107 249 175 0 93 99 343 321 219 77 56 81 278 212 166 175 94 153
278 227 278 238 93 0 182 362 376 277 155 108 68 345 260 263 196 125 148
99 185 202 210 99 182 0 405 332 222 -4 105 67 316 225 217 160 136 105
383 180 257 152 343 362 405 0 103 155 342 281 286 49 110 143 209 233 201
333 138 239 144 321 376 332 103 0 97 277 301 277 10 73 153 128 159 184
267 123 171 89 219 277 222 155 97 0 210 224 208 78 40 88 147 121 153
51 136 224 178 77 155 -4 342 277 210 0 66 11 289 212 159 195 141 105
113 109 205 160 56 108 105 281 301 224 66 0 29 238 170 157 73 95 72
104 81 198 123 81 68 67 286 277 208 11 29 0 204 172 185 124 99 87
351 97 210 101 278 345 316 49 10 78 289 238 204 0 51 101 157 151 127
263 79 140 56 212 260 225 110 73 40 212 170 172 51 0 18 58 65 81
204 37 99 47 166 263 217 143 153 88 159 157 185 101 18 0 32 74 55
182 40 104 91 175 196 160 209 128 147 195 73 124 157 58 32 0 -36 19
167 -31 88 85 94 125 136 233 159 121 141 95 99 151 65 74 -36 0 19
143 -8 90 57 153 148 105 201 184 153 105 72 87 127 81 55 19 19 0
