0 175 413 131 218 368 316 366 322 368 166 150 294 355 350 299 147 159 304
175 0 397 187 48 324 303 329 342 414 38 101 285 244 351 222 133 152 252
413 397 0 412 450 415 406 261 67 441 336 380 370 330 116 159 351 232 369
131 187 412 0 163 302 295 288 257 367 135 54 208 225 269 240 60 141 292
218 48 450 163 0 395 373 324 330 379 27 93 332 322 303 223 143 175 279
368 324 415 302 395 0 75 290 359 186 326 271 145 65 357 216 241 189 53
316 303 406 295 373 75 0 318 329 95 308 241 3 43 300 243 265 162 36
366 329 261 288 324 290 318 0 141 353 332 242 265 277 109 84 246 127 199
322 342 67 257 330 359 329 141 0 366 250 259 279 260 43 96 201 174 249
368 414 441 367 379 186 95 353 366 0 379 317 67 78 371 296 293 218 146
166 38 336 135 27 326 308 332 250 379 0 79 257 243 275 199 19 138 273
150 101 380 54 93 271 241 242 259 317 79 0 177 209 223 134 32 71 185
294 285 370 208 332 145 3 265 279 67 257 177 0 -30 281 194 184 125 47
355 244 330 225 322 65 43 277 260 78 243 209 -30 0 212 126 172 96 28
350 351 116 269 303 357 300 109 43 371 275 223 281 212 0 89 215 140 221
299 222 159 240 223 216 243 84 96 296 199 134 194 126 89 0 147 60 166
147 133 351 60 143 241 265 246 201 293 19 32 184 172 215 147 0 53 165
159 152 232 141 175 189 162 127 174 218 138 71 125 96 140 60 53 0 94
304 252 369 292 279 53 36 199 249 146 273 185 47 28 221 166 165 94 0
