0 229 206 234 212 216 216 208 274 198 205 168 177 174 168 97 91 59 77
229 0 87 53 323 251 327 319 385 233 24 203 288 55 279 132 202 170 152
206 87 0 92 300 228 304 296 362 210 63 180 265 32 256 109 179 147 129
234 53 92 0 328 256 332 324 390 238 29 208 293 60 284 137 207 175 157
212 323 300 328 0 310 92 238 304 292 299 262 207 268 44 191 121 153 171
216 251 228 256 310 0 314 306 372 78 227 48 275 196 266 119 189 157 139
216 327 304 332 92 314 0 242 308 296 303 266 211 272 48 195 125 157 175
208 319 296 324 238 306 242 0 128 288 295 258 31 264 194 187 117 149 167
274 385 362 390 304 372 308 128 0 354 361 324 97 330 260 253 183 215 233
198 233 210 238 292 78 296 288 354 0 209 30 257 178 248 101 171 139 121
205 24 63 29 299 227 303 295 361 209 0 179 264 31 255 108 178 146 128
168 203 180 208 262 48 266 258 324 30 179 0 227 148 218 71 141 109 91
177 288 265 293 207 275 211 31 97 257 264 227 0 233 163 156 86 118 136
174 55 32 60 268 196 272 264 330 178 31 148 233 0 224 77 147 115 97
168 279 256 284 44 266 48 194 260 248 255 218 163 224 0 147 77 109 127
97 132 109 137 191 119 195 187 253 101 108 71 156 77 147 0 70 38 20
91 202 179 207 121 189 125 117 183 171 178 141 86 147 77 70 0 32 50
59 170 147 175 153 157 157 149 215 139 146 109 118 115 109 38 32 0 18
77 152 129 157 171 139 175 167 233 121 128 91 136 97 127 20 50 18 0
