0 126 402 390 386 425 188 185 291 194 335 158 78 332 241 202 64 97 161
126 0 374 319 407 414 162 217 268 102 315 108 30 345 276 240 112 42 176
402 374 0 247 412 93 390 372 137 322 38 380 297 226 139 126 304 312 202
390 319 247 0 115 264 326 342 166 336 180 295 269 23 118 132 245 268 153
386 407 412 115 0 346 378 454 241 461 292 426 333 91 224 177 365 357 254
425 414 93 264 346 0 422 444 149 355 73 392 282 254 133 189 275 285 243
188 162 390 326 378 422 0 129 272 106 335 134 108 329 248 196 45 108 147
185 217 372 342 454 444 129 0 280 4 313 49 79 359 310 263 166 122 178
291 268 137 166 241 149 272 280 0 296 128 291 205 92 52 70 172 222 113
194 102 322 336 461 355 106 4 296 0 348 47 65 284 228 237 108 78 142
335 315 38 180 292 73 335 313 128 348 0 330 272 191 52 65 254 259 178
158 108 380 295 426 392 134 49 291 47 330 0 81 322 253 204 69 53 165
78 30 297 269 333 282 108 79 205 65 272 81 0 263 177 197 33 11 101
332 345 226 23 91 254 329 359 92 284 191 322 263 0 72 116 305 228 146
241 276 139 118 224 133 248 310 52 228 52 253 177 72 0 52 199 172 118
202 240 126 132 177 189 196 263 70 237 65 204 197 116 52 0 147 158 65
64 112 304 245 365 275 45 166 172 108 254 69 33 305 199 147 0 6 106
97 42 312 268 357 285 108 122 222 78 259 53 11 228 172 158 6 0 65
161 176 202 153 254 243 147 178 113 142 178 165 101 146 118 65 106 65 0
