0 326 458 203 233 447 401 336 206 445 431 389 324 257 227 160 135 40 117
326 0 330 449 479 319 273 148 212 317 303 261 196 69 99 166 381 286 209
458 330 0 581 611 127 211 340 344 41 27 69 134 261 231 298 513 418 341
203 449 581 0 166 570 524 459 329 568 554 512 447 380 350 283 68 163 240
233 479 611 166 0 600 554 489 359 598 584 542 477 410 380 313 98 193 270
447 319 127 570 600 0 200 329 333 114 100 58 123 250 220 287 502 407 330
401 273 211 524 554 200 0 283 287 198 184 142 77 204 174 241 456 361 284
336 148 340 459 489 329 283 0 222 327 313 271 206 79 109 176 391 296 219
206 212 344 329 359 333 287 222 0 331 317 275 210 143 113 46 261 166 89
445 317 41 568 598 114 198 327 331 0 14 56 121 248 218 285 500 405 328
431 303 27 554 584 100 184 313 317 14 0 42 107 234 204 271 486 391 314
389 261 69 512 542 58 142 271 275 56 42 0 65 192 162 229 444 349 272
324 196 134 447 477 123 77 206 210 121 107 65 0 127 97 164 379 284 207
257 69 261 380 410 250 204 79 143 248 234 192 127 0 30 97 312 217 140
227 99 231 350 380 220 174 109 113 218 204 162 97 30 0 67 282 187 110
160 166 298 283 313 287 241 176 46 285 271 229 164 97 67 0 215 120 43
135 381 513 68 98 502 456 391 261 500 486 444 379 312 282 215 0 95 172
40 286 418 163 193 407 361 296 166 405 391 349 284 217 187 120 95 0 77
117 209 341 240 270 330 284 219 89 328 314 272 207 140 110 43 172 77 0
