0 309 45 338 403 161 463 128 443 413 390 363 330 271 227 28 124 118 143
309 0 298 193 258 234 318 201 298 268 245 218 185 126 82 281 197 191 166
45 298 0 327 392 150 452 117 432 402 379 352 319 260 216 17 113 107 132
338 193 327 0 199 263 259 230 239 209 186 159 126 67 111 310 226 220 195
403 258 392 199 0 328 86 295 186 156 13 106 73 132 176 375 291 285 260
161 234 150 263 328 0 388 41 368 338 315 288 255 196 152 133 37 43 68
463 318 452 259 86 388 0 355 246 216 73 166 133 192 236 435 351 345 320
128 201 117 230 295 41 355 0 335 305 282 255 222 163 119 100 4 10 35
443 298 432 239 186 368 246 335 0 130 173 80 113 172 216 415 331 325 300
413 268 402 209 156 338 216 305 130 0 143 50 83 142 186 385 301 295 270
390 245 379 186 13 315 73 282 173 143 0 93 60 119 163 362 278 272 247
363 218 352 159 106 288 166 255 80 50 93 0 33 92 136 335 251 245 220
330 185 319 126 73 255 133 222 113 83 60 33 0 59 103 302 218 212 187
271 126 260 67 132 196 192 163 172 142 119 92 59 0 44 243 159 153 128
227 82 216 111 176 152 236 119 216 186 163 136 103 44 0 199 115 109 84
28 281 17 310 375 133 435 100 415 385 362 335 302 243 199 0 96 90 115
124 197 113 226 291 37 351 4 331 301 278 251 218 159 115 96 0 6 31
118 191 107 220 285 43 345 10 325 295 272 245 212 153 109 90 6 0 25
143 166 132 195 260 68 320 35 300 270 247 220 187 128 84 115 31 25 0
