0 169 431 311 493 305 267 354 252 487 342 289 399 204 97 165 300 264 274
169 0 406 286 468 280 242 329 227 462 317 264 374 179 72 140 275 239 249
431 406 0 412 324 406 170 101 353 318 89 390 230 305 334 266 131 167 157
311 286 412 0 474 38 248 335 155 468 323 22 380 107 214 146 281 245 255
493 468 324 474 0 468 232 247 415 182 235 452 94 367 396 328 193 229 219
305 280 406 38 468 0 242 329 149 462 317 16 374 101 208 140 275 239 249
267 242 170 248 232 242 0 93 189 226 81 226 138 141 170 102 39 3 13
354 329 101 335 247 329 93 0 276 241 12 313 153 228 257 189 54 90 80
252 227 353 155 415 149 189 276 0 409 264 133 321 48 155 87 222 186 196
487 462 318 468 182 462 226 241 409 0 229 446 88 361 390 322 187 223 213
342 317 89 323 235 317 81 12 264 229 0 301 141 216 245 177 42 78 68
289 264 390 22 452 16 226 313 133 446 301 0 358 85 192 124 259 223 233
399 374 230 380 94 374 138 153 321 88 141 358 0 273 302 234 99 135 125
204 179 305 107 367 101 141 228 48 361 216 85 273 0 107 39 174 138 148
97 72 334 214 396 208 170 257 155 390 245 192 302 107 0 68 203 167 177
165 140 266 146 328 140 102 189 87 322 177 124 234 39 68 0 135 99 109
300 275 131 281 193 275 39 54 222 187 42 259 99 174 203 135 0 36 26
264 239 167 245 229 239 3 90 186 223 78 223 135 138 167 99 36 0 10
274 249 157 255 219 249 13 80 196 213 68 233 125 148 177 109 26 10 0
