0 402 222 318 157 298 117 185 149 334 292 303 85 98 201 181 75 55 109
402 0 163 113 370 323 375 445 413 237 67 267 297 388 126 180 364 310 270
222 163 0 105 223 119 280 287 247 172 121 149 189 181 19 92 197 182 113
318 113 105 0 276 267 329 396 388 209 34 209 265 328 76 148 225 253 212
157 370 223 276 0 319 103 186 113 320 306 289 49 29 256 210 59 54 113
298 323 119 267 319 0 338 383 417 44 278 -5 306 300 160 133 270 233 261
117 375 280 329 103 338 0 144 194 301 303 302 74 130 168 244 71 114 103
185 445 287 396 186 383 144 0 169 412 296 351 122 124 176 277 116 73 167
149 413 247 388 113 417 194 169 0 384 317 361 114 38 251 248 80 96 127
334 237 172 209 320 44 301 412 384 0 188 63 301 315 181 121 280 246 163
292 67 121 34 306 278 303 296 317 188 0 185 229 269 88 75 250 248 166
303 267 149 209 289 -5 302 351 361 63 185 0 231 300 119 122 246 211 213
85 297 189 265 49 306 74 122 114 301 229 231 0 36 146 111 -22 33 109
98 388 181 328 29 300 130 124 38 315 269 300 36 0 207 155 68 100 72
201 126 19 76 256 160 168 176 251 181 88 119 146 207 0 35 214 177 114
181 180 92 148 210 133 244 277 248 121 75 122 111 155 35 0 210 118 68
75 364 197 225 59 270 71 116 80 280 250 246 -22 68 214 210 0 36 9
55 310 182 253 54 233 114 73 96 246 248 211 33 100 177 118 36 0 25
109 270 113 212 113 261 103 167 127 163 166 213 109 72 114 68 9 25 0
