0 249 417 206 149 170 190 365 494 244 62 205 415 335 165 109 150 172 237
249 0 366 45 274 201 221 314 443 193 187 44 364 284 196 140 99 121 186
417 366 0 323 442 369 389 112 81 317 355 322 2 82 364 308 267 245 180
206 45 323 0 231 158 178 271 400 150 144 1 321 241 153 97 56 78 143
149 274 442 231 0 195 215 390 519 269 87 230 440 360 190 134 175 197 262
170 201 369 158 195 0 30 317 446 196 108 157 367 287 5 61 102 124 189
190 221 389 178 215 30 0 337 466 216 128 177 387 307 25 81 122 144 209
365 314 112 271 390 317 337 0 189 265 303 270 110 30 312 256 215 193 128
494 443 81 400 519 446 466 189 0 394 432 399 79 159 441 385 344 322 257
244 193 317 150 269 196 216 265 394 0 182 149 315 235 191 135 94 72 137
62 187 355 144 87 108 128 303 432 182 0 143 353 273 103 47 88 110 175
205 44 322 1 230 157 177 270 399 149 143 0 320 240 152 96 55 77 142
415 364 2 321 440 367 387 110 79 315 353 320 0 80 362 306 265 243 178
335 284 82 241 360 287 307 30 159 235 273 240 80 0 282 226 185 163 98
165 196 364 153 190 5 25 312 441 191 103 152 362 282 0 56 97 119 184
109 140 308 97 134 61 81 256 385 135 47 96 306 226 56 0 41 63 128
150 99 267 56 175 102 122 215 344 94 88 55 265 185 97 41 0 22 87
172 121 245 78 197 124 144 193 322 72 110 77 243 163 119 63 22 0 65
237 186 180 143 262 189 209 128 257 137 175 142 178 98 184 128 87 65 0
