0 392 127 384 282 142 344 338 113 175 339 112 316 62 75 87 285 205 113
392 0 369 98 264 360 166 160 381 393 53 330 138 330 317 305 107 187 279
127 369 0 361 259 119 321 315 116 152 316 89 293 65 52 64 262 182 90
384 98 361 0 256 352 158 152 373 385 45 322 130 322 309 297 99 179 271
282 264 259 256 0 250 216 210 271 283 211 220 188 220 207 195 157 77 169
142 360 119 352 250 0 312 306 131 93 307 30 284 80 67 55 253 173 81
344 166 321 158 216 312 0 50 333 345 113 282 28 282 269 257 59 139 231
338 160 315 152 210 306 50 0 327 339 107 276 22 276 263 251 53 133 225
113 381 116 373 271 131 333 327 0 164 328 101 305 51 64 76 274 194 102
175 393 152 385 283 93 345 339 164 0 340 63 317 113 100 88 286 206 114
339 53 316 45 211 307 113 107 328 340 0 277 85 277 264 252 54 134 226
112 330 89 322 220 30 282 276 101 63 277 0 254 50 37 25 223 143 51
316 138 293 130 188 284 28 22 305 317 85 254 0 254 241 229 31 111 203
62 330 65 322 220 80 282 276 51 113 277 50 254 0 13 25 223 143 51
75 317 52 309 207 67 269 263 64 100 264 37 241 13 0 12 210 130 38
87 305 64 297 195 55 257 251 76 88 252 25 229 25 12 0 198 118 26
285 107 262 99 157 253 59 53 274 286 54 223 31 223 210 198 0 80 172
205 187 182 179 77 173 139 133 194 206 134 143 111 143 130 118 80 0 92
113 279 90 271 169 81 231 225 102 114 226 51 203 51 38 26 172 92 0
