0 387 395 261 251 242 262 280 328 282 360 273 213 234 269 178 90 203 166
387 0 62 468 232 449 469 487 177 489 27 480 420 441 118 385 297 184 221
395 62 0 476 240 457 477 495 185 497 35 488 428 449 126 393 305 192 229
261 468 476 0 332 35 167 185 409 187 441 178 118 27 350 83 171 284 247
251 232 240 332 0 313 333 351 173 353 205 344 284 305 114 249 161 48 85
242 449 457 35 313 0 148 166 390 168 422 159 99 8 331 64 152 265 228
262 469 477 167 333 148 0 116 410 118 442 109 49 140 351 84 172 285 248
280 487 495 185 351 166 116 0 428 16 460 7 67 158 369 102 190 303 266
328 177 185 409 173 390 410 428 0 430 150 421 361 382 59 326 238 125 162
282 489 497 187 353 168 118 16 430 0 462 9 69 160 371 104 192 305 268
360 27 35 441 205 422 442 460 150 462 0 453 393 414 91 358 270 157 194
273 480 488 178 344 159 109 7 421 9 453 0 60 151 362 95 183 296 259
213 420 428 118 284 99 49 67 361 69 393 60 0 91 302 35 123 236 199
234 441 449 27 305 8 140 158 382 160 414 151 91 0 323 56 144 257 220
269 118 126 350 114 331 351 369 59 371 91 362 302 323 0 267 179 66 103
178 385 393 83 249 64 84 102 326 104 358 95 35 56 267 0 88 201 164
90 297 305 171 161 152 172 190 238 192 270 183 123 144 179 88 0 113 76
203 184 192 284 48 265 285 303 125 305 157 296 236 257 66 201 113 0 37
166 221 229 247 85 228 248 266 162 268 194 259 199 220 103 164 76 37 0
