0 458 349 441 253 296 100 451 433 438 72 395 193 134 380 314 307 244 270
458 0 206 314 403 398 365 115 373 317 369 294 329 246 109 220 228 174 194
349 206 0 141 267 334 265 239 193 158 230 167 179 134 182 60 -21 80 113
441 314 141 0 378 368 353 285 170 164 376 82 260 252 253 56 96 129 192
253 403 267 378 0 164 153 390 396 353 220 294 58 115 351 298 281 227 160
296 398 334 368 164 0 230 422 399 426 218 381 111 129 326 390 249 243 212
100 365 265 353 153 230 0 393 384 398 -3 331 127 111 317 290 259 262 190
451 115 239 285 390 422 393 0 351 324 363 291 325 344 97 222 159 150 207
433 373 193 170 396 399 384 351 0 82 325 48 271 272 244 67 112 131 218
438 317 158 164 353 426 398 324 82 0 345 41 311 339 280 119 127 184 218
72 369 230 376 220 218 -3 363 325 345 0 295 127 127 322 307 227 215 178
395 294 167 82 294 381 331 291 48 41 295 0 284 221 234 47 103 126 125
193 329 179 260 58 111 127 325 271 311 127 284 0 30 240 249 218 149 107
134 246 134 252 115 129 111 344 272 339 127 221 30 0 173 171 147 128 98
380 109 182 253 351 326 317 97 244 280 322 234 240 173 0 189 112 84 153
314 220 60 56 298 390 290 222 67 119 307 47 249 171 189 0 31 70 118
307 228 -21 96 281 249 259 159 112 127 227 103 218 147 112 31 0 17 70
244 174 80 129 227 243 262 150 131 184 215 126 149 128 84 70 17 0 51
270 194 113 192 160 212 190 207 218 218 178 125 107 98 153 118 70 51 0
