0 184 465 304 503 312 300 313 244 509 381 290 364 222 116 142 291 282 284
184 0 406 283 447 307 226 300 256 487 333 291 408 182 89 146 273 239 289
465 406 0 378 278 437 177 108 358 310 100 361 209 320 271 260 98 183 197
304 283 378 0 437 -54 274 364 171 450 321 77 403 53 201 161 254 263 258
503 447 278 437 0 500 237 241 426 153 224 457 110 361 405 286 181 242 213
312 307 437 -54 500 0 258 366 183 440 286 -18 356 92 238 107 249 276 235
300 226 177 274 237 258 0 106 182 230 72 178 102 131 140 95 58 -16 37
313 300 108 364 241 366 106 0 281 222 18 317 172 234 257 180 52 50 112
244 256 358 171 426 183 182 281 0 377 228 140 303 64 220 75 217 156 199
509 487 310 450 153 440 230 222 377 0 220 425 76 362 406 364 175 230 210
381 333 100 321 224 286 72 18 228 220 0 320 131 170 226 174 45 80 47
290 291 361 77 457 -18 178 317 140 425 320 0 376 103 183 90 248 173 241
364 408 209 403 110 356 102 172 303 76 131 376 0 204 274 215 110 98 163
222 182 320 53 361 92 131 234 64 362 170 103 204 0 102 62 199 80 168
116 89 271 201 405 238 140 257 220 406 226 183 274 102 0 80 166 215 198
142 146 260 161 286 107 95 180 75 364 174 90 215 62 80 0 138 90 83
291 273 98 254 181 249 58 52 217 175 45 248 110 199 166 138 0 60 -9
282 239 183 263 242 276 -16 50 156 230 80 173 98 80 215 90 60 0 23
284 289 197 258 213 235 37 112 199 210 47 241 163 168 198 83 -9 23 0
