0 81 29 311 168 368 344 375 345 429 354 306 301 6 286 64 141 235 273
81 0 98 264 121 321 297 328 298 382 307 259 254 75 239 17 94 188 226
29 98 0 328 185 385 361 392 362 446 371 323 318 23 303 81 158 252 290
311 264 328 0 197 209 185 216 54 270 195 147 10 305 127 247 170 76 38
168 121 185 197 0 254 230 261 231 315 240 192 187 162 172 104 27 121 159
368 321 385 209 254 0 140 131 243 185 110 62 199 362 82 304 227 133 171
344 297 361 185 230 140 0 147 219 201 126 78 175 338 58 280 203 109 147
375 328 392 216 261 131 147 0 250 96 21 69 206 369 89 311 234 140 178
345 298 362 54 231 243 219 250 0 304 229 181 44 339 161 281 204 110 72
429 382 446 270 315 185 201 96 304 0 75 123 260 423 143 365 288 194 232
354 307 371 195 240 110 126 21 229 75 0 48 185 348 68 290 213 119 157
306 259 323 147 192 62 78 69 181 123 48 0 137 300 20 242 165 71 109
301 254 318 10 187 199 175 206 44 260 185 137 0 295 117 237 160 66 28
6 75 23 305 162 362 338 369 339 423 348 300 295 0 280 58 135 229 267
286 239 303 127 172 82 58 89 161 143 68 20 117 280 0 222 145 51 89
64 17 81 247 104 304 280 311 281 365 290 242 237 58 222 0 77 171 209
141 94 158 170 27 227 203 234 204 288 213 165 160 135 145 77 0 94 132
235 188 252 76 121 133 109 140 110 194 119 71 66 229 51 171 94 0 38
273 226 290 38 159 171 147 178 72 232 157 109 28 267 89 209 132 38 0
