0 294 289 257 228 281 201 312 177 89 162 220 153 266 195 169 49 60 112
294 0 143 245 402 455 375 486 165 285 150 74 141 440 369 343 245 234 286
289 143 0 240 397 450 370 481 160 280 145 69 136 435 364 338 240 229 281
257 245 240 0 365 418 338 449 110 248 95 171 104 403 332 306 208 197 249
228 402 397 365 0 171 91 202 285 219 270 328 261 156 85 59 179 168 116
281 455 450 418 171 0 92 61 338 272 323 381 314 15 86 112 232 221 169
201 375 370 338 91 92 0 123 258 192 243 301 234 77 6 32 152 141 89
312 486 481 449 202 61 123 0 369 303 354 412 345 46 117 143 263 252 200
177 165 160 110 285 338 258 369 0 168 15 91 24 323 252 226 128 117 169
89 285 280 248 219 272 192 303 168 0 153 211 144 257 186 160 40 51 103
162 150 145 95 270 323 243 354 15 153 0 76 9 308 237 211 113 102 154
220 74 69 171 328 381 301 412 91 211 76 0 67 366 295 269 171 160 212
153 141 136 104 261 314 234 345 24 144 9 67 0 299 228 202 104 93 145
266 440 435 403 156 15 77 46 323 257 308 366 299 0 71 97 217 206 154
195 369 364 332 85 86 6 117 252 186 237 295 228 71 0 26 146 135 83
169 343 338 306 59 112 32 143 226 160 211 269 202 97 26 0 120 109 57
49 245 240 208 179 232 152 263 128 40 113 171 104 217 146 120 0 11 63
60 234 229 197 168 221 141 252 117 51 102 160 93 206 135 109 11 0 52
112 286 281 249 116 169 89 200 169 103 154 212 145 154 83 57 63 52 0
