0 265 297 431 263 329 116 513 387 437 90 243 150 392 372 352 307 235 217
265 0 62 214 199 218 240 364 221 250 131 107 100 224 236 112 72 -16 36
297 62 0 154 294 308 292 222 217 162 231 213 126 147 116 48 -3 107 111
431 214 154 0 378 411 384 227 209 140 382 337 281 121 70 92 146 199 221
263 199 294 378 0 144 260 503 430 325 211 89 153 372 387 299 269 185 206
329 218 308 411 144 0 254 488 445 423 219 89 114 441 367 339 246 159 151
116 240 292 384 260 254 0 502 425 385 38 193 123 372 357 346 279 213 172
513 364 222 227 503 488 502 0 119 138 422 469 322 59 74 137 205 304 297
387 221 217 209 430 445 425 119 0 99 346 383 351 20 138 99 137 268 230
437 250 162 140 325 423 385 138 99 0 304 378 251 15 7 92 115 193 194
90 131 231 382 211 219 38 422 346 304 0 126 80 321 288 283 178 130 126
243 107 213 337 89 89 193 469 383 378 126 0 76 353 346 256 233 131 135
150 100 126 281 153 114 123 322 351 251 80 76 0 231 235 200 179 83 48
392 224 147 121 372 441 372 59 20 15 321 353 231 0 6 48 64 241 155
372 236 116 70 387 367 357 74 138 7 288 346 235 6 0 74 135 160 207
352 112 48 92 299 339 346 137 99 92 283 256 200 48 74 0 77 180 149
307 72 -3 146 269 246 279 205 137 115 178 233 179 64 135 77 0 96 86
235 -16 107 199 185 159 213 304 268 193 130 131 83 241 160 180 96 0 27
217 36 111 221 206 151 172 297 230 194 126 135 48 155 207 149 86 27 0
