0 239 310 425 296 291 147 513 459 426 88 237 161 419 400 358 293 225 209
239 0 99 214 213 208 210 302 248 215 151 154 78 208 189 147 82 14 30
310 99 0 149 284 279 281 237 183 150 222 225 149 143 124 82 17 85 101
425 214 149 0 399 394 396 222 168 135 337 340 264 128 109 67 132 200 216
296 213 284 399 0 113 267 487 433 400 208 59 135 393 374 332 267 199 183
291 208 279 394 113 0 262 482 428 395 203 54 130 388 369 327 262 194 178
147 210 281 396 267 262 0 484 430 397 59 208 132 390 371 329 264 196 180
513 302 237 222 487 482 484 0 134 139 425 428 352 94 113 155 220 288 304
459 248 183 168 433 428 430 134 0 85 371 374 298 40 59 101 166 234 250
426 215 150 135 400 395 397 139 85 0 338 341 265 45 26 68 133 201 217
88 151 222 337 208 203 59 425 371 338 0 149 73 331 312 270 205 137 121
237 154 225 340 59 54 208 428 374 341 149 0 76 334 315 273 208 140 124
161 78 149 264 135 130 132 352 298 265 73 76 0 258 239 197 132 64 48
419 208 143 128 393 388 390 94 40 45 331 334 258 0 19 61 126 194 210
400 189 124 109 374 369 371 113 59 26 312 315 239 19 0 42 107 175 191
358 147 82 67 332 327 329 155 101 68 270 273 197 61 42 0 65 133 149
293 82 17 132 267 262 264 220 166 133 205 208 132 126 107 65 0 68 84
225 14 85 200 199 194 196 288 234 201 137 140 64 194 175 133 68 0 16
209 30 101 216 183 178 180 304 250 217 121 124 48 210 191 149 84 16 0
