0 232 155 192 217 312 180 190 119 310 256 125 192 200 110 62 120 82 -38
232 0 275 258 343 85 172 148 227 137 63 251 156 31 234 228 37 176 179
155 275 0 49 96 424 333 295 81 440 298 -22 260 322 80 80 203 114 162
192 258 49 0 126 451 383 247 118 434 337 35 218 285 61 102 255 105 219
217 343 96 126 0 426 388 269 184 480 399 115 361 387 61 157 276 192 176
312 85 424 451 426 0 328 196 355 157 97 413 255 97 381 295 175 317 334
180 172 333 383 388 328 0 65 293 344 209 297 30 187 275 300 116 218 208
190 148 295 247 269 196 65 0 188 230 199 246 4 111 216 201 100 162 210
119 227 81 118 184 355 293 188 0 371 250 43 225 213 37 -24 139 61 94
310 137 440 434 480 157 344 230 371 0 84 452 256 208 433 354 251 308 347
256 63 298 337 399 97 209 199 250 84 0 294 160 39 318 273 121 205 224
125 251 -22 35 115 413 297 246 43 452 294 0 264 327 -12 55 206 98 125
192 156 260 218 361 255 30 4 225 256 160 264 0 118 218 175 21 128 124
200 31 322 285 387 97 187 111 213 208 39 327 118 0 229 203 69 166 178
110 234 80 61 61 381 275 216 37 433 318 -12 218 229 0 26 195 116 133
62 228 80 102 157 295 300 201 -24 354 273 55 175 203 26 0 110 51 116
120 37 203 255 276 175 116 100 139 251 121 206 21 69 195 110 0 113 120
82 176 114 105 192 317 218 162 61 308 205 98 128 166 116 51 113 0 28
-38 179 162 219 176 334 208 210 94 347 224 125 124 178 133 116 120 28 0
