0 271 250 180 339 370 279 362 322 126 321 78 272 237 252 235 179 90 142
271 0 341 93 430 461 370 129 89 241 412 193 39 328 19 326 92 181 233
250 341 0 250 115 146 59 432 392 220 97 172 342 13 322 15 249 160 108
180 93 250 0 339 370 279 184 144 150 321 102 94 237 74 235 1 90 142
339 430 115 339 0 67 148 521 481 309 18 261 431 102 411 104 338 249 197
370 461 146 370 67 0 179 552 512 340 49 292 462 133 442 135 369 280 228
279 370 59 279 148 179 0 461 421 249 130 201 371 46 351 44 278 189 137
362 129 432 184 521 552 461 0 140 332 503 284 90 419 110 417 183 272 324
322 89 392 144 481 512 421 140 0 292 463 244 50 379 70 377 143 232 284
126 241 220 150 309 340 249 332 292 0 291 48 242 207 222 205 149 60 112
321 412 97 321 18 49 130 503 463 291 0 243 413 84 393 86 320 231 179
78 193 172 102 261 292 201 284 244 48 243 0 194 159 174 157 101 12 64
272 39 342 94 431 462 371 90 50 242 413 194 0 329 20 327 93 182 234
237 328 13 237 102 133 46 419 379 207 84 159 329 0 309 2 236 147 95
252 19 322 74 411 442 351 110 70 222 393 174 20 309 0 307 73 162 214
235 326 15 235 104 135 44 417 377 205 86 157 327 2 307 0 234 145 93
179 92 249 1 338 369 278 183 143 149 320 101 93 236 73 234 0 89 141
90 181 160 90 249 280 189 272 232 60 231 12 182 147 162 145 89 0 52
142 233 108 142 197 228 137 324 284 112 179 64 234 95 214 93 141 52 0
