0 107 221 349 282 194 409 342 74 286 331 71 330 233 159 159 81 189 86
107 0 208 383 319 227 409 363 108 248 339 58 353 217 178 199 72 235 97
221 208 0 199 144 73 244 202 135 67 194 145 143 113 23 -9 152 55 122
349 383 199 0 212 196 -3 43 333 330 -4 316 53 123 205 197 327 159 246
282 319 144 212 0 72 218 141 233 225 191 234 140 111 90 118 177 121 186
194 227 73 196 72 0 172 144 137 133 179 150 94 26 -16 -2 68 21 120
409 409 244 -3 218 172 0 40 317 320 8 333 35 151 214 235 316 188 325
342 363 202 43 141 144 40 0 270 274 -7 267 23 125 157 179 276 138 268
74 108 135 333 233 137 317 270 0 213 276 7 226 177 103 134 42 114 -38
286 248 67 330 225 133 320 274 213 0 236 281 244 165 107 113 176 117 168
331 339 194 -4 191 179 8 -7 276 236 0 310 30 121 166 173 309 159 260
71 58 145 316 234 150 333 267 7 281 310 0 296 167 149 176 45 160 72
330 353 143 53 140 94 35 23 226 244 30 296 0 97 94 205 269 123 201
233 217 113 123 111 26 151 125 177 165 121 167 97 0 38 24 152 86 102
159 178 23 205 90 -16 214 157 103 107 166 149 94 38 0 47 96 29 152
159 199 -9 197 118 -2 235 179 134 113 173 176 205 24 47 0 156 26 105
81 72 152 327 177 68 316 276 42 176 309 45 269 152 96 156 0 166 39
189 235 55 159 121 21 188 138 114 117 159 160 123 86 29 26 166 0 107
86 97 122 246 186 120 325 268 -38 168 260 72 201 102 152 105 39 107 0
