0 253 98 189 193 339 220 270 239 249 199 273 110 132 87 42 146 271 120
253 0 294 339 148 326 325 58 416 343 343 30 121 303 269 232 179 286 223
98 294 0 143 209 366 178 362 242 301 172 271 214 145 78 71 135 327 223
189 339 143 0 309 360 108 327 35 368 -42 273 270 60 112 126 190 361 250
193 148 209 309 0 218 269 150 356 228 270 72 -2 170 188 181 98 241 121
339 326 366 360 218 0 377 307 465 6 374 251 224 300 198 246 208 27 103
220 325 178 108 269 377 0 403 223 344 108 276 183 81 58 63 191 323 241
270 58 362 327 150 307 403 0 414 329 360 69 115 309 229 285 168 342 251
239 416 242 35 356 465 223 414 0 434 14 405 346 164 151 204 249 417 372
249 343 301 368 228 6 344 329 434 0 337 244 198 229 236 228 164 5 55
199 343 172 -42 270 374 108 360 14 337 0 330 260 17 49 133 215 390 253
273 30 271 273 72 251 276 69 405 244 330 0 68 265 220 197 173 229 181
110 121 214 270 -2 224 183 115 346 198 260 68 0 215 166 84 -30 177 90
132 303 145 60 170 300 81 309 164 229 17 265 215 0 77 49 143 316 241
87 269 78 112 188 198 58 229 151 236 49 220 166 77 0 46 101 264 138
42 232 71 126 181 246 63 285 204 228 133 197 84 49 46 0 108 229 113
146 179 135 190 98 208 191 168 249 164 215 173 -30 143 101 108 0 133 74
271 286 327 361 241 27 323 342 417 5 390 229 177 316 264 229 133 0 59
120 223 223 250 121 103 241 251 372 55 253 181 90 241 138 113 74 59 0
