0 518 489 422 170 397 378 430 322 399 158 565 325 534 354 318 367 426 579 461
518 0 157 272 477 471 398 280 363 568 545 346 483 389 545 539 356 610 322 685
489 157 0 289 585 457 365 306 380 567 569 404 551 363 574 501 344 607 390 664
422 272 289 0 457 463 352 98 312 509 500 154 465 144 510 489 307 514 126 674
170 477 585 457 0 413 387 491 349 403 170 597 398 615 397 357 368 433 597 502
397 471 457 463 413 0 152 439 285 493 490 487 490 550 492 510 150 592 568 617
378 398 365 352 387 152 0 386 205 406 414 499 442 498 440 410 88 455 502 572
430 280 306 98 491 439 386 0 371 482 487 182 477 198 502 480 295 607 181 649
322 363 380 312 349 285 205 371 0 418 386 450 345 415 418 356 118 477 384 513
399 568 567 509 403 493 406 482 418 0 370 632 263 607 307 278 371 422 622 435
158 545 569 500 170 490 414 487 386 370 0 574 377 638 414 358 402 472 595 539
565 346 404 154 597 487 499 182 450 632 574 0 587 172 610 576 457 679 212 780
325 483 551 465 398 490 442 477 345 263 377 587 0 594 308 222 338 349 553 438
534 389 363 144 615 550 498 198 415 607 638 172 594 0 601 516 419 684 47 761
354 545 574 510 397 492 440 502 418 307 414 610 308 601 0 94 414 398 669 490
318 539 501 489 357 510 410 480 356 278 358 576 222 516 94 0 345 343 602 423
367 356 344 307 368 150 88 295 118 371 402 457 338 419 414 345 0 447 457 496
426 610 607 514 433 592 455 607 477 422 472 679 349 684 398 343 447 0 689 214
579 322 390 126 597 568 502 181 384 622 595 212 553 47 669 602 457 689 0 777
461 685 664 674 502 617 572 649 513 435 539 780 438 761 490 423 496 214 777 0
