0 163 93 369 424 440 443 389 461 466 466 327 412 382 312 498 467 452 209 472
163 0 84 274 329 345 348 294 366 371 371 232 317 373 303 403 372 357 200 377
93 84 0 290 345 361 364 310 382 387 387 248 333 297 227 419 388 373 124 393
369 274 290 0 463 479 234 180 370 375 505 118 451 579 509 407 376 361 406 381
424 329 345 463 0 266 537 483 555 560 292 421 238 634 564 592 561 546 461 566
440 345 361 479 266 0 553 499 571 576 114 437 60 650 580 608 577 562 477 582
443 348 364 234 537 553 0 72 444 449 579 136 525 653 583 481 450 435 480 455
389 294 310 180 483 499 72 0 390 395 525 82 471 599 529 427 396 381 426 401
461 366 382 370 555 571 444 390 0 193 597 328 543 671 601 359 328 313 498 333
466 371 387 375 560 576 449 395 193 0 602 333 548 676 606 364 333 318 503 338
466 371 387 505 292 114 579 525 597 602 0 463 72 676 606 634 603 588 503 608
327 232 248 118 421 437 136 82 328 333 463 0 409 537 467 365 334 319 364 339
412 317 333 451 238 60 525 471 543 548 72 409 0 622 552 580 549 534 449 554
382 373 297 579 634 650 653 599 671 676 676 537 622 0 106 708 677 662 189 682
312 303 227 509 564 580 583 529 601 606 606 467 552 106 0 638 607 592 119 612
498 403 419 407 592 608 481 427 359 364 634 365 580 708 638 0 119 304 535 324
467 372 388 376 561 577 450 396 328 333 603 334 549 677 607 119 0 273 504 293
452 357 373 361 546 562 435 381 313 318 588 319 534 662 592 304 273 0 489 178
209 200 124 406 461 477 480 426 498 503 503 364 449 189 119 535 504 489 0 509
472 377 393 381 566 582 455 401 333 338 608 339 554 682 612 324 293 178 509 0
