     20
object000 0 309 352 454 437 343 458 380 176 446 417 500 402 123 498 490 507 491 555 499
object001 309 0 423 437 507 424 510 99 162 205 484 507 218 287 564 539 558 516 659 605
object002 352 423 0 319 388 271 392 468 321 503 165 407 555 382 208 350 208 150 307 274
object003 454 437 319 0 356 297 250 579 337 580 449 365 611 431 475 378 477 450 501 501
object004 437 507 388 356 0 280 447 535 404 656 429 224 604 461 534 171 503 479 604 574
object005 343 424 271 297 280 0 300 472 318 518 357 338 520 377 436 287 408 405 492 481
object006 458 510 392 250 447 300 0 584 424 674 429 443 656 518 526 468 575 522 592 521
object007 380 99 468 579 535 472 584 0 245 106 586 550 86 371 598 572 645 603 682 707
object008 176 162 321 337 404 318 424 245 0 256 303 391 256 223 446 358 438 430 553 491
object009 446 205 503 580 656 518 674 106 256 0 603 639 198 433 684 616 700 662 733 749
object010 417 484 165 449 429 357 429 586 303 603 0 413 606 437 148 427 135 137 258 223
object011 500 507 407 365 224 338 443 550 391 639 413 0 600 441 468 75 493 543 590 558
object012 402 218 555 611 604 520 656 86 256 198 606 600 0 436 679 700 701 634 744 679
object013 123 287 382 431 461 377 518 371 223 433 437 441 436 0 503 474 509 508 595 575
object014 498 564 208 475 534 436 526 598 446 684 148 468 679 503 0 522 68 231 328 316
object015 490 539 350 378 171 287 468 572 358 616 427 75 700 474 522 0 524 498 586 554
object016 507 558 208 477 503 408 575 645 438 700 135 493 701 509 68 524 0 219 365 376
object017 491 516 150 450 479 405 522 603 430 662 137 543 634 508 231 498 219 0 103 121
object018 555 659 307 501 604 492 592 682 553 733 258 590 744 595 328 586 365 103 0 184
object019 499 605 274 501 574 481 521 707 491 749 223 558 679 575 316 554 376 121 184 0
