0 472 496 441 158 431 377 445 331 357 174 555 314 551 371 319 330 410 552 492
472 0 128 263 516 463 409 267 363 539 532 377 496 373 553 501 362 592 374 674
496 128 0 287 540 487 433 291 387 563 556 401 520 397 577 525 386 616 398 698
441 263 287 0 485 432 378 96 332 508 501 128 465 124 522 470 331 561 125 643
158 516 540 485 0 475 421 489 375 401 146 599 358 595 415 363 374 454 596 536
431 463 487 432 475 0 138 436 234 498 491 546 455 542 512 460 137 551 543 633
377 409 433 378 421 138 0 382 180 444 437 492 401 488 458 406 83 497 489 579
445 267 291 96 489 436 382 0 336 512 505 210 469 206 526 474 335 565 207 647
331 363 387 332 375 234 180 336 0 398 391 446 355 442 412 360 133 451 443 533
357 539 563 508 401 498 444 512 398 0 417 622 261 618 318 266 397 397 619 479
174 532 556 501 146 491 437 505 391 417 0 615 374 611 431 379 390 470 612 552
555 377 401 128 599 546 492 210 446 622 615 0 579 176 636 584 445 675 177 757
314 496 520 465 358 455 401 469 355 261 374 579 0 575 245 193 354 354 576 436
551 373 397 124 595 542 488 206 442 618 611 176 575 0 632 580 441 671 49 753
371 553 577 522 415 512 458 526 412 318 431 636 245 632 0 80 411 411 633 493
319 501 525 470 363 460 406 474 360 266 379 584 193 580 80 0 359 359 581 441
330 362 386 331 374 137 83 335 133 397 390 445 354 441 411 359 0 450 442 532
410 592 616 561 454 551 497 565 451 397 470 675 354 671 411 359 450 0 672 192
552 374 398 125 596 543 489 207 443 619 612 177 576 49 633 581 442 672 0 754
492 674 698 643 536 633 579 647 533 479 552 757 436 753 493 441 532 192 754 0
