0 247 322 276 211 340 341 255 334 460 440 382 362 406 393 306 258 432 515 419
247 0 186 286 344 266 388 290 264 379 342 253 259 299 345 353 357 308 367 332
322 186 0 377 413 344 497 433 193 263 388 279 351 402 432 471 449 295 341 456
276 286 377 0 245 454 272 248 465 472 464 448 400 415 453 233 235 504 545 488
211 344 413 245 0 448 353 120 442 534 462 492 465 466 461 299 126 524 552 558
340 266 344 454 448 0 514 382 376 445 310 335 274 365 147 491 456 411 480 158
341 388 497 272 353 514 0 288 531 547 528 554 524 518 533 118 348 606 670 594
255 290 433 248 120 382 288 0 447 475 471 436 406 463 460 282 79 444 548 470
334 264 193 465 442 376 531 447 0 110 486 393 342 364 397 501 428 269 318 419
460 379 263 472 534 445 547 475 110 0 504 507 454 482 432 500 523 345 394 571
440 342 388 464 462 310 528 471 486 504 0 294 279 389 420 560 512 526 637 422
382 253 279 448 492 335 554 436 393 507 294 0 171 376 330 537 467 461 474 403
362 259 351 400 465 274 524 406 342 454 279 171 0 386 349 524 508 461 466 417
406 299 402 415 466 365 518 463 364 482 389 376 386 0 424 500 470 476 524 486
393 345 432 453 461 147 533 460 397 432 420 330 349 424 0 570 511 469 576 117
306 353 471 233 299 491 118 282 501 500 560 537 524 500 570 0 364 580 611 584
258 357 449 235 126 456 348 79 428 523 512 467 508 470 511 364 0 549 558 597
432 308 295 504 524 411 606 444 269 345 526 461 461 476 469 580 549 0 143 529
515 367 341 545 552 480 670 548 318 394 637 474 466 524 576 611 558 143 0 536
419 332 456 488 558 158 594 470 419 571 422 403 417 486 117 584 597 529 536 0
