0 425 479 130 239 179 551 600 619 547 688 609 587 187 593 601 636 611 551 664
425 0 280 423 346 442 352 273 292 348 361 282 260 450 266 274 309 284 352 337
479 280 0 477 400 496 134 455 474 130 543 464 442 504 448 456 491 466 278 519
130 423 477 0 237 177 549 598 617 545 686 607 585 185 591 599 634 609 549 662
239 346 400 237 0 256 472 521 540 468 609 530 508 264 514 522 557 532 472 585
179 442 496 177 256 0 568 617 636 564 705 626 604 190 610 618 653 628 568 681
551 352 134 549 472 568 0 527 546 166 615 536 514 576 520 528 563 538 350 591
600 273 455 598 521 617 527 0 299 523 224 289 271 625 277 285 198 173 527 348
619 292 474 617 540 636 546 299 0 542 387 112 290 644 296 304 335 310 546 367
547 348 130 545 468 564 166 523 542 0 611 532 510 572 516 524 559 534 346 587
688 361 543 686 609 705 615 224 387 611 0 377 359 713 365 373 286 261 615 436
609 282 464 607 530 626 536 289 112 532 377 0 280 634 286 294 325 300 536 357
587 260 442 585 508 604 514 271 290 510 359 280 0 612 160 108 307 282 514 171
187 450 504 185 264 190 576 625 644 572 713 634 612 0 618 626 661 636 576 689
593 266 448 591 514 610 520 277 296 516 365 286 160 618 0 174 313 288 520 237
601 274 456 599 522 618 528 285 304 524 373 294 108 626 174 0 321 296 528 101
636 309 491 634 557 653 563 198 335 559 286 325 307 661 313 321 0 77 563 384
611 284 466 609 532 628 538 173 310 534 261 300 282 636 288 296 77 0 538 359
551 352 278 549 472 568 350 527 546 346 615 536 514 576 520 528 563 538 0 591
664 337 519 662 585 681 591 348 367 587 436 357 171 689 237 101 384 359 591 0
