     20
object000 0 112 426 259 380 369 429 260 403 619 534 494 606 518 508 524 391 642 641 528
object001 112 0 398 260 430 380 481 299 395 630 530 564 591 571 450 548 443 665 639 542
object002 426 398 0 335 246 14 284 393 272 380 274 259 325 253 245 318 231 338 347 323
object003 259 260 335 0 422 372 473 100 414 618 541 511 553 515 520 579 441 634 632 569
object004 380 430 246 422 0 227 112 427 78 547 369 422 439 429 356 465 89 493 524 427
object005 369 380 14 372 227 0 269 417 250 373 229 246 310 227 225 255 240 341 347 238
object006 429 481 284 473 112 269 0 449 183 545 416 454 481 435 390 476 116 612 512 456
object007 260 299 393 100 427 417 449 0 501 629 570 557 608 508 505 591 421 595 622 600
object008 403 395 272 414 78 250 183 501 0 501 428 406 444 405 370 455 60 503 437 404
object009 619 630 380 618 547 373 545 629 501 0 368 313 433 322 226 395 505 544 483 430
object010 534 530 274 541 369 229 416 570 428 368 0 331 101 263 272 350 345 367 113 310
object011 494 564 259 511 422 246 454 557 406 313 331 0 290 183 120 322 389 352 361 297
object012 606 591 325 553 439 310 481 608 444 433 101 290 0 269 265 334 443 374 181 377
object013 518 571 253 515 429 227 435 508 405 322 263 183 269 0 89 353 409 405 345 289
object014 508 450 245 520 356 225 390 505 370 226 272 120 265 89 0 335 395 386 299 237
object015 524 548 318 579 465 255 476 591 455 395 350 322 334 353 335 0 404 241 380 279
object016 391 443 231 441 89 240 116 421 60 505 345 389 443 409 395 404 0 504 474 463
object017 642 665 338 634 493 341 612 595 503 544 367 352 374 405 386 241 504 0 465 380
object018 641 639 347 632 524 347 512 622 437 483 113 361 181 345 299 380 474 465 0 386
object019 528 542 323 569 427 238 456 600 404 430 310 297 377 289 237 279 463 380 386 0
