0 408 442 130 236 197 522 589 578 541 655 593 604 186 599 595 623 600 565 700
408 0 255 351 382 519 362 267 265 344 374 262 277 445 308 257 329 327 379 360
442 255 0 504 370 526 136 448 472 124 553 438 440 521 496 446 499 433 286 572
130 351 504 0 248 175 548 621 605 555 683 626 550 226 632 610 569 618 530 706
236 382 370 248 0 269 475 525 513 482 595 529 451 277 511 514 577 575 448 604
197 519 526 175 269 0 537 641 622 542 733 610 618 194 585 635 631 598 573 676
522 362 136 548 475 537 0 521 562 148 588 563 484 551 498 511 523 558 387 598
589 267 448 621 525 641 521 0 282 529 230 297 295 631 274 331 230 151 498 369
578 265 472 605 513 622 562 282 0 521 365 130 325 619 304 304 378 330 588 399
541 344 124 555 482 542 148 529 521 0 637 521 510 564 508 524 566 564 410 580
655 374 553 683 595 733 588 230 365 637 0 389 363 740 384 386 314 283 651 423
593 262 438 626 529 610 563 297 130 521 389 0 271 611 272 346 341 320 531 357
604 277 440 550 451 618 484 295 325 510 363 271 0 616 155 119 288 314 513 210
186 445 521 226 277 194 551 631 619 564 740 611 616 0 630 615 672 641 586 737
599 308 496 632 511 585 498 274 304 508 384 272 155 630 0 178 302 276 548 247
595 257 446 610 514 635 511 331 304 524 386 346 119 615 178 0 372 261 535 120
623 329 499 569 577 631 523 230 378 566 314 341 288 672 302 372 0 87 570 373
600 327 433 618 575 598 558 151 330 564 283 320 314 641 276 261 87 0 595 391
565 379 286 530 448 573 387 498 588 410 651 531 513 586 548 535 570 595 0 628
700 360 572 706 604 676 598 369 399 580 423 357 210 737 247 120 373 391 628 0
