0 162 464 405 410 445 450 497 322 360 405 436 279 262 478 274 426 519 420 515 447 87 202 364 403 415 386 321 438 371 351 302 351 163 234 189 322 232 267
162 0 452 393 398 433 438 485 310 348 393 424 267 250 466 262 414 507 408 503 435 75 190 352 391 403 374 309 426 359 339 290 339 151 222 177 310 220 255
464 452 0 491 172 531 84 317 408 446 491 256 417 400 298 274 188 605 182 601 533 377 340 450 165 49 472 407 258 133 113 388 171 301 320 275 142 232 197
405 393 491 0 437 208 477 524 259 297 168 463 358 341 505 301 453 196 447 192 124 318 281 41 430 442 149 84 465 398 378 239 378 242 171 216 349 259 294
410 398 172 437 0 477 158 263 354 392 437 202 363 346 244 220 30 551 88 547 479 323 286 396 7 123 418 353 204 39 59 334 117 247 266 221 88 178 143
445 433 531 208 477 0 517 564 299 337 78 503 398 381 545 341 493 322 487 318 250 358 321 167 470 482 59 124 505 438 418 279 418 282 211 256 389 299 334
450 438 84 477 158 517 0 303 394 432 477 242 403 386 284 260 174 591 168 587 519 363 326 436 151 35 458 393 244 119 99 374 157 287 306 261 128 218 183
497 485 317 524 263 564 303 0 441 479 524 231 450 433 99 307 279 638 273 634 566 410 373 483 256 268 505 440 59 224 204 421 146 334 353 308 175 265 230
322 310 408 259 354 299 394 441 0 78 259 380 275 258 422 218 370 373 364 369 301 235 198 218 347 359 240 175 382 315 295 20 295 159 88 133 266 176 211
360 348 446 297 392 337 432 479 78 0 297 418 313 296 460 256 408 411 402 407 339 273 236 256 385 397 278 213 420 353 333 58 333 197 126 171 304 214 249
405 393 491 168 437 78 477 524 259 297 0 463 358 341 505 301 453 282 447 278 210 318 281 127 430 442 19 84 465 398 378 239 378 242 171 216 349 259 294
436 424 256 463 202 503 242 231 380 418 463 0 389 372 212 246 218 577 212 573 505 349 312 422 195 207 444 379 172 163 143 360 85 273 292 247 114 204 169
279 267 417 358 363 398 403 450 275 313 358 389 0 137 431 227 379 472 373 468 400 192 77 317 356 368 339 274 391 324 304 255 304 116 187 142 275 185 220
262 250 400 341 346 381 386 433 258 296 341 372 137 0 414 210 362 455 356 451 383 175 60 300 339 351 322 257 374 307 287 238 287 99 170 125 258 168 203
478 466 298 505 244 545 284 99 422 460 505 212 431 414 0 288 260 619 254 615 547 391 354 464 237 249 486 421 40 205 185 402 127 315 334 289 156 246 211
274 262 274 301 220 341 260 307 218 256 301 246 227 210 288 0 236 415 230 411 343 187 150 260 213 225 282 217 248 181 161 198 161 111 130 85 132 42 77
426 414 188 453 30 493 174 279 370 408 453 218 379 362 260 236 0 567 104 563 495 339 302 412 23 139 434 369 220 55 75 350 133 263 282 237 104 194 159
519 507 605 196 551 322 591 638 373 411 282 577 472 455 619 415 567 0 561 140 72 432 395 155 544 556 263 198 579 512 492 353 492 356 285 330 463 373 408
420 408 182 447 88 487 168 273 364 402 447 212 373 356 254 230 104 561 0 557 489 333 296 406 81 133 428 363 214 49 69 344 127 257 276 231 98 188 153
515 503 601 192 547 318 587 634 369 407 278 573 468 451 615 411 563 140 557 0 68 428 391 151 540 552 259 194 575 508 488 349 488 352 281 326 459 369 404
447 435 533 124 479 250 519 566 301 339 210 505 400 383 547 343 495 72 489 68 0 360 323 83 472 484 191 126 507 440 420 281 420 284 213 258 391 301 336
87 75 377 318 323 358 363 410 235 273 318 349 192 175 391 187 339 432 333 428 360 0 115 277 316 328 299 234 351 284 264 215 264 76 147 102 235 145 180
202 190 340 281 286 321 326 373 198 236 281 312 77 60 354 150 302 395 296 391 323 115 0 240 279 291 262 197 314 247 227 178 227 39 110 65 198 108 143
364 352 450 41 396 167 436 483 218 256 127 422 317 300 464 260 412 155 406 151 83 277 240 0 389 401 108 43 424 357 337 198 337 201 130 175 308 218 253
403 391 165 430 7 470 151 256 347 385 430 195 356 339 237 213 23 544 81 540 472 316 279 389 0 116 411 346 197 32 52 327 110 240 259 214 81 171 136
415 403 49 442 123 482 35 268 359 397 442 207 368 351 249 225 139 556 133 552 484 328 291 401 116 0 423 358 209 84 64 339 122 252 271 226 93 183 148
386 374 472 149 418 59 458 505 240 278 19 444 339 322 486 282 434 263 428 259 191 299 262 108 411 423 0 65 446 379 359 220 359 223 152 197 330 240 275
321 309 407 84 353 124 393 440 175 213 84 379 274 257 421 217 369 198 363 194 126 234 197 43 346 358 65 0 381 314 294 155 294 158 87 132 265 175 210
438 426 258 465 204 505 244 59 382 420 465 172 391 374 40 248 220 579 214 575 507 351 314 424 197 209 446 381 0 165 145 362 87 275 294 249 116 206 171
371 359 133 398 39 438 119 224 315 353 398 163 324 307 205 181 55 512 49 508 440 284 247 357 32 84 379 314 165 0 20 295 78 208 227 182 49 139 104
351 339 113 378 59 418 99 204 295 333 378 143 304 287 185 161 75 492 69 488 420 264 227 337 52 64 359 294 145 20 0 275 58 188 207 162 29 119 84
302 290 388 239 334 279 374 421 20 58 239 360 255 238 402 198 350 353 344 349 281 215 178 198 327 339 220 155 362 295 275 0 275 139 68 113 246 156 191
351 339 171 378 117 418 157 146 295 333 378 85 304 287 127 161 133 492 127 488 420 264 227 337 110 122 359 294 87 78 58 275 0 188 207 162 29 119 84
163 151 301 242 247 282 287 334 159 197 242 273 116 99 315 111 263 356 257 352 284 76 39 201 240 252 223 158 275 208 188 139 188 0 71 26 159 69 104
234 222 320 171 266 211 306 353 88 126 171 292 187 170 334 130 282 285 276 281 213 147 110 130 259 271 152 87 294 227 207 68 207 71 0 45 178 88 123
189 177 275 216 221 256 261 308 133 171 216 247 142 125 289 85 237 330 231 326 258 102 65 175 214 226 197 132 249 182 162 113 162 26 45 0 133 43 78
322 310 142 349 88 389 128 175 266 304 349 114 275 258 156 132 104 463 98 459 391 235 198 308 81 93 330 265 116 49 29 246 29 159 178 133 0 90 55
232 220 232 259 178 299 218 265 176 214 259 204 185 168 246 42 194 373 188 369 301 145 108 218 171 183 240 175 206 139 119 156 119 69 88 43 90 0 35
267 255 197 294 143 334 183 230 211 249 294 169 220 203 211 77 159 408 153 404 336 180 143 253 136 148 275 210 171 104 84 191 84 104 123 78 55 35 0
