0 222 249 118 264 340 227 361 382 250 367 227 312 303 256 321 243 304 301 168 223 263 296 229 256 212 25 208 167 179 230 186 135 139 134 69 56 83 169
222 0 359 290 216 424 337 445 232 334 217 337 162 387 208 405 353 154 385 252 307 347 146 313 106 322 197 292 277 131 80 36 87 223 218 153 166 193 279
249 359 0 317 401 477 310 498 519 387 504 310 449 440 393 458 68 441 438 305 360 400 433 366 393 37 224 345 250 316 367 323 272 276 271 206 193 166 80
118 290 317 0 332 408 295 429 450 318 435 295 380 371 324 389 311 372 369 236 291 331 364 297 324 280 93 276 235 247 298 254 203 207 202 137 124 151 237
264 216 401 332 0 466 379 487 376 376 361 379 306 429 162 447 395 298 427 294 349 389 290 355 250 364 239 334 319 85 224 180 129 265 260 195 208 235 321
340 424 477 408 466 0 455 175 584 132 569 455 514 375 458 393 471 506 225 240 295 77 498 111 458 440 315 132 395 381 432 388 337 211 206 271 284 311 397
227 337 310 295 379 455 0 476 497 365 482 120 427 418 371 436 304 419 416 283 338 378 411 344 371 273 202 323 60 294 345 301 250 254 249 184 171 144 230
361 445 498 429 487 175 476 0 605 153 590 476 535 396 479 414 492 527 246 261 316 98 519 132 479 461 336 153 416 402 453 409 358 232 227 292 305 332 418
382 232 519 450 376 584 497 605 0 494 157 497 234 547 368 565 513 226 545 412 467 507 86 473 178 482 357 452 437 291 152 196 247 383 378 313 326 353 439
250 334 387 318 376 132 365 153 494 0 479 365 424 285 368 303 381 416 135 150 205 55 408 21 368 350 225 42 305 291 342 298 247 121 116 181 194 221 307
367 217 504 435 361 569 482 590 157 479 0 482 219 532 353 550 498 211 530 397 452 492 71 458 163 467 342 437 422 276 137 181 232 368 363 298 311 338 424
227 337 310 295 379 455 120 476 497 365 482 0 427 418 371 436 304 419 416 283 338 378 411 344 371 273 202 323 60 294 345 301 250 254 249 184 171 144 230
312 162 449 380 306 514 427 535 234 424 219 427 0 477 298 495 443 104 475 342 397 437 148 403 56 412 287 382 367 221 82 126 177 313 308 243 256 283 369
303 387 440 371 429 375 418 396 547 285 532 418 477 0 421 178 434 469 336 193 80 298 461 264 421 403 278 243 358 344 395 351 300 164 169 234 247 274 360
256 208 393 324 162 458 371 479 368 368 353 371 298 421 0 439 387 290 419 286 341 381 282 347 242 356 231 326 311 77 216 172 121 257 252 187 200 227 313
321 405 458 389 447 393 436 414 565 303 550 436 495 178 439 0 452 487 354 211 98 316 479 282 439 421 296 261 376 362 413 369 318 182 187 252 265 292 378
243 353 68 311 395 471 304 492 513 381 498 304 443 434 387 452 0 435 432 299 354 394 427 360 387 31 218 339 244 310 361 317 266 270 265 200 187 160 74
304 154 441 372 298 506 419 527 226 416 211 419 104 469 290 487 435 0 467 334 389 429 140 395 48 404 279 374 359 213 74 118 169 305 300 235 248 275 361
301 385 438 369 427 225 416 246 545 135 530 416 475 336 419 354 432 467 0 201 256 148 459 114 419 401 276 93 356 342 393 349 298 172 167 232 245 272 358
168 252 305 236 294 240 283 261 412 150 397 283 342 193 286 211 299 334 201 0 113 163 326 129 286 268 143 108 223 209 260 216 165 29 34 99 112 139 225
223 307 360 291 349 295 338 316 467 205 452 338 397 80 341 98 354 389 256 113 0 218 381 184 341 323 198 163 278 264 315 271 220 84 89 154 167 194 280
263 347 400 331 389 77 378 98 507 55 492 378 437 298 381 316 394 429 148 163 218 0 421 34 381 363 238 55 318 304 355 311 260 134 129 194 207 234 320
296 146 433 364 290 498 411 519 86 408 71 411 148 461 282 479 427 140 459 326 381 421 0 387 92 396 271 366 351 205 66 110 161 297 292 227 240 267 353
229 313 366 297 355 111 344 132 473 21 458 344 403 264 347 282 360 395 114 129 184 34 387 0 347 329 204 21 284 270 321 277 226 100 95 160 173 200 286
256 106 393 324 250 458 371 479 178 368 163 371 56 421 242 439 387 48 419 286 341 381 92 347 0 356 231 326 311 165 26 70 121 257 252 187 200 227 313
212 322 37 280 364 440 273 461 482 350 467 273 412 403 356 421 31 404 401 268 323 363 396 329 356 0 187 308 213 279 330 286 235 239 234 169 156 129 43
25 197 224 93 239 315 202 336 357 225 342 202 287 278 231 296 218 279 276 143 198 238 271 204 231 187 0 183 142 154 205 161 110 114 109 44 31 58 144
208 292 345 276 334 132 323 153 452 42 437 323 382 243 326 261 339 374 93 108 163 55 366 21 326 308 183 0 263 249 300 256 205 79 74 139 152 179 265
167 277 250 235 319 395 60 416 437 305 422 60 367 358 311 376 244 359 356 223 278 318 351 284 311 213 142 263 0 234 285 241 190 194 189 124 111 84 170
179 131 316 247 85 381 294 402 291 291 276 294 221 344 77 362 310 213 342 209 264 304 205 270 165 279 154 249 234 0 139 95 44 180 175 110 123 150 236
230 80 367 298 224 432 345 453 152 342 137 345 82 395 216 413 361 74 393 260 315 355 66 321 26 330 205 300 285 139 0 44 95 231 226 161 174 201 287
186 36 323 254 180 388 301 409 196 298 181 301 126 351 172 369 317 118 349 216 271 311 110 277 70 286 161 256 241 95 44 0 51 187 182 117 130 157 243
135 87 272 203 129 337 250 358 247 247 232 250 177 300 121 318 266 169 298 165 220 260 161 226 121 235 110 205 190 44 95 51 0 136 131 66 79 106 192
139 223 276 207 265 211 254 232 383 121 368 254 313 164 257 182 270 305 172 29 84 134 297 100 257 239 114 79 194 180 231 187 136 0 5 70 83 110 196
134 218 271 202 260 206 249 227 378 116 363 249 308 169 252 187 265 300 167 34 89 129 292 95 252 234 109 74 189 175 226 182 131 5 0 65 78 105 191
69 153 206 137 195 271 184 292 313 181 298 184 243 234 187 252 200 235 232 99 154 194 227 160 187 169 44 139 124 110 161 117 66 70 65 0 13 40 126
56 166 193 124 208 284 171 305 326 194 311 171 256 247 200 265 187 248 245 112 167 207 240 173 200 156 31 152 111 123 174 130 79 83 78 13 0 27 113
83 193 166 151 235 311 144 332 353 221 338 144 283 274 227 292 160 275 272 139 194 234 267 200 227 129 58 179 84 150 201 157 106 110 105 40 27 0 86
169 279 80 237 321 397 230 418 439 307 424 230 369 360 313 378 74 361 358 225 280 320 353 286 313 43 144 265 170 236 287 243 192 196 191 126 113 86 0
