0 293 77 262 433 269 431 106 361 246 287 350 431 378 201 321 194 238 241 488 338 152 392 375 214 323 215 344 293 140 302 84 46 60 205 168 80 115 184
293 0 319 227 505 329 491 314 450 331 353 458 487 506 420 432 218 431 416 537 447 22 514 425 401 416 242 458 388 412 317 275 268 239 310 291 132 180 278
77 319 0 306 466 296 460 21 401 253 286 420 414 393 150 415 240 95 152 488 376 246 389 432 124 430 268 367 341 111 302 84 28 60 217 220 138 192 196
262 227 306 0 514 347 501 310 450 335 362 467 503 573 432 469 263 418 457 542 534 94 400 436 430 430 279 417 323 410 343 301 339 280 252 274 199 256 306
433 505 466 514 0 243 85 466 244 428 273 210 269 187 545 231 368 563 603 348 12 379 256 208 527 249 204 178 76 510 130 408 474 417 215 316 285 325 210
269 329 296 347 243 0 236 319 229 258 68 259 275 240 483 230 197 362 443 283 227 219 257 207 423 163 34 184 130 340 77 232 315 224 83 154 166 139 68
431 491 460 501 85 236 0 445 217 421 272 203 309 258 633 155 349 597 596 307 49 367 273 231 602 261 193 164 125 522 136 420 411 364 240 368 301 289 223
106 314 21 310 466 319 445 0 407 245 372 420 488 451 159 427 216 130 164 487 404 217 397 393 142 373 258 378 363 109 305 -2 40 30 314 198 177 171 263
361 450 401 450 244 229 217 407 0 348 233 259 166 266 584 228 307 466 534 176 206 345 97 242 507 45 166 160 133 502 126 405 401 358 158 289 293 284 187
246 331 253 335 428 258 421 245 348 0 303 376 414 360 401 410 44 382 400 424 398 245 367 375 374 319 255 364 268 334 245 258 237 185 193 51 147 114 170
287 353 286 362 273 68 272 372 233 303 0 279 290 297 448 209 229 418 466 317 198 325 227 227 423 207 34 202 149 398 109 323 298 228 68 222 201 194 51
350 458 420 467 210 259 203 420 259 376 279 0 308 78 578 76 359 550 561 292 185 371 270 62 581 191 178 65 89 459 108 435 451 398 190 307 333 281 143
431 487 414 503 269 275 309 488 166 414 290 308 0 315 609 277 377 558 602 87 234 382 74 242 584 79 190 215 208 505 156 452 432 428 242 348 353 313 209
378 506 393 573 187 240 258 451 266 360 297 78 315 0 592 15 330 502 594 336 199 415 227 22 559 213 194 36 138 515 173 451 397 386 208 326 295 263 163
201 420 150 432 545 483 633 159 584 401 448 578 609 592 0 580 391 190 187 657 557 376 647 553 124 542 422 593 507 88 467 167 181 171 417 384 308 328 379
321 432 415 469 231 230 155 427 228 410 209 76 277 15 580 0 264 529 511 318 215 378 214 3 520 160 154 46 108 438 104 450 379 362 188 264 290 286 197
194 218 240 263 368 197 349 216 307 44 229 359 377 330 391 264 0 349 339 438 331 159 326 295 289 278 200 292 240 251 209 239 215 128 173 -6 57 74 166
238 431 95 418 563 362 597 130 466 382 418 550 558 502 190 529 349 0 1 642 504 311 564 530 10 472 410 503 468 55 439 128 151 205 376 320 252 331 354
241 416 152 457 603 443 596 164 534 400 466 561 602 594 187 511 339 1 0 580 571 385 571 548 -13 513 382 497 493 66 427 142 169 135 358 340 248 313 367
488 537 488 542 348 283 307 487 176 424 317 292 87 336 657 318 438 642 580 0 282 475 87 251 644 104 259 255 178 550 181 480 488 447 228 374 362 328 243
338 447 376 534 12 227 49 404 206 398 198 185 234 199 557 215 331 504 571 282 0 373 197 156 523 137 192 161 116 484 106 413 418 377 161 293 323 257 138
152 22 246 94 379 219 367 217 345 245 325 371 382 415 376 378 159 311 385 475 373 0 393 372 315 324 233 353 235 257 272 224 224 187 204 221 64 90 190
392 514 389 400 256 257 273 397 97 367 227 270 74 227 647 214 326 564 571 87 197 393 0 250 552 45 167 192 108 482 52 440 454 321 158 331 311 263 162
375 425 432 436 208 207 231 393 242 375 227 62 242 22 553 3 295 530 548 251 156 372 250 0 504 138 203 35 79 490 99 418 392 357 122 249 300 247 195
214 401 124 430 527 423 602 142 507 374 423 581 584 559 124 520 289 10 -13 644 523 315 552 504 0 471 363 500 435 77 416 123 101 175 369 308 235 234 359
323 416 430 430 249 163 261 373 45 319 207 191 79 213 542 160 278 472 513 104 137 324 45 138 471 0 168 136 113 417 58 370 347 316 121 284 264 279 158
215 242 268 279 204 34 193 258 166 255 34 178 190 194 422 154 200 410 382 259 192 233 167 203 363 168 0 155 61 298 76 212 263 213 -27 121 142 106 -4
344 458 367 417 178 184 164 378 160 364 202 65 215 36 593 46 292 503 497 255 161 353 192 35 500 136 155 0 84 414 110 398 391 287 149 290 278 233 155
293 388 341 323 76 130 125 363 133 268 149 89 208 138 507 108 240 468 493 178 116 235 108 79 435 113 61 84 0 365 -18 324 289 300 60 226 178 154 102
140 412 111 410 510 340 522 109 502 334 398 459 505 515 88 438 251 55 66 550 484 257 482 490 77 417 298 414 365 0 396 69 100 107 283 304 184 244 326
302 317 302 343 130 77 136 305 126 245 109 108 156 173 467 104 209 439 427 181 106 272 52 99 416 58 76 110 -18 396 0 323 302 242 74 208 168 106 80
84 275 84 301 408 232 420 -2 405 258 323 435 452 451 167 450 239 128 142 480 413 224 440 418 123 370 212 398 324 69 323 0 17 30 243 186 107 161 231
46 268 28 339 474 315 411 40 401 237 298 451 432 397 181 379 215 151 169 488 418 224 454 392 101 347 263 391 289 100 302 17 0 37 197 229 158 152 213
60 239 60 280 417 224 364 30 358 185 228 398 428 386 171 362 128 205 135 447 377 187 321 357 175 316 213 287 300 107 242 30 37 0 230 145 60 95 138
205 310 217 252 215 83 240 314 158 193 68 190 242 208 417 188 173 376 358 228 161 204 158 122 369 121 -27 149 60 283 74 243 197 230 0 145 123 75 58
168 291 220 274 316 154 368 198 289 51 222 307 348 326 384 264 -6 320 340 374 293 221 331 249 308 284 121 290 226 304 208 186 229 145 145 0 19 73 128
80 132 138 199 285 166 301 177 293 147 201 333 353 295 308 290 57 252 248 362 323 64 311 300 235 264 142 278 178 184 168 107 158 60 123 19 0 56 55
115 180 192 256 325 139 289 171 284 114 194 281 313 263 328 286 74 331 313 328 257 90 263 247 234 279 106 233 154 244 106 161 152 95 75 73 56 0 84
184 278 196 306 210 68 223 263 187 170 51 143 209 163 379 197 166 354 367 243 138 190 162 195 359 158 -4 155 102 326 80 231 213 138 58 128 55 84 0
