0 267 72 275 406 260 417 81 366 223 279 397 417 403 236 380 182 198 205 458 367 179 387 377 183 339 227 350 288 140 269 71 58 19 213 165 95 118 201
267 0 301 184 483 337 494 310 443 300 356 474 494 480 465 457 259 427 434 535 444 88 464 454 412 416 304 427 365 369 346 300 287 248 290 242 172 195 278
72 301 0 309 440 294 451 37 400 257 313 431 451 437 192 414 216 154 161 492 401 213 421 411 139 373 261 384 322 96 303 27 14 53 247 199 129 152 235
275 184 309 0 491 345 502 318 451 308 364 482 502 488 473 465 267 435 442 543 452 96 472 462 420 424 312 435 373 377 354 308 295 256 298 250 180 203 286
406 483 440 491 0 240 89 449 234 393 259 227 285 233 604 210 352 566 573 326 39 395 255 207 551 207 207 180 118 508 137 439 426 387 193 335 311 288 205
260 337 294 345 240 0 251 303 200 247 85 231 251 237 458 214 206 420 427 292 201 249 221 211 405 173 33 184 122 362 103 293 280 241 47 189 165 142 59
417 494 451 502 89 251 0 460 245 404 270 238 296 244 615 221 363 577 584 337 50 406 266 218 562 218 218 191 129 519 148 450 437 398 204 346 322 299 216
81 310 37 318 449 303 460 0 409 266 322 440 460 446 175 423 225 137 144 501 410 222 430 420 122 382 270 393 331 79 312 10 23 62 256 208 138 161 244
366 443 400 451 234 200 245 409 0 353 219 225 105 231 564 208 312 526 533 146 195 355 75 205 511 27 167 178 116 468 97 399 386 347 153 295 271 248 165
223 300 257 308 393 247 404 266 353 0 266 384 404 390 421 367 75 383 390 445 354 212 374 364 368 326 214 337 275 325 256 256 243 204 200 58 128 105 188
279 356 313 364 259 85 270 322 219 266 0 250 270 256 477 233 225 439 446 311 220 268 240 230 424 192 52 203 141 381 122 312 299 260 66 208 184 161 78
397 474 431 482 227 231 238 440 225 384 250 0 276 100 595 77 343 557 564 317 188 386 246 74 542 198 198 47 109 499 128 430 417 378 184 326 302 279 196
417 494 451 502 285 251 296 460 105 404 270 276 0 282 615 259 363 577 584 101 246 406 30 256 562 78 218 229 167 519 148 450 437 398 204 346 322 299 216
403 480 437 488 233 237 244 446 231 390 256 100 282 0 601 29 349 563 570 323 194 392 252 26 548 204 204 53 115 505 134 436 423 384 190 332 308 285 202
236 465 192 473 604 458 615 175 564 421 477 595 615 601 0 578 380 154 161 656 565 377 585 575 139 537 425 548 486 96 467 165 178 217 411 363 293 316 399
380 457 414 465 210 214 221 423 208 367 233 77 259 29 578 0 326 540 547 300 171 369 229 3 525 181 181 30 92 482 111 413 400 361 167 309 285 262 179
182 259 216 267 352 206 363 225 312 75 225 343 363 349 380 326 0 342 349 404 313 171 333 323 327 285 173 296 234 284 215 215 202 163 159 17 87 64 147
198 427 154 435 566 420 577 137 526 383 439 557 577 563 154 540 342 0 37 618 527 339 547 537 15 499 387 510 448 58 429 127 140 179 373 325 255 278 361
205 434 161 442 573 427 584 144 533 390 446 564 584 570 161 547 349 37 0 625 534 346 554 544 22 506 394 517 455 65 436 134 147 186 380 332 262 285 368
458 535 492 543 326 292 337 501 146 445 311 317 101 323 656 300 404 618 625 0 287 447 71 297 603 119 259 270 208 560 189 491 478 439 245 387 363 340 257
367 444 401 452 39 201 50 410 195 354 220 188 246 194 565 171 313 527 534 287 0 356 216 168 512 168 168 141 79 469 98 400 387 348 154 296 272 249 166
179 88 213 96 395 249 406 222 355 212 268 386 406 392 377 369 171 339 346 447 356 0 376 366 324 328 216 339 277 281 258 212 199 160 202 154 84 107 190
387 464 421 472 255 221 266 430 75 374 240 246 30 252 585 229 333 547 554 71 216 376 0 226 532 48 188 199 137 489 118 420 407 368 174 316 292 269 186
377 454 411 462 207 211 218 420 205 364 230 74 256 26 575 3 323 537 544 297 168 366 226 0 522 178 178 27 89 479 108 410 397 358 164 306 282 259 176
183 412 139 420 551 405 562 122 511 368 424 542 562 548 139 525 327 15 22 603 512 324 532 522 0 484 372 495 433 43 414 112 125 164 358 310 240 263 346
339 416 373 424 207 173 218 382 27 326 192 198 78 204 537 181 285 499 506 119 168 328 48 178 484 0 140 151 89 441 70 372 359 320 126 268 244 221 138
227 304 261 312 207 33 218 270 167 214 52 198 218 204 425 181 173 387 394 259 168 216 188 178 372 140 0 151 89 329 70 260 247 208 14 156 132 109 26
350 427 384 435 180 184 191 393 178 337 203 47 229 53 548 30 296 510 517 270 141 339 199 27 495 151 151 0 62 452 81 383 370 331 137 279 255 232 149
288 365 322 373 118 122 129 331 116 275 141 109 167 115 486 92 234 448 455 208 79 277 137 89 433 89 89 62 0 390 19 321 308 269 75 217 193 170 87
140 369 96 377 508 362 519 79 468 325 381 499 519 505 96 482 284 58 65 560 469 281 489 479 43 441 329 452 390 0 371 69 82 121 315 267 197 220 303
269 346 303 354 137 103 148 312 97 256 122 128 148 134 467 111 215 429 436 189 98 258 118 108 414 70 70 81 19 371 0 302 289 250 56 198 174 151 68
71 300 27 308 439 293 450 10 399 256 312 430 450 436 165 413 215 127 134 491 400 212 420 410 112 372 260 383 321 69 302 0 13 52 246 198 128 151 234
58 287 14 295 426 280 437 23 386 243 299 417 437 423 178 400 202 140 147 478 387 199 407 397 125 359 247 370 308 82 289 13 0 39 233 185 115 138 221
19 248 53 256 387 241 398 62 347 204 260 378 398 384 217 361 163 179 186 439 348 160 368 358 164 320 208 331 269 121 250 52 39 0 194 146 76 99 182
213 290 247 298 193 47 204 256 153 200 66 184 204 190 411 167 159 373 380 245 154 202 174 164 358 126 14 137 75 315 56 246 233 194 0 142 118 95 12
165 242 199 250 335 189 346 208 295 58 208 326 346 332 363 309 17 325 332 387 296 154 316 306 310 268 156 279 217 267 198 198 185 146 142 0 70 47 130
95 172 129 180 311 165 322 138 271 128 184 302 322 308 293 285 87 255 262 363 272 84 292 282 240 244 132 255 193 197 174 128 115 76 118 70 0 23 106
118 195 152 203 288 142 299 161 248 105 161 279 299 285 316 262 64 278 285 340 249 107 269 259 263 221 109 232 170 220 151 151 138 99 95 47 23 0 83
201 278 235 286 205 59 216 244 165 188 78 196 216 202 399 179 147 361 368 257 166 190 186 176 346 138 26 149 87 303 68 234 221 182 12 130 106 83 0
