0 370 290 321 537 451 379 300 462 291 554 597 620 191 129 429 477 178 582 415 232 222 289 220 564 119 389 461 470 80 489 495 139 319 156 439 255 332 348
370 0 222 407 488 395 182 179 444 238 513 584 622 322 339 344 436 350 583 415 275 129 116 196 472 313 371 481 439 301 451 357 272 304 132 310 196 263 353
290 222 0 280 259 169 219 166 188 235 265 315 329 225 232 83 239 260 355 156 165 68 187 65 311 247 199 206 196 154 220 218 103 131 55 140 37 64 53
321 407 280 0 533 480 380 337 467 334 569 607 578 130 271 443 528 297 574 407 14 273 292 191 527 252 449 484 471 240 502 464 162 388 196 396 284 351 378
537 488 259 533 0 215 459 407 309 429 308 317 210 521 507 264 249 541 208 364 429 314 423 412 128 498 352 268 52 493 204 203 394 294 365 79 218 217 237
451 395 169 480 215 0 391 336 264 343 102 165 269 434 420 213 48 452 280 264 359 262 370 291 159 416 208 61 142 373 30 19 308 190 245 27 171 125 124
379 182 219 380 459 391 0 186 418 240 543 536 545 365 302 383 479 360 580 421 308 150 102 148 488 356 410 471 442 298 403 399 238 361 168 381 236 254 324
300 179 166 337 407 336 186 0 338 184 457 441 503 275 272 271 380 291 556 315 224 32 139 100 418 248 354 371 333 233 338 356 177 242 40 295 167 198 291
462 444 188 467 309 264 418 338 0 396 337 374 376 464 444 113 366 467 433 65 383 232 352 293 339 443 36 328 312 388 323 251 314 70 222 204 166 134 99
291 238 235 334 429 343 240 184 396 0 493 484 491 311 291 313 408 298 505 351 239 44 142 109 403 293 347 387 356 279 435 335 167 331 102 306 134 267 312
554 513 265 569 308 102 543 457 337 493 0 111 380 503 523 362 87 536 324 326 438 402 416 378 263 581 294 54 209 458 58 60 424 279 321 195 273 262 205
597 584 315 607 317 165 536 441 374 484 111 0 333 574 530 346 147 553 381 329 447 389 458 382 286 611 321 72 229 498 72 192 412 323 402 189 303 251 292
620 622 329 578 210 269 545 503 376 491 380 333 0 601 582 308 331 556 134 408 505 452 535 442 57 545 369 280 115 517 227 275 478 324 418 192 368 267 300
191 322 225 130 521 434 365 275 464 311 503 574 601 0 229 385 493 291 600 407 57 197 270 237 468 200 416 517 438 159 459 414 111 345 220 381 233 348 327
129 339 232 271 507 420 302 272 444 291 523 530 582 229 0 367 480 21 602 386 159 197 269 170 524 -25 363 470 469 82 442 414 118 334 154 348 224 344 313
429 344 83 443 264 213 383 271 113 313 362 346 308 385 367 0 316 450 360 83 312 254 282 263 296 365 45 295 263 330 229 169 261 18 214 119 150 91 56
477 436 239 528 249 48 479 380 366 408 87 147 331 493 480 316 0 532 333 266 442 346 386 373 225 426 282 37 109 400 21 76 340 237 253 70 221 198 190
178 350 260 297 541 452 360 291 467 298 536 553 556 291 21 450 532 0 620 461 221 279 273 184 566 1 417 528 461 97 511 471 137 358 216 362 240 306 358
582 583 355 574 208 280 580 556 433 505 324 381 134 600 602 360 333 620 0 425 502 430 479 446 97 556 393 308 143 551 276 233 437 371 434 214 333 233 315
415 415 156 407 364 264 421 315 65 351 326 329 408 407 386 83 266 461 425 0 356 263 298 281 300 410 69 293 235 354 249 233 354 32 269 204 188 119 67
232 275 165 14 429 359 308 224 383 239 438 447 505 57 159 312 442 221 502 356 0 158 217 204 465 113 382 446 418 105 383 401 96 300 148 359 169 221 266
222 129 68 273 314 262 150 32 232 44 402 389 452 197 197 254 346 279 430 263 158 0 75 5 393 232 215 391 355 131 323 290 84 208 48 259 127 160 186
289 116 187 292 423 370 102 139 352 142 416 458 535 270 269 282 386 273 479 298 217 75 0 53 428 280 313 366 333 210 380 336 136 262 81 253 130 178 242
220 196 65 191 412 291 148 100 293 109 378 382 442 237 170 263 373 184 446 281 204 5 53 0 401 184 238 368 283 133 298 298 119 176 50 269 124 208 187
564 472 311 527 128 159 488 418 339 403 263 286 57 468 524 296 225 566 97 300 465 393 428 401 0 493 282 260 42 436 189 132 383 292 364 118 225 217 231
119 313 247 252 498 416 356 248 443 293 581 611 545 200 -25 365 426 1 556 410 113 232 280 184 493 0 404 508 450 52 508 392 99 388 174 322 249 347 336
389 371 199 449 352 208 410 354 36 347 294 321 369 416 363 45 282 417 393 69 382 215 313 238 282 404 0 263 232 295 258 220 277 66 189 160 136 78 42
461 481 206 484 268 61 471 371 328 387 54 72 280 517 470 295 37 528 308 293 446 391 366 368 260 508 263 0 159 432 76 74 384 245 301 99 212 156 254
470 439 196 471 52 142 442 333 312 356 209 229 115 438 469 263 109 461 143 235 418 355 333 283 42 450 232 159 0 370 127 132 294 192 254 51 159 117 175
80 301 154 240 493 373 298 233 388 279 458 498 517 159 82 330 400 97 551 354 105 131 210 133 436 52 295 432 370 0 361 388 59 322 163 336 191 241 297
489 451 220 502 204 30 403 338 323 435 58 72 227 459 442 229 21 511 276 249 383 323 380 298 189 508 258 76 127 361 0 57 351 233 302 97 220 156 164
495 357 218 464 203 19 399 356 251 335 60 192 275 414 414 169 76 471 233 233 401 290 336 298 132 392 220 74 132 388 57 0 300 142 273 0 190 194 180
139 272 103 162 394 308 238 177 314 167 424 412 478 111 118 261 340 137 437 354 96 84 136 119 383 99 277 384 294 59 351 300 0 235 78 250 144 166 232
319 304 131 388 294 190 361 242 70 331 279 323 324 345 334 18 237 358 371 32 300 208 262 176 292 388 66 245 192 322 233 142 235 0 199 122 136 72 17
156 132 55 196 365 245 168 40 222 102 321 402 418 220 154 214 253 216 434 269 148 48 81 50 364 174 189 301 254 163 302 273 78 199 0 179 67 108 164
439 310 140 396 79 27 381 295 204 306 195 189 192 381 348 119 70 362 214 204 359 259 253 269 118 322 160 99 51 336 97 0 250 122 179 0 130 69 113
255 196 37 284 218 171 236 167 166 134 273 303 368 233 224 150 221 240 333 188 169 127 130 124 225 249 136 212 159 191 220 190 144 136 67 130 0 67 105
332 263 64 351 217 125 254 198 134 267 262 251 267 348 344 91 198 306 233 119 221 160 178 208 217 347 78 156 117 241 156 194 166 72 108 69 67 0 11
348 353 53 378 237 124 324 291 99 312 205 292 300 327 313 56 190 358 315 67 266 186 242 187 231 336 42 254 175 297 164 180 232 17 164 113 105 11 0
