0 346 410 313 443 280 419 444 262 295 195 89 163 340 483 266 467 459 436 398 332 61 97 272 438 392 253 186 408 408 372 201 394 64 179 117 302 191 265
346 0 522 287 555 254 531 556 250 283 413 313 381 142 595 378 579 571 548 200 134 285 315 74 550 504 227 160 520 520 484 189 506 282 167 229 414 303 377
410 522 0 489 109 456 45 250 438 471 477 377 445 516 289 294 133 265 102 574 508 349 379 448 104 18 429 362 214 74 38 377 200 346 355 293 108 219 145
313 287 489 0 522 87 498 523 217 250 380 280 348 281 562 345 546 538 515 339 273 252 282 213 517 471 60 127 487 487 451 156 473 249 134 196 381 270 344
443 555 109 522 0 489 118 283 471 504 510 410 478 549 322 327 34 298 63 607 541 382 412 481 5 91 462 395 247 35 71 410 233 379 388 326 141 252 178
280 254 456 87 489 0 465 490 184 217 347 247 315 248 529 312 513 505 482 306 240 219 249 180 484 438 27 94 454 454 418 123 440 216 101 163 348 237 311
419 531 45 498 118 465 0 259 447 480 486 386 454 525 298 303 142 274 111 583 517 358 388 457 113 27 438 371 223 83 47 386 209 355 364 302 117 228 154
444 556 250 523 283 490 259 0 472 505 511 411 479 550 111 328 307 115 276 608 542 383 413 482 278 232 463 396 36 248 212 411 50 380 389 327 142 253 179
262 250 438 217 471 184 447 472 0 155 329 229 297 244 511 294 495 487 464 302 236 201 231 176 466 420 157 90 436 436 400 61 422 198 83 145 330 219 293
295 283 471 250 504 217 480 505 155 0 362 262 330 277 544 327 528 520 497 335 269 234 264 209 499 453 190 123 469 469 433 94 455 231 116 178 363 252 326
195 413 477 380 510 347 486 511 329 362 0 162 164 407 550 333 534 526 503 465 399 134 98 339 505 459 320 253 475 475 439 268 461 131 246 184 369 258 332
89 313 377 280 410 247 386 411 229 262 162 0 130 307 450 233 434 426 403 365 299 28 64 239 405 359 220 153 375 375 339 168 361 31 146 84 269 158 232
163 381 445 348 478 315 454 479 297 330 164 130 0 375 518 301 502 494 471 433 367 102 66 307 473 427 288 221 443 443 407 236 429 99 214 152 337 226 300
340 142 516 281 549 248 525 550 244 277 407 307 375 0 589 372 573 565 542 74 8 279 309 68 544 498 221 154 514 514 478 183 500 276 161 223 408 297 371
483 595 289 562 322 529 298 111 511 544 550 450 518 589 0 367 346 154 315 647 581 422 452 521 317 271 502 435 75 287 251 450 89 419 428 366 181 292 218
266 378 294 345 327 312 303 328 294 327 333 233 301 372 367 0 351 343 320 430 364 205 235 304 322 276 285 218 292 292 256 233 278 202 211 149 186 75 149
467 579 133 546 34 513 142 307 495 528 534 434 502 573 346 351 0 322 87 631 565 406 436 505 29 115 486 419 271 59 95 434 257 403 412 350 165 276 202
459 571 265 538 298 505 274 115 487 520 526 426 494 565 154 343 322 0 291 623 557 398 428 497 293 247 478 411 79 263 227 426 65 395 404 342 157 268 194
436 548 102 515 63 482 111 276 464 497 503 403 471 542 315 320 87 291 0 600 534 375 405 474 58 84 455 388 240 28 64 403 226 372 381 319 134 245 171
398 200 574 339 607 306 583 608 302 335 465 365 433 74 647 430 631 623 600 0 66 337 367 126 602 556 279 212 572 572 536 241 558 334 219 281 466 355 429
332 134 508 273 541 240 517 542 236 269 399 299 367 8 581 364 565 557 534 66 0 271 301 60 536 490 213 146 506 506 470 175 492 268 153 215 400 289 363
61 285 349 252 382 219 358 383 201 234 134 28 102 279 422 205 406 398 375 337 271 0 36 211 377 331 192 125 347 347 311 140 333 3 118 56 241 130 204
97 315 379 282 412 249 388 413 231 264 98 64 66 309 452 235 436 428 405 367 301 36 0 241 407 361 222 155 377 377 341 170 363 33 148 86 271 160 234
272 74 448 213 481 180 457 482 176 209 339 239 307 68 521 304 505 497 474 126 60 211 241 0 476 430 153 86 446 446 410 115 432 208 93 155 340 229 303
438 550 104 517 5 484 113 278 466 499 505 405 473 544 317 322 29 293 58 602 536 377 407 476 0 86 457 390 242 30 66 405 228 374 383 321 136 247 173
392 504 18 471 91 438 27 232 420 453 459 359 427 498 271 276 115 247 84 556 490 331 361 430 86 0 411 344 196 56 20 359 182 328 337 275 90 201 127
253 227 429 60 462 27 438 463 157 190 320 220 288 221 502 285 486 478 455 279 213 192 222 153 457 411 0 67 427 427 391 96 413 189 74 136 321 210 284
186 160 362 127 395 94 371 396 90 123 253 153 221 154 435 218 419 411 388 212 146 125 155 86 390 344 67 0 360 360 324 29 346 122 7 69 254 143 217
408 520 214 487 247 454 223 36 436 469 475 375 443 514 75 292 271 79 240 572 506 347 377 446 242 196 427 360 0 212 176 375 14 344 353 291 106 217 143
408 520 74 487 35 454 83 248 436 469 475 375 443 514 287 292 59 263 28 572 506 347 377 446 30 56 427 360 212 0 36 375 198 344 353 291 106 217 143
372 484 38 451 71 418 47 212 400 433 439 339 407 478 251 256 95 227 64 536 470 311 341 410 66 20 391 324 176 36 0 339 162 308 317 255 70 181 107
201 189 377 156 410 123 386 411 61 94 268 168 236 183 450 233 434 426 403 241 175 140 170 115 405 359 96 29 375 375 339 0 361 137 22 84 269 158 232
394 506 200 473 233 440 209 50 422 455 461 361 429 500 89 278 257 65 226 558 492 333 363 432 228 182 413 346 14 198 162 361 0 330 339 277 92 203 129
64 282 346 249 379 216 355 380 198 231 131 31 99 276 419 202 403 395 372 334 268 3 33 208 374 328 189 122 344 344 308 137 330 0 115 53 238 127 201
179 167 355 134 388 101 364 389 83 116 246 146 214 161 428 211 412 404 381 219 153 118 148 93 383 337 74 7 353 353 317 22 339 115 0 62 247 136 210
117 229 293 196 326 163 302 327 145 178 184 84 152 223 366 149 350 342 319 281 215 56 86 155 321 275 136 69 291 291 255 84 277 53 62 0 185 74 148
302 414 108 381 141 348 117 142 330 363 369 269 337 408 181 186 165 157 134 466 400 241 271 340 136 90 321 254 106 106 70 269 92 238 247 185 0 111 37
191 303 219 270 252 237 228 253 219 252 258 158 226 297 292 75 276 268 245 355 289 130 160 229 247 201 210 143 217 217 181 158 203 127 136 74 111 0 74
265 377 145 344 178 311 154 179 293 326 332 232 300 371 218 149 202 194 171 429 363 204 234 303 173 127 284 217 143 143 107 232 129 201 210 148 37 74 0
