0 186 164 206 417 499 496 178 636 376 438 506 421 563 306 415 373 300 316 441 411 177 391 561 236 385 427 475 389 216 354 144 88 87 341 321 162 227 324
186 0 176 38 279 361 358 190 498 238 300 368 283 425 318 277 235 312 328 303 273 9 253 423 248 247 289 337 251 228 216 156 100 99 203 183 24 89 186
164 176 0 196 407 489 486 166 626 366 428 496 411 553 294 405 363 288 304 431 401 167 381 551 224 375 417 465 379 204 344 132 76 77 331 311 152 217 314
206 38 196 0 299 381 378 210 518 258 320 388 303 445 338 297 255 332 348 323 293 29 273 443 268 267 309 357 271 248 236 176 120 119 223 203 44 109 206
417 279 407 299 0 234 91 421 275 339 173 145 130 202 549 124 336 543 559 150 6 270 100 200 479 94 162 114 28 459 63 387 331 330 76 284 255 190 93
499 361 489 381 234 0 313 503 453 421 83 323 238 380 631 232 418 625 641 258 228 352 208 378 561 202 72 292 206 541 171 469 413 412 158 366 337 272 175
496 358 486 378 91 313 0 500 354 418 252 224 209 281 628 203 415 622 638 229 85 349 179 279 558 173 241 193 107 538 142 466 410 409 155 363 334 269 172
178 190 166 210 421 503 500 0 640 380 442 510 425 567 196 419 377 190 206 445 415 181 395 565 126 389 431 479 393 106 358 34 90 91 345 325 166 231 328
636 498 626 518 275 453 354 640 0 558 392 192 349 77 768 343 555 762 778 369 269 489 319 75 698 313 381 161 247 678 282 606 550 549 295 503 474 409 312
376 238 366 258 339 421 418 380 558 0 360 428 343 485 508 337 107 502 518 363 333 229 313 483 438 307 349 397 311 418 276 346 290 289 263 55 214 149 246
438 300 428 320 173 83 252 442 392 360 0 262 177 319 570 171 357 564 580 197 167 291 147 317 500 141 11 231 145 480 110 408 352 351 97 305 276 211 114
506 368 496 388 145 323 224 510 192 428 262 0 219 119 638 213 425 632 648 239 139 359 189 117 568 183 251 31 117 548 152 476 420 419 165 373 344 279 182
421 283 411 303 130 238 209 425 349 343 177 219 0 276 553 66 340 547 563 80 124 274 30 274 483 36 166 188 102 463 67 391 335 334 80 288 259 194 97
563 425 553 445 202 380 281 567 77 485 319 119 276 0 695 270 482 689 705 296 196 416 246 2 625 240 308 88 174 605 209 533 477 476 222 430 401 336 239
306 318 294 338 549 631 628 196 768 508 570 638 553 695 0 547 505 174 190 573 543 309 523 693 110 517 559 607 521 90 486 162 218 219 473 453 294 359 456
415 277 405 297 124 232 203 419 343 337 171 213 66 270 547 0 334 541 557 86 118 268 36 268 477 30 160 182 96 457 61 385 329 328 74 282 253 188 91
373 235 363 255 336 418 415 377 555 107 357 425 340 482 505 334 0 499 515 360 330 226 310 480 435 304 346 394 308 415 273 343 287 286 260 52 211 146 243
300 312 288 332 543 625 622 190 762 502 564 632 547 689 174 541 499 0 144 567 537 303 517 687 64 511 553 601 515 84 480 156 212 213 467 447 288 353 450
316 328 304 348 559 641 638 206 778 518 580 648 563 705 190 557 515 144 0 583 553 319 533 703 80 527 569 617 531 100 496 172 228 229 483 463 304 369 466
441 303 431 323 150 258 229 445 369 363 197 239 80 296 573 86 360 567 583 0 144 294 50 294 503 56 186 208 122 483 87 411 355 354 100 308 279 214 117
411 273 401 293 6 228 85 415 269 333 167 139 124 196 543 118 330 537 553 144 0 264 94 194 473 88 156 108 22 453 57 381 325 324 70 278 249 184 87
177 9 167 29 270 352 349 181 489 229 291 359 274 416 309 268 226 303 319 294 264 0 244 414 239 238 280 328 242 219 207 147 91 90 194 174 15 80 177
391 253 381 273 100 208 179 395 319 313 147 189 30 246 523 36 310 517 533 50 94 244 0 244 453 6 136 158 72 433 37 361 305 304 50 258 229 164 67
561 423 551 443 200 378 279 565 75 483 317 117 274 2 693 268 480 687 703 294 194 414 244 0 623 238 306 86 172 603 207 531 475 474 220 428 399 334 237
236 248 224 268 479 561 558 126 698 438 500 568 483 625 110 477 435 64 80 503 473 239 453 623 0 447 489 537 451 20 416 92 148 149 403 383 224 289 386
385 247 375 267 94 202 173 389 313 307 141 183 36 240 517 30 304 511 527 56 88 238 6 238 447 0 130 152 66 427 31 355 299 298 44 252 223 158 61
427 289 417 309 162 72 241 431 381 349 11 251 166 308 559 160 346 553 569 186 156 280 136 306 489 130 0 220 134 469 99 397 341 340 86 294 265 200 103
475 337 465 357 114 292 193 479 161 397 231 31 188 88 607 182 394 601 617 208 108 328 158 86 537 152 220 0 86 517 121 445 389 388 134 342 313 248 151
389 251 379 271 28 206 107 393 247 311 145 117 102 174 521 96 308 515 531 122 22 242 72 172 451 66 134 86 0 431 35 359 303 302 48 256 227 162 65
216 228 204 248 459 541 538 106 678 418 480 548 463 605 90 457 415 84 100 483 453 219 433 603 20 427 469 517 431 0 396 72 128 129 383 363 204 269 366
354 216 344 236 63 171 142 358 282 276 110 152 67 209 486 61 273 480 496 87 57 207 37 207 416 31 99 121 35 396 0 324 268 267 13 221 192 127 30
144 156 132 176 387 469 466 34 606 346 408 476 391 533 162 385 343 156 172 411 381 147 361 531 92 355 397 445 359 72 324 0 56 57 311 291 132 197 294
88 100 76 120 331 413 410 90 550 290 352 420 335 477 218 329 287 212 228 355 325 91 305 475 148 299 341 389 303 128 268 56 0 1 255 235 76 141 238
87 99 77 119 330 412 409 91 549 289 351 419 334 476 219 328 286 213 229 354 324 90 304 474 149 298 340 388 302 129 267 57 1 0 254 234 75 140 237
341 203 331 223 76 158 155 345 295 263 97 165 80 222 473 74 260 467 483 100 70 194 50 220 403 44 86 134 48 383 13 311 255 254 0 208 179 114 17
321 183 311 203 284 366 363 325 503 55 305 373 288 430 453 282 52 447 463 308 278 174 258 428 383 252 294 342 256 363 221 291 235 234 208 0 159 94 191
162 24 152 44 255 337 334 166 474 214 276 344 259 401 294 253 211 288 304 279 249 15 229 399 224 223 265 313 227 204 192 132 76 75 179 159 0 65 162
227 89 217 109 190 272 269 231 409 149 211 279 194 336 359 188 146 353 369 214 184 80 164 334 289 158 200 248 162 269 127 197 141 140 114 94 65 0 97
324 186 314 206 93 175 172 328 312 246 114 182 97 239 456 91 243 450 466 117 87 177 67 237 386 61 103 151 65 366 30 294 238 237 17 191 162 97 0
