0 188 245 130 217 353 224 361 389 282 359 258 273 291 274 318 234 281 317 139 263 299 288 224 268 266 13 194 173 184 268 216 144 169 128 75 28 123 152
188 0 324 286 188 414 328 451 264 300 263 310 161 373 211 425 320 139 399 259 279 353 153 346 113 328 190 297 256 127 21 55 87 252 224 169 221 227 266
245 324 0 320 420 483 316 476 490 397 481 293 406 457 434 432 93 461 443 322 384 374 422 388 408 6 222 338 247 307 373 319 269 287 282 153 219 167 86
130 286 320 0 312 424 322 410 401 351 442 284 390 403 361 407 294 347 327 232 304 323 361 322 378 313 85 229 204 287 308 245 162 186 207 173 157 151 203
217 188 420 312 0 474 396 423 356 370 339 366 309 422 153 485 433 274 427 279 322 407 299 330 254 318 217 382 342 100 218 128 129 249 223 239 189 234 327
353 414 483 424 474 0 468 190 609 120 596 437 493 346 460 406 425 557 232 279 318 61 467 108 412 410 281 166 373 369 456 412 328 248 217 283 291 350 427
224 328 316 322 396 468 0 494 510 381 435 134 448 378 373 423 259 401 421 300 342 361 391 393 350 270 229 279 70 306 310 304 255 249 254 193 176 162 195
361 451 476 410 423 190 494 0 613 177 582 464 549 376 501 406 541 530 194 283 295 112 534 127 468 447 303 174 413 383 452 409 381 215 212 276 281 331 427
389 264 490 401 356 609 510 613 0 495 183 502 251 533 403 578 514 239 522 434 473 505 82 493 141 513 372 472 467 310 178 192 259 365 385 306 343 395 442
282 300 397 351 370 120 381 177 495 0 472 421 447 285 415 320 390 443 145 158 265 63 452 65 352 327 206 33 308 253 346 323 260 100 112 179 187 182 327
359 263 481 442 339 596 435 582 183 472 0 456 274 549 372 506 499 185 547 377 415 516 108 495 198 467 326 404 450 246 137 162 208 385 386 315 294 316 408
258 310 293 284 366 437 134 464 502 421 456 0 393 463 380 433 262 417 444 336 336 342 375 354 367 242 220 332 10 298 357 325 229 225 270 187 155 111 243
273 161 406 390 309 493 448 549 251 447 274 393 0 480 309 503 437 113 459 316 404 437 130 402 94 374 287 407 385 257 110 96 181 334 287 224 270 276 360
291 373 457 403 422 346 378 376 533 285 549 463 480 0 402 164 436 478 342 123 65 333 423 258 420 445 267 244 355 365 347 353 299 172 185 187 221 276 344
274 211 434 361 153 460 373 501 403 415 372 380 309 402 0 482 391 252 404 323 365 387 278 369 253 303 239 309 335 58 279 179 125 256 252 232 204 201 332
318 425 432 407 485 406 423 406 578 320 506 433 503 164 482 0 439 486 337 241 101 310 523 268 447 458 280 239 361 373 392 342 342 166 203 216 271 252 413
234 320 93 294 433 425 259 541 514 390 499 262 437 436 391 439 0 423 404 270 396 409 396 402 403 38 199 320 221 319 339 316 233 240 239 185 231 145 93
281 139 461 347 274 557 401 530 239 443 185 417 113 478 252 486 423 0 486 359 360 451 176 371 86 350 307 370 361 200 65 136 170 346 288 266 233 245 375
317 399 443 327 427 232 421 194 522 145 547 444 459 342 404 337 404 486 0 190 217 123 500 125 409 421 324 108 387 368 374 321 289 189 166 222 232 236 349
139 259 322 232 279 279 300 283 434 158 377 336 316 123 323 241 270 359 190 0 108 173 340 112 309 251 118 103 195 166 207 211 158 31 53 149 151 159 222
263 279 384 304 322 318 342 295 473 265 415 336 404 65 365 101 396 360 217 108 0 250 364 224 375 335 200 139 314 262 354 274 217 76 112 162 146 202 261
299 353 374 323 407 61 361 112 505 63 516 342 437 333 387 310 409 451 123 173 250 0 455 46 331 394 242 42 276 294 329 296 252 113 142 191 216 287 319
288 153 422 361 299 467 391 534 82 452 108 375 130 423 278 523 396 176 500 340 364 455 0 404 78 359 225 325 373 181 29 66 142 293 322 206 215 327 317
224 346 388 322 330 108 393 127 493 65 495 354 402 258 369 268 402 371 125 112 224 46 404 0 353 330 160 67 246 270 341 323 213 124 141 142 166 163 295
268 113 408 378 254 412 350 468 141 352 198 367 94 420 253 447 403 86 409 309 375 331 78 353 0 357 204 332 289 220 37 136 135 247 267 211 181 213 307
266 328 6 313 318 410 270 447 513 327 467 242 374 445 303 458 38 350 421 251 335 394 359 330 357 0 168 284 218 301 290 270 225 253 251 145 150 113 47
13 190 222 85 217 281 229 303 372 206 326 220 287 267 239 280 199 307 324 118 200 242 225 160 204 168 0 221 187 126 191 162 76 95 93 28 42 53 136
194 297 338 229 382 166 279 174 472 33 404 332 407 244 309 239 320 370 108 103 139 42 325 67 332 284 221 0 234 224 322 201 221 80 105 135 168 167 313
173 256 247 204 342 373 70 413 467 308 450 10 385 355 335 361 221 361 387 195 314 276 373 246 289 218 187 234 0 239 244 199 199 182 202 132 117 89 186
184 127 307 287 100 369 306 383 310 253 246 298 257 365 58 373 319 200 368 166 262 294 181 270 220 301 126 224 239 0 152 78 57 131 168 58 164 167 250
268 21 373 308 218 456 310 452 178 346 137 357 110 347 279 392 339 65 374 207 354 329 29 341 37 290 191 322 244 152 0 77 94 310 256 179 174 207 255
216 55 319 245 128 412 304 409 192 323 162 325 96 353 179 342 316 136 321 211 274 296 66 323 136 270 162 201 199 78 77 0 83 223 218 127 119 177 164
144 87 269 162 129 328 255 381 259 260 208 229 181 299 125 342 233 170 289 158 217 252 142 213 135 225 76 221 199 57 94 83 0 130 113 49 71 97 187
169 252 287 186 249 248 249 215 365 100 385 225 334 172 256 166 240 346 189 31 76 113 293 124 247 253 95 80 182 131 310 223 130 0 48 106 48 70 198
128 224 282 207 223 217 254 212 385 112 386 270 287 185 252 203 239 288 166 53 112 142 322 141 267 251 93 105 202 168 256 218 113 48 0 50 20 110 159
75 169 153 173 239 283 193 276 306 179 315 187 224 187 232 216 185 266 222 149 162 191 206 142 211 145 28 135 132 58 179 127 49 106 50 0 1 30 154
28 221 219 157 189 291 176 281 343 187 294 155 270 221 204 271 231 233 232 151 146 216 215 166 181 150 42 168 117 164 174 119 71 48 20 1 0 -1 132
123 227 167 151 234 350 162 331 395 182 316 111 276 276 201 252 145 245 236 159 202 287 327 163 213 113 53 167 89 167 207 177 97 70 110 30 -1 0 35
152 266 86 203 327 427 195 427 442 327 408 243 360 344 332 413 93 375 349 222 261 319 317 295 307 47 136 313 186 250 255 164 187 198 159 154 132 35 0
