0 0 368 363 196 244 167 371 411 383 416 438 507 399 410 279 310 322 338 368 466 324 339 300 214 281 393 351 200 330 334 191 72 304 85 72 159 270 189
0 0 409 575 305 371 290 433 492 304 511 417 590 540 441 427 330 410 401 343 359 448 379 369 317 290 452 337 372 326 343 194 204 320 -6 75 230 288 208
368 409 0 540 485 410 469 240 181 299 294 500 632 472 498 515 414 421 300 495 174 404 492 60 374 405 483 236 202 571 335 430 311 212 339 312 162 331 303
363 575 540 0 545 144 510 381 501 462 537 174 274 165 620 459 591 320 407 572 414 78 23 355 531 567 230 486 428 498 91 372 382 359 465 320 252 128 286
196 305 485 545 0 422 80 408 572 393 539 413 651 498 301 288 381 382 397 329 441 386 392 377 211 27 426 372 409 237 368 187 62 313 221 158 252 355 276
244 371 410 144 422 0 338 338 399 334 407 155 222 174 552 382 456 183 251 553 400 143 62 318 414 337 40 224 305 388 97 294 241 277 215 279 54 -98 79
167 290 469 510 80 338 0 501 571 391 476 489 594 539 457 318 320 535 454 340 520 540 442 460 312 64 485 547 401 320 401 285 194 399 312 218 276 445 343
371 433 240 381 408 338 501 0 303 90 308 382 543 476 488 422 522 480 69 501 256 358 384 186 470 405 403 -41 65 437 426 407 257 138 388 325 250 393 138
411 492 181 501 572 399 571 303 0 338 13 436 511 452 705 600 573 575 285 600 72 433 475 58 568 426 491 275 294 485 438 479 327 97 388 356 348 291 258
383 304 299 462 393 334 391 90 338 0 208 438 536 521 554 452 439 362 107 548 306 392 384 193 477 423 460 36 74 411 231 387 349 31 258 289 201 337 231
416 511 294 537 539 407 476 308 13 208 0 430 576 569 641 589 614 467 264 670 83 572 494 191 497 545 525 290 228 523 469 465 367 234 401 380 298 441 370
438 417 500 174 413 155 489 382 436 438 430 0 312 180 463 461 497 51 403 508 346 237 186 359 494 387 81 438 427 477 116 423 338 317 301 245 213 -18 183
507 590 632 274 651 222 594 543 511 536 576 312 0 135 666 563 628 323 576 667 614 106 161 488 602 566 266 448 497 508 183 576 438 386 373 392 369 193 336
399 540 472 165 498 174 539 476 452 521 569 180 135 0 583 481 582 329 397 511 524 8 87 394 492 500 182 450 482 549 142 470 433 385 419 278 226 112 179
410 441 498 620 301 552 457 488 705 554 641 463 666 583 0 133 292 548 473 234 535 529 614 552 239 429 564 532 481 167 512 150 293 416 459 324 429 455 319
279 427 515 459 288 382 318 422 600 452 589 461 563 481 133 0 57 529 433 149 458 509 553 265 -46 166 481 364 353 49 407 -3 195 409 220 216 298 342 309
310 330 414 591 381 456 320 522 573 439 614 497 628 582 292 57 0 578 371 255 547 525 461 532 80 281 394 440 382 117 495 122 169 480 304 189 231 350 319
322 410 421 320 382 183 535 480 575 362 467 51 323 329 548 529 578 0 325 540 460 233 130 446 485 479 1 360 336 523 146 447 319 396 344 346 181 129 178
338 401 300 407 397 251 454 69 285 107 264 403 576 397 473 433 371 325 0 559 197 340 331 122 377 421 392 70 -13 316 344 355 329 169 408 383 128 240 86
368 343 495 572 329 553 340 501 600 548 670 508 667 511 234 149 255 540 559 0 538 443 490 410 51 316 511 532 400 82 458 40 189 369 366 215 314 394 249
466 359 174 414 441 400 520 256 72 306 83 346 614 524 535 458 547 460 197 538 0 472 478 64 504 440 386 182 144 478 372 460 420 127 301 343 246 308 238
324 448 404 78 386 143 540 358 433 392 572 237 106 8 529 509 525 233 340 443 472 0 58 306 379 444 194 355 410 523 49 382 334 304 336 248 206 122 150
339 379 492 23 392 62 442 384 475 384 494 186 161 87 614 553 461 130 331 490 478 58 0 378 380 373 205 252 438 414 69 440 304 313 332 329 207 72 84
300 369 60 355 377 318 460 186 58 193 191 359 488 394 552 265 532 446 122 410 64 306 378 0 439 358 343 80 78 396 317 298 330 83 306 239 127 209 165
214 317 374 531 211 414 312 470 568 477 497 494 602 492 239 -46 80 485 377 51 504 379 380 439 0 239 440 355 353 105 323 79 115 382 223 126 384 360 341
281 290 405 567 27 337 64 405 426 423 545 387 566 500 429 166 281 479 421 316 440 444 373 358 239 0 367 435 332 195 277 208 102 280 217 107 186 308 224
393 452 483 230 426 40 485 403 491 460 525 81 266 182 564 481 394 1 392 511 386 194 205 343 440 367 0 241 293 393 75 408 273 281 350 274 167 183 165
351 337 236 486 372 224 547 -41 275 36 290 438 448 450 532 364 440 360 70 532 182 355 252 80 355 435 241 0 9 451 239 402 203 26 231 156 193 309 176
200 372 202 428 409 305 401 65 294 74 228 427 497 482 481 353 382 336 -13 400 144 410 438 78 353 332 293 9 0 406 251 341 276 82 183 118 134 303 190
330 326 571 498 237 388 320 437 485 411 523 477 508 549 167 49 117 523 316 82 478 523 414 396 105 195 393 451 406 0 383 49 111 350 315 138 212 240 308
334 343 335 91 368 97 401 426 438 231 469 116 183 142 512 407 495 146 344 458 372 49 69 317 323 277 75 239 251 383 0 304 201 254 309 178 122 -65 133
191 194 430 372 187 294 285 407 479 387 465 423 576 470 150 -3 122 447 355 40 460 382 440 298 79 208 408 402 341 49 304 0 19 230 215 46 244 394 203
72 204 311 382 62 241 194 257 327 349 367 338 438 433 293 195 169 319 329 189 420 334 304 330 115 102 273 203 276 111 201 19 0 237 37 77 50 185 181
304 320 212 359 313 277 399 138 97 31 234 317 386 385 416 409 480 396 169 369 127 304 313 83 382 280 281 26 82 350 254 230 237 0 205 152 55 192 -20
85 -6 339 465 221 215 312 388 388 258 401 301 373 419 459 220 304 344 408 366 301 336 332 306 223 217 350 231 183 315 309 215 37 205 0 140 157 221 44
72 75 312 320 158 279 218 325 356 289 380 245 392 278 324 216 189 346 383 215 343 248 329 239 126 107 274 156 118 138 178 46 77 152 140 0 5 217 168
159 230 162 252 252 54 276 250 348 201 298 213 369 226 429 298 231 181 128 314 246 206 207 127 384 186 167 193 134 212 122 244 50 55 157 5 0 121 -53
270 288 331 128 355 -98 445 393 291 337 441 -18 193 112 455 342 350 129 240 394 308 122 72 209 360 308 183 309 303 240 -65 394 185 192 221 217 121 0 62
189 208 303 286 276 79 343 138 258 231 370 183 336 179 319 309 319 178 86 249 238 150 84 165 341 224 165 176 190 308 133 203 181 -20 44 168 -53 62 0
