0 294 337 18 639 368 462 474 241 433 501 504 551 157 129 402 573 637 520 496 579 465 37 454 96 362 570 509 395 354 160 424 363 313 195 429 120 272 165
294 0 123 298 467 130 242 207 301 305 244 405 424 402 197 223 398 439 156 262 336 326 252 151 217 90 394 271 165 -130 278 399 232 82 168 158 252 20 206
337 123 0 401 526 195 357 288 291 295 352 479 396 413 282 279 487 491 315 362 490 395 281 231 328 223 420 414 165 184 333 319 300 132 78 172 226 154 217
18 298 401 0 694 305 489 486 103 474 466 529 515 220 82 364 652 605 486 486 552 499 -7 432 138 275 632 506 414 357 141 448 424 191 311 362 100 248 173
639 467 526 694 0 511 337 669 608 190 446 358 225 556 574 477 132 117 642 713 167 55 657 696 478 332 87 208 476 470 569 88 253 497 398 373 529 393 510
368 130 195 305 511 0 266 329 341 359 301 479 370 371 293 240 395 392 267 308 529 426 384 364 247 206 326 273 190 121 215 324 243 168 169 242 357 160 211
462 242 357 489 337 266 0 500 447 149 269 239 147 376 352 241 207 294 390 521 219 188 367 472 313 84 168 19 211 221 276 85 -21 189 273 175 205 162 284
474 207 288 486 669 329 500 0 519 468 437 535 570 558 451 457 579 517 165 42 596 473 451 -11 422 394 569 493 173 223 344 465 415 197 286 179 425 238 342
241 301 291 103 608 341 447 519 0 520 433 592 587 229 116 396 590 654 488 588 619 511 215 434 129 370 574 499 446 194 135 438 410 208 231 312 117 237 206
433 305 295 474 190 359 149 468 520 0 324 98 31 509 487 314 157 217 388 491 66 185 421 580 378 60 42 29 422 276 487 75 51 371 252 178 476 232 340
501 244 352 466 446 301 269 437 433 324 0 370 358 435 435 186 391 346 418 435 474 356 410 385 429 136 317 247 262 239 367 159 255 303 245 107 346 202 203
504 405 479 529 358 479 239 535 592 98 370 0 182 616 444 265 230 220 539 638 139 105 462 433 432 241 29 0 491 392 551 160 103 363 334 268 527 345 443
551 424 396 515 225 370 147 570 587 31 358 182 0 494 442 291 1 123 503 590 26 14 510 452 435 203 77 135 398 353 471 125 87 337 291 334 533 302 455
157 402 413 220 556 371 376 558 229 509 435 616 494 0 129 426 509 487 434 452 571 546 80 414 154 405 525 475 465 368 96 393 462 231 289 310 35 257 34
129 197 282 82 574 293 352 451 116 487 435 444 442 129 0 380 500 520 417 401 490 410 71 398 38 246 442 457 308 144 -57 477 339 241 177 171 32 136 46
402 223 279 364 477 240 241 457 396 314 186 265 291 426 380 0 325 349 379 409 347 297 357 372 296 51 402 283 251 260 269 225 263 163 92 110 138 197 283
573 398 487 652 132 395 207 579 590 157 391 230 1 509 500 325 0 -6 603 590 10 31 532 630 403 347 -15 111 469 337 444 93 200 373 351 309 577 355 443
637 439 491 605 117 392 294 517 654 217 346 220 123 487 520 349 -6 0 624 595 12 -76 631 544 501 298 113 208 601 474 467 68 158 256 375 386 472 380 450
520 156 315 486 642 267 390 165 488 388 418 539 503 434 417 379 603 624 0 297 595 585 443 161 504 331 434 364 108 159 383 361 419 235 146 245 477 298 222
496 262 362 486 713 308 521 42 588 491 435 638 590 452 401 409 590 595 297 0 643 595 522 96 545 373 618 658 209 269 450 544 502 264 294 332 490 295 380
579 336 490 552 167 529 219 596 619 66 474 139 26 571 490 347 10 12 595 643 0 -47 525 499 450 215 34 206 467 320 508 92 211 323 306 298 431 398 393
465 326 395 499 55 426 188 473 511 185 356 105 14 546 410 297 31 -76 585 595 -47 0 515 477 428 216 104 80 473 321 484 130 113 357 291 245 484 246 428
37 252 281 -7 657 384 367 451 215 421 410 462 510 80 71 357 532 631 443 522 525 515 0 450 57 256 442 415 331 292 119 392 315 304 255 195 147 210 126
454 151 231 432 696 364 472 -11 434 580 385 433 452 414 398 372 630 544 161 96 499 477 450 0 409 246 575 394 135 87 427 423 322 197 153 294 436 204 270
96 217 328 138 478 247 313 422 129 378 429 432 435 154 38 296 403 501 504 545 450 428 57 409 0 306 474 423 269 121 -9 471 339 165 184 289 -23 191 69
362 90 223 275 332 206 84 394 370 60 136 241 203 405 246 51 347 298 331 373 215 216 256 246 306 0 274 255 217 179 191 165 108 37 124 13 175 39 247
570 394 420 632 87 326 168 569 574 42 317 29 77 525 442 402 -15 113 434 618 34 104 442 575 474 274 0 75 468 367 430 39 138 225 311 202 407 316 327
509 271 414 506 208 273 19 493 499 29 247 0 135 475 457 283 111 208 364 658 206 80 415 394 423 255 75 0 384 307 315 -21 10 166 274 103 366 274 287
395 165 165 414 476 190 211 173 446 422 262 491 398 465 308 251 469 601 108 209 467 473 331 135 269 217 468 384 0 51 394 362 247 43 20 178 264 150 261
354 -130 184 357 470 121 221 223 194 276 239 392 353 368 144 260 337 474 159 269 320 321 292 87 121 179 367 307 51 0 197 330 213 39 -124 188 242 45 96
160 278 333 141 569 215 276 344 135 487 367 551 471 96 -57 269 444 467 383 450 508 484 119 427 -9 191 430 315 394 197 0 420 375 266 179 194 -16 204 123
424 399 319 448 88 324 85 465 438 75 159 160 125 393 477 225 93 68 361 544 92 130 392 423 471 165 39 -21 362 330 420 0 76 240 228 156 480 274 272
363 232 300 424 253 243 -21 415 410 51 255 103 87 462 339 263 200 158 419 502 211 113 315 322 339 108 138 10 247 213 375 76 0 238 273 145 293 113 190
313 82 132 191 497 168 189 197 208 371 303 363 337 231 241 163 373 256 235 264 323 357 304 197 165 37 225 166 43 39 266 240 238 0 42 81 211 19 81
195 168 78 311 398 169 273 286 231 252 245 334 291 289 177 92 351 375 146 294 306 291 255 153 184 124 311 274 20 -124 179 228 273 42 0 80 156 33 133
429 158 172 362 373 242 175 179 312 178 107 268 334 310 171 110 309 386 245 332 298 245 195 294 289 13 202 103 178 188 194 156 145 81 80 0 204 75 166
120 252 226 100 529 357 205 425 117 476 346 527 533 35 32 138 577 472 477 490 431 484 147 436 -23 175 407 366 264 242 -16 480 293 211 156 204 0 118 80
272 20 154 248 393 160 162 238 237 232 202 345 302 257 136 197 355 380 298 295 398 246 210 204 191 39 316 274 150 45 204 274 113 19 33 75 118 0 127
165 206 217 173 510 211 284 342 206 340 203 443 455 34 46 283 443 450 222 380 393 428 126 270 69 247 327 287 261 96 123 272 190 81 133 166 80 127 0
