0 30 487 508 460 353 151 484 593 334 228 393 542 375 247 270 616 391 569 642 380 548 265 294 567 71 177 471 442 95 185 410 465 446 449 216 261 265 346
30 0 407 389 283 280 99 453 451 432 135 339 475 379 289 358 494 350 459 653 322 471 357 226 455 -99 98 392 410 -6 144 362 410 318 320 64 130 177 305
487 407 0 25 326 394 373 312 344 303 267 238 145 39 424 404 368 529 479 451 244 387 241 432 271 447 363 -24 327 347 272 210 65 223 42 335 224 157 72
508 389 25 0 361 389 434 431 437 399 373 298 95 134 525 458 419 520 485 416 295 410 275 496 415 453 330 32 331 449 337 302 15 240 128 338 236 155 89
460 283 326 361 0 236 296 264 458 373 245 273 422 408 273 302 389 410 502 437 223 355 20 364 375 325 268 367 373 307 139 289 223 231 234 260 150 169 267
353 280 394 389 236 0 331 230 392 320 194 344 392 364 323 333 346 402 417 539 104 454 74 444 389 306 335 445 393 313 267 288 331 247 333 186 82 279 227
151 99 373 434 296 331 0 315 522 353 160 338 389 281 119 189 529 277 519 549 221 351 177 200 424 84 93 322 397 62 83 347 280 315 318 62 68 145 324
484 453 312 431 264 230 315 0 639 358 233 351 466 308 358 415 455 491 647 591 107 504 118 391 488 403 382 456 480 318 279 386 357 392 391 274 201 224 331
593 451 344 437 458 392 522 639 0 70 425 108 432 376 486 559 99 661 185 162 460 67 332 485 26 452 487 407 -33 380 356 154 283 198 328 375 258 275 309
334 432 303 399 373 320 353 358 70 0 257 105 315 237 416 414 177 521 98 155 328 139 259 432 121 455 417 185 25 375 249 -50 176 5 193 290 123 92 281
228 135 267 373 245 194 160 233 425 257 0 256 453 275 4 64 338 219 451 400 191 337 124 116 408 92 67 344 323 62 -17 172 208 210 300 83 85 186 262
393 339 238 298 273 344 338 351 108 105 256 0 424 208 377 368 243 491 276 319 186 209 262 226 153 326 296 325 171 230 286 42 205 66 193 223 105 174 175
542 475 145 95 422 392 389 466 432 315 453 424 0 130 453 589 477 516 541 559 346 455 428 502 450 450 395 -41 266 365 375 312 53 307 170 404 258 228 153
375 379 39 134 408 364 281 308 376 237 275 208 130 0 444 410 353 500 434 335 390 325 273 410 265 417 330 52 317 256 328 259 -13 167 57 162 202 172 96
247 289 424 525 273 323 119 358 486 416 4 377 453 444 0 155 522 227 529 393 336 552 275 95 420 245 25 389 418 166 167 319 433 257 395 183 254 158 253
270 358 404 458 302 333 189 415 559 414 64 368 589 410 155 0 480 51 568 563 353 518 243 50 486 172 65 437 560 163 118 395 379 365 472 50 207 342 409
616 494 368 419 389 346 529 455 99 177 338 243 477 353 522 480 0 554 116 124 471 116 327 491 119 499 503 401 -45 417 357 212 294 265 293 370 284 294 392
391 350 529 520 410 402 277 491 661 521 219 491 516 500 227 51 554 0 622 711 441 588 385 89 470 244 56 533 528 386 161 441 442 435 486 243 239 239 399
569 459 479 485 502 417 519 647 185 98 451 276 541 434 529 568 116 622 0 88 447 97 462 537 36 562 604 378 74 477 377 146 385 200 401 436 273 234 405
642 653 451 416 437 539 549 591 162 155 400 319 559 335 393 563 124 711 88 0 488 48 369 627 94 574 496 550 149 471 461 185 406 277 512 478 392 341 450
380 322 244 295 223 104 221 107 460 328 191 186 346 390 336 353 471 441 447 488 0 455 108 303 350 248 225 224 459 261 240 319 392 340 308 77 44 191 230
548 471 387 410 355 454 351 504 67 139 337 209 455 325 552 518 116 588 97 48 455 0 416 507 -64 498 402 345 42 424 294 124 331 192 272 437 289 233 397
265 357 241 275 20 74 177 118 332 259 124 262 428 273 275 243 327 385 462 369 108 416 0 286 352 251 204 258 358 214 134 192 197 239 304 63 -56 143 164
294 226 432 496 364 444 200 391 485 432 116 226 502 410 95 50 491 89 537 627 303 507 286 0 438 237 95 395 498 221 39 295 485 339 405 141 146 237 375
567 455 271 415 375 389 424 488 26 121 408 153 450 265 420 486 119 470 36 94 350 -64 352 438 0 449 429 418 106 447 394 148 373 164 338 462 276 248 247
71 -99 447 453 325 306 84 403 452 455 92 326 450 417 245 172 499 244 562 574 248 498 251 237 449 0 222 460 379 88 111 423 440 342 420 135 205 346 408
177 98 363 330 268 335 93 382 487 417 67 296 395 330 25 65 503 56 604 496 225 402 204 95 429 222 0 413 374 98 30 331 375 367 302 56 210 205 254
471 392 -24 32 367 445 322 456 407 185 344 325 -41 52 389 437 401 533 378 550 224 345 258 395 418 460 413 0 392 258 299 289 129 217 73 270 362 139 76
442 410 327 331 373 393 397 480 -33 25 323 171 266 317 418 560 -45 528 74 149 459 42 358 498 106 379 374 392 0 445 348 49 251 51 249 286 228 222 360
95 -6 347 449 307 313 62 318 380 375 62 230 365 256 166 163 417 386 477 471 261 424 214 221 447 88 98 258 445 0 18 216 355 376 389 14 137 300 303
185 144 272 337 139 267 83 279 356 249 -17 286 375 328 167 118 357 161 377 461 240 294 134 39 394 111 30 299 348 18 0 232 282 258 323 -22 27 219 247
410 362 210 302 289 288 347 386 154 -50 172 42 312 259 319 395 212 441 146 185 319 124 192 295 148 423 331 289 49 216 232 0 289 16 309 258 138 65 198
465 410 65 15 223 331 280 357 283 176 208 205 53 -13 433 379 294 442 385 406 392 331 197 485 373 440 375 129 251 355 282 289 0 278 12 204 122 111 2
446 318 223 240 231 247 315 392 198 5 210 66 307 167 257 365 265 435 200 277 340 192 239 339 164 342 367 217 51 376 258 16 278 0 178 129 125 75 129
449 320 42 128 234 333 318 391 328 193 300 193 170 57 395 472 293 486 401 512 308 272 304 405 338 420 302 73 249 389 323 309 12 178 0 251 213 12 148
216 64 335 338 260 186 62 274 375 290 83 223 404 162 183 50 370 243 436 478 77 437 63 141 462 135 56 270 286 14 -22 258 204 129 251 0 203 186 191
261 130 224 236 150 82 68 201 258 123 85 105 258 202 254 207 284 239 273 392 44 289 -56 146 276 205 210 362 228 137 27 138 122 125 213 203 0 -11 81
265 177 157 155 169 279 145 224 275 92 186 174 228 172 158 342 294 239 234 341 191 233 143 237 248 346 205 139 222 300 219 65 111 75 12 186 -11 0 146
346 305 72 89 267 227 324 331 309 281 262 175 153 96 253 409 392 399 405 450 230 397 164 375 247 408 254 76 360 303 247 198 2 129 148 191 81 146 0
