0 376 298 407 289 465 370 422 420 234 274 518 510 561 470 301 308 605 384 269 459 532 187 219 325 142 374 329 464 221 383 152 426 353 78 262 192 114 266
376 0 423 400 463 179 586 490 478 358 166 343 273 435 334 524 464 351 477 388 89 242 544 463 417 382 188 348 170 454 455 366 150 237 283 45 254 284 167
298 423 0 142 356 492 483 129 101 116 473 597 598 587 565 521 570 663 522 367 484 595 428 416 2 294 517 56 404 399 72 347 536 472 290 303 142 227 292
407 400 142 0 436 514 538 131 98 219 432 569 561 646 622 434 438 585 512 380 480 605 435 402 -2 364 529 67 326 347 72 254 405 447 212 382 192 238 359
289 463 356 436 0 505 339 515 451 259 412 662 565 686 474 66 287 678 292 213 461 609 238 237 419 94 500 455 503 57 460 134 507 519 201 376 329 239 226
465 179 492 514 505 0 558 543 563 351 157 107 214 236 205 638 600 224 564 513 190 40 501 509 452 464 100 435 8 468 485 413 159 46 364 139 302 276 257
370 586 483 538 339 558 0 563 470 369 620 592 660 676 617 410 27 696 256 192 582 635 43 87 422 171 499 417 642 291 419 204 549 523 240 539 400 258 379
422 490 129 131 515 543 563 0 37 218 550 663 574 688 585 542 547 712 531 430 471 553 525 444 56 495 608 95 427 483 125 398 452 479 231 364 183 250 297
420 478 101 98 451 563 470 37 0 118 471 628 461 501 472 495 394 737 434 406 444 573 427 407 -56 254 518 67 501 278 72 259 419 509 203 356 154 237 235
234 358 116 219 259 351 369 218 118 0 409 478 440 522 470 288 296 462 497 280 355 525 316 371 108 261 478 119 398 333 129 271 371 399 167 269 76 -14 213
274 166 473 432 412 157 620 550 471 409 0 117 210 101 93 534 419 187 542 494 46 165 455 430 413 382 32 401 22 463 368 345 9 80 339 125 343 197 115
518 343 597 569 662 107 592 663 628 478 117 0 281 179 198 682 663 184 636 526 196 135 719 444 475 492 86 558 92 494 455 477 96 155 374 291 404 354 289
510 273 598 561 565 214 660 574 461 440 210 281 0 337 155 664 612 285 496 478 55 276 574 452 513 549 137 567 170 458 556 483 155 148 379 124 318 223 369
561 435 587 646 686 236 676 688 501 522 101 179 337 0 232 732 682 145 690 609 293 107 699 609 658 562 152 470 187 554 628 558 205 176 518 317 453 406 244
470 334 565 622 474 205 617 585 472 470 93 198 155 232 0 566 587 343 574 585 79 248 596 498 504 568 115 546 95 561 585 435 80 115 448 211 411 368 306
301 524 521 434 66 638 410 542 495 288 534 682 664 732 566 0 307 657 313 285 539 656 281 246 466 200 592 360 612 34 444 191 611 488 216 453 376 204 296
308 464 570 438 287 600 27 547 394 296 419 663 612 682 587 307 0 788 271 157 535 683 3 122 482 133 585 536 560 312 521 211 414 457 173 452 385 178 313
605 351 663 585 678 224 696 712 737 462 187 184 285 145 343 657 788 0 735 611 292 43 716 536 580 587 97 661 225 624 620 533 212 209 557 241 485 441 281
384 477 522 512 292 564 256 531 434 497 542 636 496 690 574 313 271 735 0 -26 479 632 173 113 457 87 599 401 485 313 465 141 475 432 221 370 290 190 270
269 388 367 380 213 513 192 430 406 280 494 526 478 609 585 285 157 611 -26 0 498 574 113 95 372 -26 485 393 431 156 285 51 434 336 168 338 302 148 307
459 89 484 480 461 190 582 471 444 355 46 196 55 293 79 539 535 292 479 498 0 217 392 399 531 443 105 562 27 373 420 389 75 17 186 161 356 258 229
532 242 595 605 609 40 635 553 573 525 165 135 276 107 248 656 683 43 632 574 217 0 586 587 541 459 88 504 57 659 561 472 23 154 504 181 401 286 261
187 544 428 435 238 501 43 525 427 316 455 719 574 699 596 281 3 716 173 113 392 586 0 137 451 62 475 412 436 211 483 78 472 542 172 441 307 254 292
219 463 416 402 237 509 87 444 407 371 430 444 452 609 498 246 122 536 113 95 399 587 137 0 335 -28 369 333 435 151 365 109 365 329 114 382 188 306 305
325 417 2 -2 419 452 422 56 -56 108 413 475 513 658 504 466 482 580 457 372 531 541 451 335 0 337 450 7 345 463 37 253 353 342 216 344 55 105 266
142 382 294 364 94 464 171 495 254 261 382 492 549 562 568 200 133 587 87 -26 443 459 62 -28 337 0 403 385 442 155 312 66 354 411 95 349 190 161 241
374 188 517 529 500 100 499 608 518 478 32 86 137 152 115 592 585 97 599 485 105 88 475 369 450 403 0 520 54 407 440 356 149 42 407 144 348 287 186
329 348 56 67 455 435 417 95 67 119 401 558 567 470 546 360 536 661 401 393 562 504 412 333 7 385 520 0 492 413 39 279 353 350 268 332 117 142 243
464 170 404 326 503 8 642 427 501 398 22 92 170 187 95 612 560 225 485 431 27 57 436 435 345 442 54 492 0 502 421 352 47 7 363 137 307 265 185
221 454 399 347 57 468 291 483 278 333 463 494 458 554 561 34 312 624 313 156 373 659 211 151 463 155 407 413 502 0 358 86 396 435 148 342 267 230 292
383 455 72 72 460 485 419 125 72 129 368 455 556 628 585 444 521 620 465 285 420 561 483 365 37 312 440 39 421 358 0 316 320 350 246 380 92 90 342
152 366 347 254 134 413 204 398 259 271 345 477 483 558 435 191 211 533 141 51 389 472 78 109 253 66 356 279 352 86 316 0 335 311 120 302 220 131 144
426 150 536 405 507 159 549 452 419 371 9 96 155 205 80 611 414 212 475 434 75 23 472 365 353 354 149 353 47 396 320 335 0 71 364 73 207 203 220
353 237 472 447 519 46 523 479 509 399 80 155 148 176 115 488 457 209 432 336 17 154 542 329 342 411 42 350 7 435 350 311 71 0 231 13 344 197 175
78 283 290 212 201 364 240 231 203 167 339 374 379 518 448 216 173 557 221 168 186 504 172 114 216 95 407 268 363 148 246 120 364 231 0 204 172 53 85
262 45 303 382 376 139 539 364 356 269 125 291 124 317 211 453 452 241 370 338 161 181 441 382 344 349 144 332 137 342 380 302 73 13 204 0 206 224 87
192 254 142 192 329 302 400 183 154 76 343 404 318 453 411 376 385 485 290 302 356 401 307 188 55 190 348 117 307 267 92 220 207 344 172 206 0 -9 185
114 284 227 238 239 276 258 250 237 -14 197 354 223 406 368 204 178 441 190 148 258 286 254 306 105 161 287 142 265 230 90 131 203 197 53 224 -9 0 112
266 167 292 359 226 257 379 297 235 213 115 289 369 244 306 296 313 281 270 307 229 261 292 305 266 241 186 243 185 292 342 144 220 175 85 87 185 112 0
