0 302 58 361 247 383 476 486 233 392 174 260 342 311 275 342 290 193 152 308 192 425 339 357 111 182 385 289 197 309 205 149 136 44 44 194 205 144 151
302 0 332 356 267 140 482 462 414 82 428 236 157 453 187 485 459 302 358 460 389 169 32 396 363 279 496 357 444 55 360 299 282 376 286 242 195 215 164
58 332 0 424 160 349 474 512 263 381 336 347 431 199 228 383 359 274 312 326 162 392 438 305 187 266 419 199 292 264 258 90 205 65 105 100 181 196 168
361 356 424 0 128 442 125 256 361 324 524 208 360 379 345 411 382 193 191 382 299 405 439 469 309 208 67 94 343 395 371 205 172 264 253 231 213 144 146
247 267 160 128 0 348 416 341 201 312 206 307 313 260 206 250 194 263 152 308 46 293 333 351 -27 78 323 178 206 350 165 91 71 217 -35 98 259 270 52
383 140 349 442 348 0 513 584 387 103 415 387 70 472 175 509 469 257 368 501 287 162 99 399 313 174 367 419 435 42 390 253 254 411 303 295 257 178 271
476 482 474 125 416 513 0 70 405 555 574 401 442 399 350 526 533 368 332 489 284 390 468 466 258 253 71 142 396 409 473 307 196 390 201 283 451 306 292
486 462 512 256 341 584 70 0 525 520 534 492 483 467 368 523 473 414 348 550 371 508 443 669 322 390 73 149 413 443 532 337 287 358 326 383 465 323 195
233 414 263 361 201 387 405 525 0 423 198 286 399 245 299 409 315 210 298 303 6 393 355 415 131 160 449 379 239 383 194 178 258 237 136 211 299 270 149
392 82 381 324 312 103 555 520 423 0 452 349 25 348 109 416 437 230 307 437 322 -46 131 415 313 213 426 314 334 25 346 269 242 332 265 296 169 268 247
174 428 336 524 206 415 574 534 198 452 0 359 456 330 337 388 317 264 319 359 63 367 405 321 237 256 404 403 302 456 404 273 226 258 197 209 236 202 283
260 236 347 208 307 387 401 492 286 349 359 0 304 224 135 421 418 245 228 387 252 346 223 433 188 25 352 270 273 231 329 150 142 301 111 68 92 149 102
342 157 431 360 313 70 442 483 399 25 456 304 0 322 157 452 532 207 326 446 411 -93 26 445 384 289 419 412 324 120 351 254 251 311 324 263 44 250 248
311 453 199 379 260 472 399 467 245 348 330 224 322 0 244 90 105 288 185 86 256 348 322 159 174 166 346 315 88 299 -1 101 219 281 49 234 251 91 163
275 187 228 345 206 175 350 368 299 109 337 135 157 244 0 283 386 141 212 312 290 180 152 329 55 43 320 207 175 21 198 202 133 226 95 154 -19 72 36
342 485 383 411 250 509 526 523 409 416 388 421 452 90 283 0 104 302 422 172 292 487 382 214 165 287 425 344 33 460 76 278 253 211 232 282 395 260 225
290 459 359 382 194 469 533 473 315 437 317 418 532 105 386 104 0 304 454 -10 293 427 423 101 212 246 439 449 132 419 50 193 305 247 162 274 321 258 304
193 302 274 193 263 257 368 414 210 230 264 245 207 288 141 302 304 0 271 429 260 235 230 357 215 -21 375 227 249 194 337 66 146 286 75 97 175 62 65
152 358 312 191 152 368 332 348 298 307 319 228 326 185 212 422 454 271 0 380 302 334 200 392 182 132 288 259 311 339 276 111 174 214 172 152 202 194 150
308 460 326 382 308 501 489 550 303 437 359 387 446 86 312 172 -10 429 380 0 263 397 357 21 170 402 491 365 137 433 49 161 358 313 194 247 316 266 314
192 389 162 299 46 287 284 371 6 322 63 252 411 256 290 292 293 260 302 263 0 353 420 340 139 111 416 315 195 354 178 35 168 225 11 146 182 105 93
425 169 392 405 293 162 390 508 393 -46 367 346 -93 348 180 487 427 235 334 397 353 0 -57 469 240 180 412 342 314 46 395 303 218 388 268 125 70 147 153
339 32 438 439 333 99 468 443 355 131 405 223 26 322 152 382 423 230 200 357 420 -57 0 313 181 150 421 270 313 27 325 295 245 366 275 204 18 158 159
357 396 305 469 351 399 466 669 415 415 321 433 445 159 329 214 101 357 392 21 340 469 313 0 39 200 457 381 40 431 11 184 285 368 298 228 304 240 263
111 363 187 309 -27 313 258 322 131 313 237 188 384 174 55 165 212 215 182 170 139 240 181 39 0 77 267 177 98 214 123 -31 70 122 -5 90 176 0 10
182 279 266 208 78 174 253 390 160 213 256 25 289 166 43 287 246 -21 132 402 111 180 150 200 77 0 349 153 201 112 171 25 -35 122 29 57 -3 -40 -50
385 496 419 67 323 367 71 73 449 426 404 352 419 346 320 425 439 375 288 491 416 412 421 457 267 349 0 60 356 400 355 186 195 339 253 205 310 307 257
289 357 199 94 178 419 142 149 379 314 403 270 412 315 207 344 449 227 259 365 315 342 270 381 177 153 60 0 323 366 301 191 63 219 219 211 185 129 79
197 444 292 343 206 435 396 413 239 334 302 273 324 88 175 33 132 249 311 137 195 314 313 40 98 201 356 323 0 339 51 70 200 207 61 127 211 159 162
309 55 264 395 350 42 409 443 383 25 456 231 120 299 21 460 419 194 339 433 354 46 27 431 214 112 400 366 339 0 326 186 98 171 219 139 27 150 217
205 360 258 371 165 390 473 532 194 346 404 329 351 -1 198 76 50 337 276 49 178 395 325 11 123 171 355 301 51 326 0 36 216 190 97 177 233 156 100
149 299 90 205 91 253 307 337 178 269 273 150 254 101 202 278 193 66 111 161 35 303 295 184 -31 25 186 191 70 186 36 0 116 52 34 9 209 49 89
136 282 205 172 71 254 196 287 258 242 226 142 251 219 133 253 305 146 174 358 168 218 245 285 70 -35 195 63 200 98 216 116 0 141 23 -18 100 116 -19
44 376 65 264 217 411 390 358 237 332 258 301 311 281 226 211 247 286 214 313 225 388 366 368 122 122 339 219 207 171 190 52 141 0 146 70 213 175 80
44 286 105 253 -35 303 201 326 136 265 197 111 324 49 95 232 162 75 172 194 11 268 275 298 -5 29 253 219 61 219 97 34 23 146 0 9 173 99 78
194 242 100 231 98 295 283 383 211 296 209 68 263 234 154 282 274 97 152 247 146 125 204 228 90 57 205 211 127 139 177 9 -18 70 9 0 64 -23 0
205 195 181 213 259 257 451 465 299 169 236 92 44 251 -19 395 321 175 202 316 182 70 18 304 176 -3 310 185 211 27 233 209 100 213 173 64 0 19 -26
144 215 196 144 270 178 306 323 270 268 202 149 250 91 72 260 258 62 194 266 105 147 158 240 0 -40 307 129 159 150 156 49 116 175 99 -23 19 0 1
151 164 168 146 52 271 292 195 149 247 283 102 248 163 36 225 304 65 150 314 93 153 159 263 10 -50 257 79 162 217 100 89 -19 80 78 0 -26 1 0
