0 372 57 314 162 388 401 428 261 352 292 260 372 245 243 301 323 244 255 318 209 348 314 298 126 169 359 269 227 303 205 108 170 15 103 138 223 161 150
372 0 399 410 328 154 497 524 427 118 458 310 138 411 169 467 489 294 351 484 375 114 80 464 292 219 455 365 393 69 371 274 266 357 269 234 149 211 222
57 399 0 341 189 415 428 455 288 379 319 287 399 272 270 328 350 271 282 345 236 375 341 325 153 196 386 296 254 330 232 135 197 42 130 165 250 188 177
314 410 341 0 270 426 177 204 369 390 400 298 410 353 281 409 431 282 229 426 317 386 352 406 234 207 135 45 335 341 313 216 144 299 211 176 261 199 188
162 328 189 270 0 344 357 384 171 308 202 216 328 191 199 247 269 200 211 264 119 304 270 244 36 125 315 225 173 259 151 54 126 147 59 94 179 117 106
388 154 415 426 344 0 513 540 443 112 474 326 132 427 185 483 505 310 367 500 391 108 74 480 308 235 471 381 409 85 387 290 282 373 285 250 165 227 238
401 497 428 177 357 513 0 111 456 477 487 385 497 440 368 496 518 369 316 513 404 473 439 493 321 294 42 132 422 428 400 303 231 386 298 263 348 286 275
428 524 455 204 384 540 111 0 483 504 514 412 524 467 395 523 545 396 343 540 431 500 466 520 348 321 69 159 449 455 427 330 258 413 325 290 375 313 302
261 427 288 369 171 443 456 483 0 407 135 315 427 290 298 346 368 299 310 363 52 403 369 343 135 224 414 324 272 358 250 153 225 246 158 193 278 216 205
352 118 379 390 308 112 477 504 407 0 438 290 28 391 149 447 469 274 331 464 355 4 38 444 272 199 435 345 373 49 351 254 246 337 249 214 129 191 202
292 458 319 400 202 474 487 514 135 438 0 346 458 321 329 377 399 330 341 394 83 434 400 374 166 255 445 355 303 389 281 184 256 277 189 224 309 247 236
260 310 287 298 216 326 385 412 315 290 346 0 310 299 181 355 377 166 239 372 263 286 252 352 180 91 343 253 281 241 259 162 154 245 157 122 161 99 110
372 138 399 410 328 132 497 524 427 28 458 310 0 411 169 467 489 294 351 484 375 24 58 464 292 219 455 365 393 69 371 274 266 357 269 234 149 211 222
245 411 272 353 191 427 440 467 290 391 321 299 411 0 282 92 158 283 294 153 238 387 353 133 155 208 398 308 18 342 40 137 209 230 142 177 262 200 189
243 169 270 281 199 185 368 395 298 149 329 181 169 282 0 338 360 165 222 355 246 145 111 335 163 90 326 236 264 100 242 145 137 228 140 105 20 82 93
301 467 328 409 247 483 496 523 346 447 377 355 467 92 338 0 214 339 350 209 294 443 409 189 211 264 454 364 74 398 96 193 265 286 198 233 318 256 245
323 489 350 431 269 505 518 545 368 469 399 377 489 158 360 214 0 361 372 45 316 465 431 25 233 286 476 386 140 420 118 215 287 308 220 255 340 278 267
244 294 271 282 200 310 369 396 299 274 330 166 294 283 165 339 361 0 223 356 247 270 236 336 164 75 327 237 265 225 243 146 138 229 141 106 145 83 94
255 351 282 229 211 367 316 343 310 331 341 239 351 294 222 350 372 223 0 367 258 327 293 347 175 148 274 184 276 282 254 157 85 240 152 117 202 140 129
318 484 345 426 264 500 513 540 363 464 394 372 484 153 355 209 45 356 367 0 311 460 426 20 228 281 471 381 135 415 113 210 282 303 215 250 335 273 262
209 375 236 317 119 391 404 431 52 355 83 263 375 238 246 294 316 247 258 311 0 351 317 291 83 172 362 272 220 306 198 101 173 194 106 141 226 164 153
348 114 375 386 304 108 473 500 403 4 434 286 24 387 145 443 465 270 327 460 351 0 34 440 268 195 431 341 369 45 347 250 242 333 245 210 125 187 198
314 80 341 352 270 74 439 466 369 38 400 252 58 353 111 409 431 236 293 426 317 34 0 406 234 161 397 307 335 11 313 216 208 299 211 176 91 153 164
298 464 325 406 244 480 493 520 343 444 374 352 464 133 335 189 25 336 347 20 291 440 406 0 208 261 451 361 115 395 93 190 262 283 195 230 315 253 242
126 292 153 234 36 308 321 348 135 272 166 180 292 155 163 211 233 164 175 228 83 268 234 208 0 89 279 189 137 223 115 18 90 111 23 58 143 81 70
169 219 196 207 125 235 294 321 224 199 255 91 219 208 90 264 286 75 148 281 172 195 161 261 89 0 252 162 190 150 168 71 63 154 66 31 70 8 19
359 455 386 135 315 471 42 69 414 435 445 343 455 398 326 454 476 327 274 471 362 431 397 451 279 252 0 90 380 386 358 261 189 344 256 221 306 244 233
269 365 296 45 225 381 132 159 324 345 355 253 365 308 236 364 386 237 184 381 272 341 307 361 189 162 90 0 290 296 268 171 99 254 166 131 216 154 143
227 393 254 335 173 409 422 449 272 373 303 281 393 18 264 74 140 265 276 135 220 369 335 115 137 190 380 290 0 324 22 119 191 212 124 159 244 182 171
303 69 330 341 259 85 428 455 358 49 389 241 69 342 100 398 420 225 282 415 306 45 11 395 223 150 386 296 324 0 302 205 197 288 200 165 80 142 153
205 371 232 313 151 387 400 427 250 351 281 259 371 40 242 96 118 243 254 113 198 347 313 93 115 168 358 268 22 302 0 97 169 190 102 137 222 160 149
108 274 135 216 54 290 303 330 153 254 184 162 274 137 145 193 215 146 157 210 101 250 216 190 18 71 261 171 119 205 97 0 72 93 5 40 125 63 52
170 266 197 144 126 282 231 258 225 246 256 154 266 209 137 265 287 138 85 282 173 242 208 262 90 63 189 99 191 197 169 72 0 155 67 32 117 55 44
15 357 42 299 147 373 386 413 246 337 277 245 357 230 228 286 308 229 240 303 194 333 299 283 111 154 344 254 212 288 190 93 155 0 88 123 208 146 135
103 269 130 211 59 285 298 325 158 249 189 157 269 142 140 198 220 141 152 215 106 245 211 195 23 66 256 166 124 200 102 5 67 88 0 35 120 58 47
138 234 165 176 94 250 263 290 193 214 224 122 234 177 105 233 255 106 117 250 141 210 176 230 58 31 221 131 159 165 137 40 32 123 35 0 85 23 12
223 149 250 261 179 165 348 375 278 129 309 161 149 262 20 318 340 145 202 335 226 125 91 315 143 70 306 216 244 80 222 125 117 208 120 85 0 62 73
161 211 188 199 117 227 286 313 216 191 247 99 211 200 82 256 278 83 140 273 164 187 153 253 81 8 244 154 182 142 160 63 55 146 58 23 62 0 11
150 222 177 188 106 238 275 302 205 202 236 110 222 189 93 245 267 94 129 262 153 198 164 242 70 19 233 143 171 153 149 52 44 135 47 12 73 11 0
