0 341 513 358 410 524 264 466 460 449 367 462 135 377 441 279 247 571 520 315 473 82 427 428 417 369 191 116 282 202 429 351 366 338 215 296 258 282 334
341 0 424 269 321 435 373 377 371 360 278 373 312 288 352 216 356 482 431 92 384 259 338 339 328 280 300 225 59 139 340 262 277 249 126 207 169 193 245
513 424 0 355 247 521 545 125 297 446 288 299 484 374 278 388 528 408 357 398 310 431 86 265 254 206 472 397 365 311 426 188 363 175 298 217 255 279 331
358 269 355 0 252 318 390 308 302 243 209 304 329 171 283 233 373 413 362 243 315 276 269 270 259 211 317 242 210 156 223 193 160 180 143 138 100 76 128
410 321 247 252 0 418 442 200 168 343 185 170 381 271 149 285 425 279 228 295 181 328 161 136 125 77 369 294 262 208 323 59 260 72 195 114 152 176 228
524 435 521 318 418 0 556 474 468 115 375 470 495 169 449 399 539 579 528 409 481 442 435 436 425 377 483 408 376 322 95 359 158 346 309 304 266 242 190
264 373 545 390 442 556 0 498 492 481 399 494 235 409 473 311 129 603 552 347 505 182 459 460 449 401 73 148 314 234 461 383 398 370 247 328 290 314 366
466 377 125 308 200 474 498 0 250 399 241 252 437 327 231 341 481 361 310 351 263 384 39 218 207 159 425 350 318 264 379 141 316 128 251 170 208 232 284
460 371 297 302 168 468 492 250 0 393 235 184 431 321 67 335 475 197 146 345 99 378 211 54 43 91 419 344 312 258 373 109 310 122 245 164 202 226 278
449 360 446 243 343 115 481 399 393 0 300 395 420 94 374 324 464 504 453 334 406 367 360 361 350 302 408 333 301 247 20 284 83 271 234 229 191 167 115
367 278 288 209 185 375 399 241 235 300 0 237 338 228 216 242 382 346 295 252 248 285 202 203 192 144 326 251 219 165 280 126 217 113 152 71 109 133 185
462 373 299 304 170 470 494 252 184 395 237 0 433 323 165 337 477 295 244 347 197 380 213 152 141 93 421 346 314 260 375 111 312 124 247 166 204 228 280
135 312 484 329 381 495 235 437 431 420 338 433 0 348 412 250 218 542 491 286 444 53 398 399 388 340 162 87 253 173 400 322 337 309 186 267 229 253 305
377 288 374 171 271 169 409 327 321 94 228 323 348 0 302 252 392 432 381 262 334 295 288 289 278 230 336 261 229 175 74 212 11 199 162 157 119 95 43
441 352 278 283 149 449 473 231 67 374 216 165 412 302 0 316 456 156 105 326 58 359 192 13 24 72 400 325 293 239 354 90 291 103 226 145 183 207 259
279 216 388 233 285 399 311 341 335 324 242 337 250 252 316 0 294 446 395 190 348 197 302 303 292 244 238 163 157 77 304 226 241 213 90 171 133 157 209
247 356 528 373 425 539 129 481 475 464 382 477 218 392 456 294 0 586 535 330 488 165 442 443 432 384 56 131 297 217 444 366 381 353 230 311 273 297 349
571 482 408 413 279 579 603 361 197 504 346 295 542 432 156 446 586 0 145 456 98 489 322 143 154 202 530 455 423 369 484 220 421 233 356 275 313 337 389
520 431 357 362 228 528 552 310 146 453 295 244 491 381 105 395 535 145 0 405 47 438 271 92 103 151 479 404 372 318 433 169 370 182 305 224 262 286 338
315 92 398 243 295 409 347 351 345 334 252 347 286 262 326 190 330 456 405 0 358 233 312 313 302 254 274 199 33 113 314 236 251 223 100 181 143 167 219
473 384 310 315 181 481 505 263 99 406 248 197 444 334 58 348 488 98 47 358 0 391 224 45 56 104 432 357 325 271 386 122 323 135 258 177 215 239 291
82 259 431 276 328 442 182 384 378 367 285 380 53 295 359 197 165 489 438 233 391 0 345 346 335 287 109 34 200 120 347 269 284 256 133 214 176 200 252
427 338 86 269 161 435 459 39 211 360 202 213 398 288 192 302 442 322 271 312 224 345 0 179 168 120 386 311 279 225 340 102 277 89 212 131 169 193 245
428 339 265 270 136 436 460 218 54 361 203 152 399 289 13 303 443 143 92 313 45 346 179 0 11 59 387 312 280 226 341 77 278 90 213 132 170 194 246
417 328 254 259 125 425 449 207 43 350 192 141 388 278 24 292 432 154 103 302 56 335 168 11 0 48 376 301 269 215 330 66 267 79 202 121 159 183 235
369 280 206 211 77 377 401 159 91 302 144 93 340 230 72 244 384 202 151 254 104 287 120 59 48 0 328 253 221 167 282 18 219 31 154 73 111 135 187
191 300 472 317 369 483 73 425 419 408 326 421 162 336 400 238 56 530 479 274 432 109 386 387 376 328 0 75 241 161 388 310 325 297 174 255 217 241 293
116 225 397 242 294 408 148 350 344 333 251 346 87 261 325 163 131 455 404 199 357 34 311 312 301 253 75 0 166 86 313 235 250 222 99 180 142 166 218
282 59 365 210 262 376 314 318 312 301 219 314 253 229 293 157 297 423 372 33 325 200 279 280 269 221 241 166 0 80 281 203 218 190 67 148 110 134 186
202 139 311 156 208 322 234 264 258 247 165 260 173 175 239 77 217 369 318 113 271 120 225 226 215 167 161 86 80 0 227 149 164 136 13 94 56 80 132
429 340 426 223 323 95 461 379 373 20 280 375 400 74 354 304 444 484 433 314 386 347 340 341 330 282 388 313 281 227 0 264 63 251 214 209 171 147 95
351 262 188 193 59 359 383 141 109 284 126 111 322 212 90 226 366 220 169 236 122 269 102 77 66 18 310 235 203 149 264 0 201 13 136 55 93 117 169
366 277 363 160 260 158 398 316 310 83 217 312 337 11 291 241 381 421 370 251 323 284 277 278 267 219 325 250 218 164 63 201 0 188 151 146 108 84 32
338 249 175 180 72 346 370 128 122 271 113 124 309 199 103 213 353 233 182 223 135 256 89 90 79 31 297 222 190 136 251 13 188 0 123 42 80 104 156
215 126 298 143 195 309 247 251 245 234 152 247 186 162 226 90 230 356 305 100 258 133 212 213 202 154 174 99 67 13 214 136 151 123 0 81 43 67 119
296 207 217 138 114 304 328 170 164 229 71 166 267 157 145 171 311 275 224 181 177 214 131 132 121 73 255 180 148 94 209 55 146 42 81 0 38 62 114
258 169 255 100 152 266 290 208 202 191 109 204 229 119 183 133 273 313 262 143 215 176 169 170 159 111 217 142 110 56 171 93 108 80 43 38 0 24 76
282 193 279 76 176 242 314 232 226 167 133 228 253 95 207 157 297 337 286 167 239 200 193 194 183 135 241 166 134 80 147 117 84 104 67 62 24 0 52
334 245 331 128 228 190 366 284 278 115 185 280 305 43 259 209 349 389 338 219 291 252 245 246 235 187 293 218 186 132 95 169 32 156 119 114 76 52 0
