0 43 434 485 378 391 114 436 559 429 180 407 525 433 255 290 559 353 599 608 346 549 293 279 524 41 224 472 493 102 160 426 424 376 421 167 248 308 388
43 0 395 446 339 352 75 397 520 390 141 368 486 394 216 251 520 314 560 569 307 510 254 240 485 2 185 433 454 63 121 387 385 337 382 128 209 269 349
434 395 0 77 316 329 344 374 377 247 280 225 117 19 369 404 377 467 417 426 284 367 231 393 342 393 338 64 311 332 274 244 10 194 13 267 186 126 46
485 446 77 0 367 380 395 425 428 298 331 276 66 76 420 455 428 518 468 477 335 418 282 444 393 444 389 13 362 383 325 295 67 245 64 318 237 177 97
378 339 316 367 0 183 288 228 441 311 224 289 407 315 313 348 441 411 481 490 138 431 85 337 406 337 282 354 375 276 218 308 306 258 303 211 130 190 270
391 352 329 380 183 0 301 135 454 324 237 302 420 328 326 361 454 424 494 503 45 444 98 350 419 350 295 367 388 289 231 321 319 271 316 224 143 203 283
114 75 344 395 288 301 0 346 469 339 90 317 435 343 165 200 469 263 509 518 256 459 203 189 434 73 134 382 403 12 70 336 334 286 331 77 158 218 298
436 397 374 425 228 135 346 0 499 369 282 347 465 373 371 406 499 469 539 548 90 489 143 395 464 395 340 412 433 334 276 366 364 316 361 269 188 248 328
559 520 377 428 441 454 469 499 0 136 405 214 468 376 494 529 132 592 172 181 409 122 356 518 97 518 463 415 66 457 399 133 367 183 364 392 311 251 331
429 390 247 298 311 324 339 369 136 0 275 84 338 246 364 399 136 462 176 185 279 126 226 388 101 388 333 285 70 327 269 3 237 53 234 262 181 121 201
180 141 280 331 224 237 90 282 405 275 0 253 371 279 115 150 405 213 445 454 192 395 139 139 370 139 84 318 339 78 20 272 270 222 267 13 94 154 234
407 368 225 276 289 302 317 347 214 84 253 0 316 224 342 377 214 440 254 263 257 204 204 366 179 366 311 263 148 305 247 81 215 31 212 240 159 99 179
525 486 117 66 407 420 435 465 468 338 371 316 0 116 460 495 468 558 508 517 375 458 322 484 433 484 429 53 402 423 365 335 107 285 104 358 277 217 137
433 394 19 76 315 328 343 373 376 246 279 224 116 0 368 403 376 466 416 425 283 366 230 392 341 392 337 63 310 331 273 243 9 193 12 266 185 125 45
255 216 369 420 313 326 165 371 494 364 115 342 460 368 0 97 494 160 534 543 281 484 228 86 459 214 31 407 428 153 95 361 359 311 356 102 183 243 323
290 251 404 455 348 361 200 406 529 399 150 377 495 403 97 0 529 85 569 578 316 519 263 11 494 249 66 442 463 188 130 396 394 346 391 137 218 278 358
559 520 377 428 441 454 469 499 132 136 405 214 468 376 494 529 0 592 110 119 409 60 356 518 35 518 463 415 66 457 399 133 367 183 364 392 311 251 331
353 314 467 518 411 424 263 469 592 462 213 440 558 466 160 85 592 0 632 641 379 582 326 74 557 312 129 505 526 251 193 459 457 409 454 200 281 341 421
599 560 417 468 481 494 509 539 172 176 445 254 508 416 534 569 110 632 0 109 449 50 396 558 75 558 503 455 106 497 439 173 407 223 404 432 351 291 371
608 569 426 477 490 503 518 548 181 185 454 263 517 425 543 578 119 641 109 0 458 59 405 567 84 567 512 464 115 506 448 182 416 232 413 441 360 300 380
346 307 284 335 138 45 256 90 409 279 192 257 375 283 281 316 409 379 449 458 0 399 53 305 374 305 250 322 343 244 186 276 274 226 271 179 98 158 238
549 510 367 418 431 444 459 489 122 126 395 204 458 366 484 519 60 582 50 59 399 0 346 508 25 508 453 405 56 447 389 123 357 173 354 382 301 241 321
293 254 231 282 85 98 203 143 356 226 139 204 322 230 228 263 356 326 396 405 53 346 0 252 321 252 197 269 290 191 133 223 221 173 218 126 45 105 185
279 240 393 444 337 350 189 395 518 388 139 366 484 392 86 11 518 74 558 567 305 508 252 0 483 238 55 431 452 177 119 385 383 335 380 126 207 267 347
524 485 342 393 406 419 434 464 97 101 370 179 433 341 459 494 35 557 75 84 374 25 321 483 0 483 428 380 31 422 364 98 332 148 329 357 276 216 296
41 2 393 444 337 350 73 395 518 388 139 366 484 392 214 249 518 312 558 567 305 508 252 238 483 0 183 431 452 61 119 385 383 335 380 126 207 267 347
224 185 338 389 282 295 134 340 463 333 84 311 429 337 31 66 463 129 503 512 250 453 197 55 428 183 0 376 397 122 64 330 328 280 325 71 152 212 292
472 433 64 13 354 367 382 412 415 285 318 263 53 63 407 442 415 505 455 464 322 405 269 431 380 431 376 0 349 370 312 282 54 232 51 305 224 164 84
493 454 311 362 375 388 403 433 66 70 339 148 402 310 428 463 66 526 106 115 343 56 290 452 31 452 397 349 0 391 333 67 301 117 298 326 245 185 265
102 63 332 383 276 289 12 334 457 327 78 305 423 331 153 188 457 251 497 506 244 447 191 177 422 61 122 370 391 0 58 324 322 274 319 65 146 206 286
160 121 274 325 218 231 70 276 399 269 20 247 365 273 95 130 399 193 439 448 186 389 133 119 364 119 64 312 333 58 0 266 264 216 261 7 88 148 228
426 387 244 295 308 321 336 366 133 3 272 81 335 243 361 396 133 459 173 182 276 123 223 385 98 385 330 282 67 324 266 0 234 50 231 259 178 118 198
424 385 10 67 306 319 334 364 367 237 270 215 107 9 359 394 367 457 407 416 274 357 221 383 332 383 328 54 301 322 264 234 0 184 3 257 176 116 36
376 337 194 245 258 271 286 316 183 53 222 31 285 193 311 346 183 409 223 232 226 173 173 335 148 335 280 232 117 274 216 50 184 0 181 209 128 68 148
421 382 13 64 303 316 331 361 364 234 267 212 104 12 356 391 364 454 404 413 271 354 218 380 329 380 325 51 298 319 261 231 3 181 0 254 173 113 33
167 128 267 318 211 224 77 269 392 262 13 240 358 266 102 137 392 200 432 441 179 382 126 126 357 126 71 305 326 65 7 259 257 209 254 0 81 141 221
248 209 186 237 130 143 158 188 311 181 94 159 277 185 183 218 311 281 351 360 98 301 45 207 276 207 152 224 245 146 88 178 176 128 173 81 0 60 140
308 269 126 177 190 203 218 248 251 121 154 99 217 125 243 278 251 341 291 300 158 241 105 267 216 267 212 164 185 206 148 118 116 68 113 141 60 0 80
388 349 46 97 270 283 298 328 331 201 234 179 137 45 323 358 331 421 371 380 238 321 185 347 296 347 292 84 265 286 228 198 36 148 33 221 140 80 0
