0 390 359 356 260 454 316 398 340 256 383 517 482 575 502 310 287 584 268 205 410 501 267 191 317 171 421 321 417 221 314 125 381 373 87 294 219 145 224
390 0 459 456 476 256 532 498 440 356 185 319 284 377 304 526 503 386 484 421 212 303 483 407 417 387 223 421 219 437 414 341 183 175 303 96 319 245 166
359 459 0 73 445 523 501 129 71 177 452 586 551 644 571 495 472 653 453 390 479 570 452 376 48 356 490 38 486 406 45 310 450 442 272 363 140 214 293
356 456 73 0 442 520 498 126 68 174 449 583 548 641 568 492 469 650 450 387 476 567 449 373 45 353 487 35 483 403 42 307 447 439 269 360 137 211 290
260 476 445 442 0 540 326 484 426 342 469 603 568 661 588 128 297 670 278 215 496 587 277 201 403 181 507 407 503 39 400 135 467 459 173 380 305 231 310
454 256 523 520 540 0 596 562 504 420 75 137 190 195 210 590 567 204 548 485 118 121 547 471 481 451 41 485 37 501 478 405 73 81 367 160 383 309 230
316 532 501 498 326 596 0 540 482 398 525 659 624 717 644 376 69 726 242 179 552 643 49 165 459 145 563 463 559 287 456 191 523 515 229 436 361 287 366
398 498 129 126 484 562 540 0 104 216 491 625 590 683 610 534 511 692 492 429 518 609 491 415 81 395 529 91 525 445 84 349 489 481 311 402 179 253 332
340 440 71 68 426 504 482 104 0 158 433 567 532 625 552 476 453 634 434 371 460 551 433 357 23 337 471 33 467 387 26 291 431 423 253 344 121 195 274
256 356 177 174 342 420 398 216 158 0 349 483 448 541 468 392 369 550 350 287 376 467 349 273 135 253 387 139 383 303 132 207 347 339 169 260 37 111 190
383 185 452 449 469 75 525 491 433 349 0 138 119 196 139 519 496 205 477 414 47 122 476 400 410 380 42 414 38 430 407 334 2 10 296 89 312 238 159
517 319 586 583 603 137 659 625 567 483 138 0 253 250 273 653 630 259 611 548 181 176 610 534 544 514 96 548 100 564 541 468 136 144 430 223 446 372 293
482 284 551 548 568 190 624 590 532 448 119 253 0 311 164 618 595 320 576 513 72 237 575 499 509 479 157 513 153 529 506 433 117 109 395 188 411 337 258
575 377 644 641 661 195 717 683 625 541 196 250 311 0 331 711 688 157 669 606 239 74 668 592 602 572 154 606 158 622 599 526 194 202 488 281 504 430 351
502 304 571 568 588 210 644 610 552 468 139 273 164 331 0 638 615 340 596 533 92 257 595 519 529 499 177 533 173 549 526 453 137 129 415 208 431 357 278
310 526 495 492 128 590 376 534 476 392 519 653 618 711 638 0 347 720 328 265 546 637 327 251 453 231 557 457 553 89 450 185 517 509 223 430 355 281 360
287 503 472 469 297 567 69 511 453 369 496 630 595 688 615 347 0 697 213 150 523 614 20 136 430 116 534 434 530 258 427 162 494 486 200 407 332 258 337
584 386 653 650 670 204 726 692 634 550 205 259 320 157 340 720 697 0 678 615 248 83 677 601 611 581 163 615 167 631 608 535 203 211 497 290 513 439 360
268 484 453 450 278 548 242 492 434 350 477 611 576 669 596 328 213 678 0 91 504 595 193 77 411 97 515 415 511 239 408 143 475 467 181 388 313 239 318
205 421 390 387 215 485 179 429 371 287 414 548 513 606 533 265 150 615 91 0 441 532 130 14 348 34 452 352 448 176 345 80 412 404 118 325 250 176 255
410 212 479 476 496 118 552 518 460 376 47 181 72 239 92 546 523 248 504 441 0 165 503 427 437 407 85 441 81 457 434 361 45 37 323 116 339 265 186
501 303 570 567 587 121 643 609 551 467 122 176 237 74 257 637 614 83 595 532 165 0 594 518 528 498 80 532 84 548 525 452 120 128 414 207 430 356 277
267 483 452 449 277 547 49 491 433 349 476 610 575 668 595 327 20 677 193 130 503 594 0 116 410 96 514 414 510 238 407 142 474 466 180 387 312 238 317
191 407 376 373 201 471 165 415 357 273 400 534 499 592 519 251 136 601 77 14 427 518 116 0 334 20 438 338 434 162 331 66 398 390 104 311 236 162 241
317 417 48 45 403 481 459 81 23 135 410 544 509 602 529 453 430 611 411 348 437 528 410 334 0 314 448 10 444 364 3 268 408 400 230 321 98 172 251
171 387 356 353 181 451 145 395 337 253 380 514 479 572 499 231 116 581 97 34 407 498 96 20 314 0 418 318 414 142 311 46 378 370 84 291 216 142 221
421 223 490 487 507 41 563 529 471 387 42 96 157 154 177 557 534 163 515 452 85 80 514 438 448 418 0 452 4 468 445 372 40 48 334 127 350 276 197
321 421 38 35 407 485 463 91 33 139 414 548 513 606 533 457 434 615 415 352 441 532 414 338 10 318 452 0 448 368 7 272 412 404 234 325 102 176 255
417 219 486 483 503 37 559 525 467 383 38 100 153 158 173 553 530 167 511 448 81 84 510 434 444 414 4 448 0 464 441 368 36 44 330 123 346 272 193
221 437 406 403 39 501 287 445 387 303 430 564 529 622 549 89 258 631 239 176 457 548 238 162 364 142 468 368 464 0 361 96 428 420 134 341 266 192 271
314 414 45 42 400 478 456 84 26 132 407 541 506 599 526 450 427 608 408 345 434 525 407 331 3 311 445 7 441 361 0 265 405 397 227 318 95 169 248
125 341 310 307 135 405 191 349 291 207 334 468 433 526 453 185 162 535 143 80 361 452 142 66 268 46 372 272 368 96 265 0 332 324 38 245 170 96 175
381 183 450 447 467 73 523 489 431 347 2 136 117 194 137 517 494 203 475 412 45 120 474 398 408 378 40 412 36 428 405 332 0 8 294 87 310 236 157
373 175 442 439 459 81 515 481 423 339 10 144 109 202 129 509 486 211 467 404 37 128 466 390 400 370 48 404 44 420 397 324 8 0 286 79 302 228 149
87 303 272 269 173 367 229 311 253 169 296 430 395 488 415 223 200 497 181 118 323 414 180 104 230 84 334 234 330 134 227 38 294 286 0 207 132 58 137
294 96 363 360 380 160 436 402 344 260 89 223 188 281 208 430 407 290 388 325 116 207 387 311 321 291 127 325 123 341 318 245 87 79 207 0 223 149 70
219 319 140 137 305 383 361 179 121 37 312 446 411 504 431 355 332 513 313 250 339 430 312 236 98 216 350 102 346 266 95 170 310 302 132 223 0 74 153
145 245 214 211 231 309 287 253 195 111 238 372 337 430 357 281 258 439 239 176 265 356 238 162 172 142 276 176 272 192 169 96 236 228 58 149 74 0 79
224 166 293 290 310 230 366 332 274 190 159 293 258 351 278 360 337 360 318 255 186 277 317 241 251 221 197 255 193 271 248 175 157 149 137 70 153 79 0
