0 311 296 304 195 288 304 501 182 202 351 297 385 208 370 286 291 121 301 384 229 278 391 272 294 201 179 115 171 56 347 134 240 29 108 294 215 136 184
311 0 26 405 473 213 430 606 284 208 458 424 505 498 506 424 556 394 559 500 490 411 510 405 29 116 433 390 140 336 476 216 371 274 240 422 331 250 319
296 26 0 381 432 204 404 585 246 191 453 398 493 449 480 407 536 373 540 480 466 379 478 365 11 114 413 366 125 303 434 166 323 272 187 377 304 224 284
304 405 381 0 443 396 330 509 263 307 359 347 422 455 421 329 519 366 518 410 464 310 419 289 399 281 426 370 252 305 365 214 276 284 183 333 244 160 112
195 473 432 443 0 417 422 644 293 393 490 451 544 154 541 465 228 180 242 548 179 414 522 419 426 325 135 63 291 112 477 249 384 156 231 452 350 289 352
288 213 204 396 417 0 382 557 219 150 434 394 492 443 476 404 542 353 535 488 460 361 443 354 194 114 442 356 122 326 438 169 324 254 173 386 287 224 267
304 430 404 330 422 382 0 387 288 335 91 127 275 451 260 148 550 358 565 268 464 105 264 20 380 281 430 362 273 303 227 201 45 250 188 183 92 162 222
501 606 585 509 644 557 387 0 466 526 402 366 128 634 283 371 741 574 721 289 665 340 106 375 584 480 620 560 457 492 238 404 304 456 394 198 299 345 417
182 284 246 263 293 219 288 466 0 180 320 276 379 346 379 292 428 271 443 377 343 274 384 269 239 135 314 262 114 208 340 57 223 166 93 282 206 111 179
202 208 191 307 393 150 335 526 180 0 369 331 426 400 416 350 483 303 480 442 407 319 428 301 193 93 356 292 60 240 393 118 272 201 127 327 222 170 227
351 458 453 359 490 434 91 402 320 369 0 176 317 490 314 157 573 412 584 312 508 159 308 91 416 325 461 403 315 355 267 248 107 316 250 226 132 191 251
297 424 398 347 451 394 127 366 276 331 176 0 258 443 291 52 542 354 562 278 475 17 249 118 375 308 431 362 266 328 235 217 58 285 207 194 75 185 235
385 505 493 422 544 492 275 128 379 426 317 258 0 540 159 290 642 456 637 195 564 269 21 249 491 393 517 455 373 415 155 312 213 368 303 102 178 246 332
208 498 449 455 154 443 451 634 346 400 490 443 540 0 541 457 125 203 132 557 54 439 538 406 459 343 28 80 314 134 500 281 405 171 255 434 385 275 340
370 506 480 421 541 476 260 283 379 416 314 291 159 541 0 291 632 447 653 83 556 260 178 245 479 382 526 461 381 391 40 308 217 377 304 97 168 242 313
286 424 407 329 465 404 148 371 292 350 157 52 290 457 291 0 554 380 568 291 489 10 261 111 389 295 439 376 287 314 252 250 74 294 186 188 105 183 237
291 556 536 519 228 542 550 741 428 483 573 542 642 125 632 554 0 288 141 632 65 526 641 527 541 432 114 177 403 229 590 358 478 264 328 541 435 361 447
121 394 373 366 180 353 358 574 271 303 412 354 456 203 447 380 288 0 301 475 218 352 452 334 351 276 179 122 250 63 420 189 317 83 178 390 275 220 273
301 559 540 518 242 535 565 721 443 480 584 562 637 132 653 568 141 301 0 645 82 522 631 524 543 445 114 183 416 231 600 358 476 267 367 570 459 399 457
384 500 480 410 548 488 268 289 377 442 312 278 195 557 83 291 632 475 645 0 564 262 184 253 506 395 546 474 367 420 47 316 228 375 301 100 185 274 334
229 490 466 464 179 460 464 665 343 407 508 475 564 54 556 489 65 218 82 564 0 463 574 474 474 362 36 112 346 147 548 277 423 209 285 476 382 330 370
278 411 379 310 414 361 105 340 274 319 159 17 269 439 260 10 526 352 522 262 463 0 253 75 375 265 411 356 242 287 221 207 34 264 171 162 76 161 214
391 510 478 419 522 443 264 106 384 428 308 249 21 538 178 261 641 452 631 184 574 253 0 246 487 384 529 455 343 403 132 313 206 367 292 68 177 253 324
272 405 365 289 419 354 20 375 269 301 91 118 249 406 245 111 527 334 524 253 474 75 246 0 371 260 388 332 240 295 188 205 48 246 170 146 72 128 194
294 29 11 399 426 194 380 584 239 193 416 375 491 459 479 389 541 351 543 506 474 375 487 371 0 118 438 374 124 314 445 183 322 259 197 387 295 214 282
201 116 114 281 325 114 281 480 135 93 325 308 393 343 382 295 432 276 445 395 362 265 384 260 118 0 335 279 36 200 342 73 216 168 85 291 203 145 203
179 433 413 426 135 442 430 620 314 356 461 431 517 28 526 439 114 179 114 546 36 411 529 388 438 335 0 75 299 113 472 253 386 166 235 433 338 264 331
115 390 366 370 63 356 362 560 262 292 403 362 455 80 461 376 177 122 183 474 112 356 455 332 374 279 75 0 214 61 415 163 306 105 183 351 299 199 275
171 140 125 252 291 122 273 457 114 60 315 266 373 314 381 287 403 250 416 367 346 242 343 240 124 36 299 214 0 163 310 34 195 141 80 280 157 104 180
56 336 303 305 112 326 303 492 208 240 355 328 415 134 391 314 229 63 231 420 147 287 403 295 314 200 113 61 163 0 366 149 241 47 112 327 238 145 214
347 476 434 365 477 438 227 238 340 393 267 235 155 500 40 252 590 420 600 47 548 221 132 188 445 342 472 415 310 366 0 268 174 319 265 50 146 205 268
134 216 166 214 249 169 201 404 57 118 248 217 312 281 308 250 358 189 358 316 277 207 313 205 183 73 253 163 34 149 268 0 128 101 16 230 136 58 121
240 371 323 276 384 324 45 304 223 272 107 58 213 405 217 74 478 317 476 228 423 34 206 48 322 216 386 306 195 241 174 128 0 222 110 128 26 88 154
29 274 272 284 156 254 250 456 166 201 316 285 368 171 377 294 264 83 267 375 209 264 367 246 259 168 166 105 141 47 319 101 222 0 64 277 194 93 162
108 240 187 183 231 173 188 394 93 127 250 207 303 255 304 186 328 178 367 301 285 171 292 170 197 85 235 183 80 112 265 16 110 64 0 209 118 38 98
294 422 377 333 452 386 183 198 282 327 226 194 102 434 97 188 541 390 570 100 476 162 68 146 387 291 433 351 280 327 50 230 128 277 209 0 100 156 228
215 331 304 244 350 287 92 299 206 222 132 75 178 385 168 105 435 275 459 185 382 76 177 72 295 203 338 299 157 238 146 136 26 194 118 100 0 75 138
136 250 224 160 289 224 162 345 111 170 191 185 246 275 242 183 361 220 399 274 330 161 253 128 214 145 264 199 104 145 205 58 88 93 38 156 75 0 65
184 319 284 112 352 267 222 417 179 227 251 235 332 340 313 237 447 273 457 334 370 214 324 194 282 203 331 275 180 214 268 121 154 162 98 228 138 65 0
