0 204 56 380 129 365 379 191 282 376 344 432 421 297 240 468 280 269 296 314 384 366 39 123 295 334 70 318 272 218 217 299 256 294 190 184 199 137 175
204 0 208 244 220 182 201 253 202 289 256 247 260 197 144 297 204 177 198 238 244 191 178 180 182 157 142 142 113 121 135 234 164 189 110 81 15 71 35
56 208 0 414 155 367 400 206 298 390 327 446 434 298 230 475 299 292 324 323 398 338 39 121 279 340 70 331 270 213 214 295 263 287 200 224 187 135 202
380 244 414 0 430 237 118 456 399 485 465 282 277 392 348 314 402 397 410 462 254 217 372 370 390 184 330 68 112 340 323 398 340 399 285 298 223 267 217
129 220 155 430 0 387 406 155 299 409 355 450 461 305 251 470 313 293 325 343 433 371 137 45 305 353 78 354 295 248 227 322 285 322 214 190 205 166 198
365 182 367 237 387 0 201 447 357 458 415 73 135 378 301 185 345 346 384 390 99 5 317 338 357 28 317 135 83 279 279 364 299 343 251 260 173 213 189
379 201 400 118 406 201 0 438 393 464 411 262 240 385 339 301 380 358 417 441 239 185 329 342 342 164 307 72 114 307 303 387 334 373 284 271 191 229 203
191 253 206 456 155 447 438 0 346 444 399 505 486 341 298 537 351 334 355 392 475 422 164 103 345 391 123 396 343 278 275 367 311 329 269 274 245 193 258
282 202 298 399 299 357 393 346 0 276 139 438 418 214 146 467 182 163 218 230 393 364 264 265 198 343 221 320 258 113 137 216 43 180 103 99 194 160 182
376 289 390 485 409 458 464 444 276 0 342 524 509 104 236 567 285 291 143 159 473 442 340 346 102 403 310 405 363 196 211 113 236 90 187 193 283 236 287
344 256 327 465 355 415 411 399 139 342 0 486 489 244 175 503 249 232 277 288 447 411 295 312 242 379 275 376 317 174 162 250 91 257 151 164 242 200 218
432 247 446 282 450 73 262 505 438 524 486 0 195 451 366 228 429 419 461 461 169 76 397 398 420 93 366 191 154 356 360 434 383 407 335 315 244 294 257
421 260 434 277 461 135 240 486 418 509 489 195 0 425 364 93 424 409 444 472 28 132 413 410 404 90 361 197 150 366 348 428 369 414 341 317 225 297 234
297 197 298 392 305 378 385 341 214 104 244 451 425 0 118 456 177 183 27 47 392 366 269 242 -10 314 229 326 265 133 118 -3 132 15 116 99 187 146 186
240 144 230 348 251 301 339 298 146 236 175 366 364 118 0 411 104 95 149 171 342 296 193 199 129 275 172 262 212 18 22 149 95 122 44 59 127 84 156
468 297 475 314 470 185 301 537 467 567 503 228 93 456 411 0 478 424 474 498 92 173 416 442 463 140 411 249 187 405 384 480 414 454 364 343 281 318 290
280 204 299 402 313 345 380 351 182 285 249 429 424 177 104 478 0 126 211 234 395 359 259 265 176 325 230 329 265 78 65 209 148 180 75 99 193 137 166
269 177 292 397 293 346 358 334 163 291 232 419 409 183 95 424 126 0 205 233 381 337 238 250 182 313 214 323 259 52 71 200 149 167 80 83 183 114 153
296 198 324 410 325 384 417 355 218 143 277 461 444 27 149 474 211 205 0 24 392 372 253 287 11 336 247 324 258 164 141 7 148 21 123 116 201 144 190
314 238 323 462 343 390 441 392 230 159 288 461 472 47 171 498 234 233 24 0 444 390 283 307 29 348 255 351 295 177 154 25 188 55 150 154 225 196 222
384 244 398 254 433 99 239 475 393 473 447 169 28 392 342 92 395 381 392 444 0 101 359 385 404 71 338 160 126 319 304 414 352 373 299 296 196 244 217
366 191 338 217 371 5 185 422 364 442 411 76 132 366 296 173 359 337 372 390 101 0 310 330 347 25 299 118 79 260 288 377 318 354 240 245 165 203 173
39 178 39 372 137 317 329 164 264 340 295 397 413 269 193 416 259 238 253 283 359 310 0 74 256 305 38 300 253 175 192 255 202 244 165 158 155 118 138
123 180 121 370 45 338 342 103 265 346 312 398 410 242 199 442 265 250 287 307 385 330 74 0 236 317 48 306 266 188 189 267 227 280 163 172 168 125 132
295 182 279 390 305 357 342 345 198 102 242 420 404 -10 129 463 176 182 11 29 404 347 256 236 0 317 211 300 253 119 127 19 150 -3 94 101 181 135 173
334 157 340 184 353 28 164 391 343 403 379 93 90 314 275 140 325 313 336 348 71 25 305 317 317 0 252 109 32 249 261 334 295 315 233 226 146 172 163
70 142 70 330 78 317 307 123 221 310 275 366 361 229 172 411 230 214 247 255 338 299 38 48 211 252 0 263 215 154 142 227 177 220 133 134 116 64 119
318 142 331 68 354 135 72 396 320 405 376 191 197 326 262 249 329 323 324 351 160 118 300 306 300 109 263 0 50 247 244 334 275 325 232 213 122 195 133
272 113 270 112 295 83 114 343 258 363 317 154 150 265 212 187 265 259 258 295 126 79 253 266 253 32 215 50 0 201 205 262 215 247 162 160 68 116 101
218 121 213 340 248 279 307 278 113 196 174 356 366 133 18 405 78 52 164 177 319 260 175 188 119 249 154 247 201 0 7 145 70 120 21 26 107 72 104
217 135 214 323 227 279 303 275 137 211 162 360 348 118 22 384 65 71 141 154 304 288 192 189 127 261 142 244 205 7 0 145 55 118 11 23 122 84 94
299 234 295 398 322 364 387 367 216 113 250 434 428 -3 149 480 209 200 7 25 414 377 255 267 19 334 227 334 262 145 145 0 180 3 125 119 218 154 184
256 164 263 340 285 299 334 311 43 236 91 383 369 132 95 414 148 149 148 188 352 318 202 227 150 295 177 275 215 70 55 180 0 136 37 53 148 81 120
294 189 287 399 322 343 373 329 180 90 257 407 414 15 122 454 180 167 21 55 373 354 244 280 -3 315 220 325 247 120 118 3 136 0 99 65 184 142 169
190 110 200 285 214 251 284 269 103 187 151 335 341 116 44 364 75 80 123 150 299 240 165 163 94 233 133 232 162 21 11 125 37 99 0 31 73 39 92
184 81 224 298 190 260 271 274 99 193 164 315 317 99 59 343 99 83 116 154 296 245 158 172 101 226 134 213 160 26 23 119 53 65 31 0 69 40 66
199 15 187 223 205 173 191 245 194 283 242 244 225 187 127 281 193 183 201 225 196 165 155 168 181 146 116 122 68 107 122 218 148 184 73 69 0 59 6
137 71 135 267 166 213 229 193 160 236 200 294 297 146 84 318 137 114 144 196 244 203 118 125 135 172 64 195 116 72 84 154 81 142 39 40 59 0 47
175 35 202 217 198 189 203 258 182 287 218 257 234 186 156 290 166 153 190 222 217 173 138 132 173 163 119 133 101 104 94 184 120 169 92 66 6 47 0
