0 182 284 368 444 274 369 230 371 377 401 400 410 143 279 419 331 325 392 374 364 329 89 209 334 296 106 348 264 270 261 294 250 237 219 172 153 140 168
182 0 239 211 268 163 263 204 293 249 243 215 278 122 156 288 222 204 301 257 221 188 102 146 212 117 83 191 91 147 130 188 154 116 90 63 4 50 21
284 239 0 439 507 318 412 120 444 424 444 441 466 222 338 505 381 370 472 427 451 388 171 75 372 346 164 413 321 320 297 344 312 286 263 243 237 205 213
368 211 439 0 268 352 460 407 456 470 236 98 206 330 376 237 396 420 475 463 182 18 288 380 409 88 273 208 117 344 336 387 354 296 281 269 200 252 208
444 268 507 268 0 425 487 453 541 512 145 301 359 385 406 334 452 453 551 511 298 258 355 409 442 222 335 76 185 403 384 447 418 368 350 305 277 289 281
274 163 318 352 425 0 96 293 324 310 379 363 398 233 133 414 195 197 341 311 355 306 160 263 258 280 157 306 231 125 86 267 -6 165 65 98 128 123 132
369 263 412 460 487 96 0 399 416 403 456 439 475 320 246 486 268 281 437 392 429 401 281 358 344 358 283 416 312 210 197 311 106 251 154 181 240 224 232
230 204 120 407 453 293 399 0 425 410 400 402 443 203 330 459 356 342 427 416 408 356 164 31 343 316 161 372 266 302 275 341 291 264 240 212 181 179 190
371 293 444 456 541 324 416 425 0 140 471 483 506 331 340 515 378 383 312 296 484 425 291 375 70 390 284 436 377 322 304 231 326 164 279 221 268 235 268
377 249 424 470 512 310 403 410 140 0 467 468 507 333 317 508 357 366 313 280 454 422 282 373 40 383 286 409 342 307 289 200 277 156 266 212 262 225 215
401 243 444 236 145 379 456 400 471 467 0 251 289 332 375 317 400 419 471 483 255 195 289 364 423 162 284 20 111 360 350 394 356 347 292 264 216 246 211
400 215 441 98 301 363 439 402 483 468 251 0 232 353 363 227 417 406 480 482 180 52 275 369 420 89 269 210 123 352 335 379 348 318 290 264 219 222 237
410 278 466 206 359 398 475 443 506 507 289 232 0 385 417 101 427 450 518 489 42 181 341 392 468 126 313 260 172 402 367 424 392 352 341 294 253 266 271
143 122 222 330 385 233 320 203 331 333 332 353 385 0 218 391 294 281 355 338 339 279 38 150 274 243 67 299 226 234 203 248 222 180 179 130 142 97 120
279 156 338 376 406 133 246 330 340 317 375 363 417 218 0 426 111 110 340 305 369 315 194 269 276 276 173 305 251 54 58 252 118 189 72 116 141 124 139
419 288 505 237 334 414 486 459 515 508 317 227 101 391 426 0 469 448 512 497 46 192 332 413 451 129 323 277 194 398 381 442 404 378 331 293 272 271 274
331 222 381 396 452 195 268 356 378 357 400 417 427 294 111 469 0 107 397 382 400 350 229 302 319 315 210 381 292 53 71 283 192 212 131 183 190 167 163
325 204 370 420 453 197 281 342 383 366 419 406 450 281 110 448 107 0 362 370 389 349 238 305 298 320 211 351 279 53 66 302 165 221 121 161 190 177 189
392 301 472 475 551 341 437 427 312 313 471 480 518 355 340 512 397 362 0 147 484 428 307 383 256 394 303 427 343 329 298 99 328 163 251 236 263 241 267
374 257 427 463 511 311 392 416 296 280 483 482 489 338 305 497 382 370 147 0 463 426 266 337 228 352 263 425 326 294 288 62 293 148 234 211 259 208 235
364 221 451 182 298 355 429 408 484 454 255 180 42 339 369 46 400 389 484 463 0 143 293 359 405 97 275 229 122 349 328 377 360 311 274 258 203 223 217
329 188 388 18 258 306 401 356 425 422 195 52 181 279 315 192 350 349 428 426 143 0 248 308 340 30 234 141 81 294 277 327 307 255 220 190 182 199 163
89 102 171 288 355 160 281 164 291 282 289 275 341 38 194 332 229 238 307 266 293 248 0 93 237 209 20 248 178 156 159 205 190 134 120 89 65 65 63
209 146 75 380 409 263 358 31 375 373 364 369 392 150 269 413 302 305 383 337 359 308 93 0 299 273 86 324 256 258 236 276 252 207 210 145 157 126 140
334 212 372 409 442 258 344 343 70 40 423 420 468 274 276 451 319 298 256 228 405 340 237 299 0 311 227 368 281 257 235 154 257 72 171 163 193 188 192
296 117 346 88 222 280 358 316 390 383 162 89 126 243 276 129 315 320 394 352 97 30 209 273 311 0 179 118 21 253 255 288 253 231 186 166 120 131 128
106 83 164 273 335 157 283 161 284 286 284 269 313 67 173 323 210 211 303 263 275 234 20 86 227 179 0 240 153 168 131 201 170 139 90 53 81 44 47
348 191 413 208 76 306 416 372 436 409 20 210 260 299 305 277 381 351 427 425 229 141 248 324 368 118 240 0 83 336 293 354 315 287 262 193 176 205 196
264 91 321 117 185 231 312 266 377 342 111 123 172 226 251 194 292 279 343 326 122 81 178 256 281 21 153 83 0 218 192 269 235 189 176 130 90 114 76
270 147 320 344 403 125 210 302 322 307 360 352 402 234 54 398 53 53 329 294 349 294 156 258 257 253 168 336 218 0 32 227 124 168 56 86 145 110 138
261 130 297 336 384 86 197 275 304 289 350 335 367 203 58 381 71 66 298 288 328 277 159 236 235 255 131 293 192 32 0 197 104 122 35 73 119 94 111
294 188 344 387 447 267 311 341 231 200 394 379 424 248 252 442 283 302 99 62 377 327 205 276 154 288 201 354 269 227 197 0 249 89 161 128 183 153 158
250 154 312 354 418 -6 106 291 326 277 356 348 392 222 118 404 192 165 328 293 360 307 190 252 257 253 170 315 235 124 104 249 0 151 76 95 142 105 132
237 116 286 296 368 165 251 264 164 156 347 318 352 180 189 378 212 221 163 148 311 255 134 207 72 231 139 287 189 168 122 89 151 0 95 51 103 86 93
219 90 263 281 350 65 154 240 279 266 292 290 341 179 72 331 131 121 251 234 274 220 120 210 171 186 90 262 176 56 35 161 76 95 0 23 73 70 68
172 63 243 269 305 98 181 212 221 212 264 264 294 130 116 293 183 161 236 211 258 190 89 145 163 166 53 193 130 86 73 128 95 51 23 0 30 9 33
153 4 237 200 277 128 240 181 268 262 216 219 253 142 141 272 190 190 263 259 203 182 65 157 193 120 81 176 90 145 119 183 142 103 73 30 0 23 9
140 50 205 252 289 123 224 179 235 225 246 222 266 97 124 271 167 177 241 208 223 199 65 126 188 131 44 205 114 110 94 153 105 86 70 9 23 0 6
168 21 213 208 281 132 232 190 268 215 211 237 271 120 139 274 163 189 267 235 217 163 63 140 192 128 47 196 76 138 111 158 132 93 68 33 9 6 0
