0 338 127 350 298 282 308 186 353 389 338 403 408 135 355 353 422 442 366 413 323 339 88 111 323 296 109 274 250 407 321 370 266 284 240 206 233 138 231
338 0 267 203 166 330 336 334 371 425 180 231 241 294 414 207 471 479 419 449 189 168 242 226 340 148 224 124 94 438 389 405 291 317 289 251 65 190 96
127 267 0 306 260 233 240 95 297 337 288 335 370 128 310 304 371 396 329 361 257 275 51 4 246 225 34 219 179 356 275 298 203 254 192 134 193 90 159
350 203 306 0 190 378 375 363 442 481 227 92 165 339 445 135 520 511 468 505 87 29 269 279 383 68 256 168 130 478 398 426 352 365 333 285 118 207 151
298 166 260 190 0 311 330 321 376 407 91 212 234 294 376 176 458 477 409 449 141 155 232 240 350 140 208 24 72 418 331 380 279 308 280 235 62 176 63
282 330 233 378 311 0 78 308 226 281 365 399 423 296 167 377 228 260 279 322 337 346 217 208 199 311 201 295 247 197 128 261 29 157 39 96 254 157 242
308 336 240 375 330 78 0 332 241 292 376 422 441 308 184 387 240 269 301 317 351 363 218 229 214 297 189 300 274 210 124 267 44 201 55 109 246 158 253
186 334 95 363 321 308 332 0 365 403 374 390 423 201 395 375 446 447 401 425 331 339 118 92 331 313 113 301 258 415 349 400 289 304 256 204 249 132 244
353 371 297 442 376 226 241 365 0 127 413 490 490 331 302 420 398 390 157 161 397 407 269 297 34 356 261 356 311 347 268 129 216 73 200 162 316 223 304
389 425 337 481 407 281 292 403 127 0 466 516 531 397 361 487 419 425 198 243 438 458 323 314 79 379 302 400 347 382 321 152 238 92 245 201 348 253 340
338 180 288 227 91 365 376 374 413 466 0 262 269 330 439 223 495 498 448 459 192 184 256 272 397 145 250 65 82 466 410 407 332 343 294 269 100 185 98
403 231 335 92 212 399 422 390 490 516 262 0 231 389 468 178 534 545 500 538 126 74 317 333 427 100 311 197 151 521 433 502 370 409 368 327 166 243 161
408 241 370 165 234 423 441 423 490 531 269 231 0 383 508 108 550 567 521 538 78 137 338 347 454 104 307 231 163 537 465 490 380 431 367 332 166 275 192
135 294 128 339 294 296 308 201 331 397 330 389 383 0 360 379 416 432 397 414 309 304 73 110 298 287 64 281 220 382 301 358 241 284 235 199 233 125 206
355 414 310 445 376 167 184 395 302 361 439 468 508 360 0 471 157 163 347 394 419 411 279 293 274 383 279 374 324 127 35 335 139 257 132 162 320 236 326
353 207 304 135 176 377 387 375 420 487 223 178 108 379 471 0 523 521 466 508 36 124 278 296 406 47 285 175 133 483 402 457 339 380 333 271 119 226 134
422 471 371 520 458 228 240 446 398 419 495 534 550 416 157 523 0 50 417 469 482 484 357 348 332 457 340 428 394 26 109 382 220 307 177 230 387 285 368
442 479 396 511 477 260 269 447 390 425 498 545 567 432 163 521 50 0 417 447 487 489 350 372 368 456 365 436 388 34 113 390 213 331 188 238 401 311 380
366 419 329 468 409 279 301 401 157 198 448 500 521 397 347 466 417 417 0 74 443 448 317 312 91 428 290 380 348 387 302 36 246 97 217 194 352 237 329
413 449 361 505 449 322 317 425 161 243 459 538 538 414 394 508 469 447 74 0 485 464 322 354 132 413 342 418 376 419 324 56 281 114 259 233 389 287 369
323 189 257 87 141 337 351 331 397 438 192 126 78 309 419 36 482 487 443 485 0 67 249 254 362 38 244 136 89 433 386 409 325 338 299 246 83 188 107
339 168 275 29 155 346 363 339 407 458 184 74 137 304 411 124 484 489 448 464 67 0 260 254 392 26 234 123 79 464 379 422 318 355 293 245 102 191 124
88 242 51 269 232 217 218 118 269 323 256 317 338 73 279 278 357 350 317 322 249 260 0 34 241 211 -6 204 168 318 271 282 173 221 165 124 143 71 160
111 226 4 279 240 208 229 92 297 314 272 333 347 110 293 296 348 372 312 354 254 254 34 0 239 199 23 192 164 319 261 298 182 212 174 155 177 82 167
323 340 246 383 350 199 214 331 34 79 397 427 454 298 274 406 332 368 91 132 362 392 241 239 0 312 220 323 285 312 232 84 158 14 159 112 280 174 239
296 148 225 68 140 311 297 313 356 379 145 100 104 287 383 47 457 456 428 413 38 26 211 199 312 0 203 79 61 419 348 375 277 306 245 225 56 145 54
109 224 34 256 208 201 189 113 261 302 250 311 307 64 279 285 340 365 290 342 244 234 -6 23 220 203 0 179 154 294 238 268 162 210 159 103 131 58 128
274 124 219 168 24 295 300 301 356 400 65 197 231 281 374 175 428 436 380 418 136 123 204 192 323 79 179 0 54 387 320 364 279 293 258 200 40 153 50
250 94 179 130 72 247 274 258 311 347 82 151 163 220 324 133 394 388 348 376 89 79 168 164 285 61 154 54 0 352 284 302 227 238 204 157 0 115 20
407 438 356 478 418 197 210 415 347 382 466 521 537 382 127 483 26 34 387 419 433 464 318 319 312 419 294 387 352 0 69 363 175 297 156 216 359 259 333
321 389 275 398 331 128 124 349 268 321 410 433 465 301 35 402 109 113 302 324 386 379 271 261 232 348 238 320 284 69 0 301 97 223 69 120 264 187 256
370 405 298 426 380 261 267 400 129 152 407 502 490 358 335 457 382 390 36 56 409 422 282 298 84 375 268 364 302 363 301 0 221 69 189 162 326 215 315
266 291 203 352 279 29 44 289 216 238 332 370 380 241 139 339 220 213 246 281 325 318 173 182 158 277 162 279 227 175 97 221 0 141 43 39 204 121 198
284 317 254 365 308 157 201 304 73 92 343 409 431 284 257 380 307 331 97 114 338 355 221 212 14 306 210 293 238 297 223 69 141 0 137 88 255 150 248
240 289 192 333 280 39 55 256 200 245 294 368 367 235 132 333 177 188 217 259 299 293 165 174 159 245 159 258 204 156 69 189 43 137 0 52 183 110 197
206 251 134 285 235 96 109 204 162 201 269 327 332 199 162 271 230 238 194 233 246 245 124 155 112 225 103 200 157 216 120 162 39 88 52 0 167 63 138
233 65 193 118 62 254 246 249 316 348 100 166 166 233 320 119 387 401 352 389 83 102 143 177 280 56 131 40 0 359 264 326 204 255 183 167 0 105 27
138 190 90 207 176 157 158 132 223 253 185 243 275 125 236 226 285 311 237 287 188 191 71 82 174 145 58 153 115 259 187 215 121 150 110 63 105 0 78
231 96 159 151 63 242 253 244 304 340 98 161 192 206 326 134 368 380 329 369 107 124 160 167 239 54 128 50 20 333 256 315 198 248 197 138 27 78 0
