0 237 55 368 107 353 402 492 420 376 373 495 347 351 274 398 382 445 397 286 322 406 26 400 312 96 351 295 248 301 333 269 206 339 252 181 174 100 141
237 0 240 257 152 242 439 529 457 413 410 384 236 388 311 287 419 334 434 323 211 295 211 437 201 141 388 184 137 338 370 306 243 376 289 218 63 137 96
55 240 0 371 110 356 405 495 423 379 376 498 350 354 277 401 385 448 400 289 325 409 29 403 315 99 354 298 251 304 336 272 209 342 255 184 177 103 144
368 257 371 0 283 131 570 660 588 544 541 367 219 519 442 270 550 317 565 454 194 278 342 568 184 272 519 73 120 469 501 437 374 507 420 349 194 268 227
107 152 110 283 0 268 317 407 335 291 288 410 262 266 189 313 297 360 312 201 237 321 81 315 227 11 266 210 163 216 248 184 121 254 167 96 89 15 56
353 242 356 131 268 0 555 645 573 529 526 352 204 504 427 255 535 302 550 439 179 263 327 553 169 257 504 58 105 454 486 422 359 492 405 334 179 253 212
402 439 405 570 317 555 0 390 318 274 97 697 549 249 314 600 280 647 295 326 524 608 376 298 514 306 249 497 450 199 231 167 246 63 150 221 376 302 343
492 529 495 660 407 645 390 0 112 330 361 787 639 305 404 690 208 737 187 416 614 698 466 92 604 396 141 587 540 255 159 223 336 327 240 311 466 392 433
420 457 423 588 335 573 318 112 0 258 289 715 567 233 332 618 136 665 115 344 542 626 394 20 532 324 69 515 468 183 87 151 264 255 168 239 394 320 361
376 413 379 544 291 529 274 330 258 0 245 671 523 125 288 574 220 621 235 300 498 582 350 238 488 280 189 471 424 75 171 107 220 211 124 195 350 276 317
373 410 376 541 288 526 97 361 289 245 0 668 520 220 285 571 251 618 266 297 495 579 347 269 485 277 220 468 421 170 202 138 217 34 121 192 347 273 314
495 384 498 367 410 352 697 787 715 671 668 0 218 646 569 269 677 128 692 581 193 89 469 695 183 399 646 294 247 596 628 564 501 634 547 476 321 395 354
347 236 350 219 262 204 549 639 567 523 520 218 0 498 421 101 529 168 544 433 25 129 321 547 35 251 498 146 99 448 480 416 353 486 399 328 173 247 206
351 388 354 519 266 504 249 305 233 125 220 646 498 0 263 549 195 596 210 275 473 557 325 213 463 255 164 446 399 50 146 82 195 186 99 170 325 251 292
274 311 277 442 189 427 314 404 332 288 285 569 421 263 0 472 294 519 309 148 396 480 248 312 386 178 263 369 322 213 245 181 68 251 164 93 248 174 215
398 287 401 270 313 255 600 690 618 574 571 269 101 549 472 0 580 219 595 484 76 180 372 598 86 302 549 197 150 499 531 467 404 537 450 379 224 298 257
382 419 385 550 297 535 280 208 136 220 251 677 529 195 294 580 0 627 113 306 504 588 356 116 494 286 67 477 430 145 49 113 226 217 130 201 356 282 323
445 334 448 317 360 302 647 737 665 621 618 128 168 596 519 219 627 0 642 531 143 39 419 645 133 349 596 244 197 546 578 514 451 584 497 426 271 345 304
397 434 400 565 312 550 295 187 115 235 266 692 544 210 309 595 113 642 0 321 519 603 371 95 509 301 46 492 445 160 64 128 241 232 145 216 371 297 338
286 323 289 454 201 439 326 416 344 300 297 581 433 275 148 484 306 531 321 0 408 492 260 324 398 190 275 381 334 225 257 193 80 263 176 105 260 186 227
322 211 325 194 237 179 524 614 542 498 495 193 25 473 396 76 504 143 519 408 0 104 296 522 10 226 473 121 74 423 455 391 328 461 374 303 148 222 181
406 295 409 278 321 263 608 698 626 582 579 89 129 557 480 180 588 39 603 492 104 0 380 606 94 310 557 205 158 507 539 475 412 545 458 387 232 306 265
26 211 29 342 81 327 376 466 394 350 347 469 321 325 248 372 356 419 371 260 296 380 0 374 286 70 325 269 222 275 307 243 180 313 226 155 148 74 115
400 437 403 568 315 553 298 92 20 238 269 695 547 213 312 598 116 645 95 324 522 606 374 0 512 304 49 495 448 163 67 131 244 235 148 219 374 300 341
312 201 315 184 227 169 514 604 532 488 485 183 35 463 386 86 494 133 509 398 10 94 286 512 0 216 463 111 64 413 445 381 318 451 364 293 138 212 171
96 141 99 272 11 257 306 396 324 280 277 399 251 255 178 302 286 349 301 190 226 310 70 304 216 0 255 199 152 205 237 173 110 243 156 85 78 4 45
351 388 354 519 266 504 249 141 69 189 220 646 498 164 263 549 67 596 46 275 473 557 325 49 463 255 0 446 399 114 18 82 195 186 99 170 325 251 292
295 184 298 73 210 58 497 587 515 471 468 294 146 446 369 197 477 244 492 381 121 205 269 495 111 199 446 0 47 396 428 364 301 434 347 276 121 195 154
248 137 251 120 163 105 450 540 468 424 421 247 99 399 322 150 430 197 445 334 74 158 222 448 64 152 399 47 0 349 381 317 254 387 300 229 74 148 107
301 338 304 469 216 454 199 255 183 75 170 596 448 50 213 499 145 546 160 225 423 507 275 163 413 205 114 396 349 0 96 32 145 136 49 120 275 201 242
333 370 336 501 248 486 231 159 87 171 202 628 480 146 245 531 49 578 64 257 455 539 307 67 445 237 18 428 381 96 0 64 177 168 81 152 307 233 274
269 306 272 437 184 422 167 223 151 107 138 564 416 82 181 467 113 514 128 193 391 475 243 131 381 173 82 364 317 32 64 0 113 104 17 88 243 169 210
206 243 209 374 121 359 246 336 264 220 217 501 353 195 68 404 226 451 241 80 328 412 180 244 318 110 195 301 254 145 177 113 0 183 96 25 180 106 147
339 376 342 507 254 492 63 327 255 211 34 634 486 186 251 537 217 584 232 263 461 545 313 235 451 243 186 434 387 136 168 104 183 0 87 158 313 239 280
252 289 255 420 167 405 150 240 168 124 121 547 399 99 164 450 130 497 145 176 374 458 226 148 364 156 99 347 300 49 81 17 96 87 0 71 226 152 193
181 218 184 349 96 334 221 311 239 195 192 476 328 170 93 379 201 426 216 105 303 387 155 219 293 85 170 276 229 120 152 88 25 158 71 0 155 81 122
174 63 177 194 89 179 376 466 394 350 347 321 173 325 248 224 356 271 371 260 148 232 148 374 138 78 325 121 74 275 307 243 180 313 226 155 0 74 33
100 137 103 268 15 253 302 392 320 276 273 395 247 251 174 298 282 345 297 186 222 306 74 300 212 4 251 195 148 201 233 169 106 239 152 81 74 0 41
141 96 144 227 56 212 343 433 361 317 314 354 206 292 215 257 323 304 338 227 181 265 115 341 171 45 292 154 107 242 274 210 147 280 193 122 33 41 0
