0 310 252 230 264 366 172 265 436 351 293 334 382 304 520 320 358 456 235 234 182 223 259 150 440 402 175 295 325 299 88 224 98 210 177 137 192 166 166
310 0 352 329 349 119 286 402 335 489 377 472 461 260 416 391 241 347 231 184 269 185 416 247 327 279 323 44 391 187 220 325 212 89 239 197 126 151 175
252 352 0 154 175 351 218 332 448 424 218 398 302 306 501 237 357 471 234 254 73 238 355 78 459 388 261 291 252 310 154 129 143 222 100 146 189 178 189
230 329 154 0 157 360 200 333 414 413 185 376 264 280 500 233 341 445 210 229 73 224 331 70 410 382 229 274 225 293 140 118 144 214 51 103 170 162 162
264 349 175 157 0 361 245 354 465 444 245 418 320 309 527 245 363 470 244 248 92 265 376 102 465 394 269 286 246 312 181 153 154 235 117 128 231 204 185
366 119 351 360 361 0 326 442 358 542 416 510 486 282 461 434 280 404 247 208 288 208 452 299 354 293 346 63 424 211 254 351 255 155 269 248 182 179 228
172 286 218 200 245 326 0 286 406 372 271 319 357 293 501 278 306 438 192 215 149 203 263 151 418 381 177 283 279 259 79 208 78 192 146 103 164 165 154
265 402 332 333 354 442 286 0 537 265 382 235 453 389 613 410 442 531 324 307 269 332 183 273 520 498 86 359 411 396 171 311 179 310 255 200 279 264 276
436 335 448 414 465 358 406 537 0 597 485 586 567 367 160 522 183 129 328 280 372 287 530 340 81 47 430 287 501 132 354 412 342 217 354 303 255 272 288
351 489 424 413 444 542 372 265 597 0 463 145 547 479 692 516 536 643 396 403 345 388 84 318 620 582 190 463 481 470 251 384 270 385 345 288 386 339 351
293 377 218 185 245 416 271 382 485 463 0 458 250 364 580 187 401 542 277 292 147 301 384 133 513 445 329 356 164 354 213 73 208 279 114 180 244 212 235
334 472 398 376 418 510 319 235 586 145 458 0 526 456 663 475 498 585 374 396 310 365 69 324 586 524 153 429 465 436 244 376 257 373 321 278 334 317 309
382 461 302 264 320 486 357 453 567 547 250 526 0 435 663 61 472 606 372 353 220 380 477 209 582 513 364 411 72 419 289 151 271 347 199 271 317 310 317
304 260 306 280 309 282 293 389 367 479 364 456 435 0 471 401 278 397 176 68 221 92 402 221 371 320 286 211 393 223 198 288 196 130 212 174 121 135 132
520 416 501 500 527 461 501 613 160 692 580 663 663 471 0 597 293 125 425 382 449 390 620 452 94 127 524 351 589 226 432 508 411 295 439 401 319 363 393
320 391 237 233 245 434 278 410 522 516 187 475 61 401 597 0 441 548 312 317 156 310 411 172 521 468 311 358 10 372 241 107 210 289 151 194 286 267 261
358 241 357 341 363 280 306 442 183 536 401 498 472 278 293 441 0 210 257 221 266 212 443 286 207 145 342 193 441 36 248 349 255 134 266 237 178 180 208
456 347 471 445 470 404 438 531 129 643 542 585 606 397 125 548 210 0 351 321 409 311 574 384 22 88 458 310 537 154 368 417 347 248 385 341 265 296 307
235 231 234 210 244 247 192 324 328 396 277 374 372 176 425 312 257 351 0 134 137 126 338 158 332 298 217 178 334 176 141 186 113 118 155 98 69 58 36
234 184 254 229 248 208 215 307 280 403 292 396 353 68 382 317 221 321 134 0 164 2 321 147 316 251 215 132 308 158 130 203 144 71 148 110 29 63 89
182 269 73 73 92 288 149 269 372 345 147 310 220 221 449 156 266 409 137 164 0 171 278 6 371 328 165 222 167 219 95 39 72 162 4 69 132 90 114
223 185 238 224 265 208 203 332 287 388 301 365 380 92 390 310 212 311 126 2 171 0 306 134 283 243 228 159 308 160 129 193 138 74 165 112 50 58 89
259 416 355 331 376 452 263 183 530 84 384 69 477 402 620 411 443 574 338 321 278 306 0 265 526 482 98 378 414 378 182 318 176 328 259 205 277 257 271
150 247 78 70 102 299 151 273 340 318 133 324 209 221 452 172 286 384 158 147 6 134 265 0 366 302 164 188 150 228 77 79 82 145 -12 61 116 113 96
440 327 459 410 465 354 418 520 81 620 513 586 582 371 94 521 207 22 332 316 371 283 526 366 0 47 429 287 506 128 351 429 343 224 369 334 248 280 300
402 279 388 382 394 293 381 498 47 582 445 524 513 320 127 468 145 88 298 251 328 243 482 302 47 0 395 250 473 91 307 370 292 157 297 264 203 215 228
175 323 261 229 269 346 177 86 430 190 329 153 364 286 524 311 342 458 217 215 165 228 98 164 429 395 0 277 315 291 76 242 101 204 156 119 194 165 184
295 44 291 274 286 63 283 359 287 463 356 429 411 211 351 358 193 310 178 132 222 159 378 188 287 250 277 0 364 117 202 267 191 83 214 174 94 119 142
325 391 252 225 246 424 279 411 501 481 164 465 72 393 589 10 441 537 334 308 167 308 414 150 506 473 315 364 0 382 232 108 205 311 159 198 253 223 267
299 187 310 293 312 211 259 396 132 470 354 436 419 223 226 372 36 154 176 158 219 160 378 228 128 91 291 117 382 0 209 276 190 95 214 157 121 116 148
88 220 154 140 181 254 79 171 354 251 213 244 289 198 432 241 248 368 141 130 95 129 182 77 351 307 76 202 232 209 0 127 38 123 71 37 90 76 89
224 325 129 118 153 351 208 311 412 384 73 376 151 288 508 107 349 417 186 203 39 193 318 79 429 370 242 267 108 276 127 0 126 214 50 111 159 128 160
98 212 143 144 154 255 78 179 342 270 208 257 271 196 411 210 255 347 113 144 72 138 176 82 343 292 101 191 205 190 38 126 0 116 57 16 65 71 87
210 89 222 214 235 155 192 310 217 385 279 373 347 130 295 289 134 248 118 71 162 74 328 145 224 157 204 83 311 95 123 214 116 0 146 97 51 26 82
177 239 100 51 117 269 146 255 354 345 114 321 199 212 439 151 266 385 155 148 4 165 259 -12 369 297 156 214 159 214 71 50 57 146 0 48 97 93 95
137 197 146 103 128 248 103 200 303 288 180 278 271 174 401 194 237 341 98 110 69 112 205 61 334 264 119 174 198 157 37 111 16 97 48 0 75 37 50
192 126 189 170 231 182 164 279 255 386 244 334 317 121 319 286 178 265 69 29 132 50 277 116 248 203 194 94 253 121 90 159 65 51 97 75 0 14 24
166 151 178 162 204 179 165 264 272 339 212 317 310 135 363 267 180 296 58 63 90 58 257 113 280 215 165 119 223 116 76 128 71 26 93 37 14 0 31
166 175 189 162 185 228 154 276 288 351 235 309 317 132 393 261 208 307 36 89 114 89 271 96 300 228 184 142 267 148 89 160 87 82 95 50 24 31 0
