0 625 712 303 660 714 647 100 201 391 283 598 387 607 635 270 273 167 429 460 257 657 215 84 407 123 148 173 656 325 225 316 618 382 615 519 480 577 504
625 0 107 478 55 109 312 557 530 384 458 185 248 272 24 549 552 546 422 453 432 52 494 541 400 502 477 452 51 318 400 309 7 243 10 106 145 242 169
712 107 0 565 60 114 399 644 617 471 545 272 335 359 117 636 639 633 509 540 519 57 581 628 487 589 564 539 56 405 487 396 100 330 97 193 232 329 256
303 478 565 0 513 567 500 235 208 244 72 451 240 460 488 227 230 224 282 313 46 510 172 219 260 180 155 130 509 178 78 169 471 235 468 372 333 430 357
660 55 60 513 0 60 347 592 565 419 493 220 283 307 65 584 587 581 457 488 467 3 529 576 435 537 512 487 4 353 435 344 48 278 45 141 180 277 204
714 109 114 567 60 0 401 646 619 473 547 274 337 361 119 638 641 635 511 542 521 57 583 630 489 591 566 541 58 407 489 398 102 332 99 195 234 331 258
647 312 399 500 347 401 0 579 552 406 480 285 270 100 322 571 574 568 444 475 454 344 516 563 422 524 499 474 343 340 422 331 305 265 302 206 167 70 143
100 557 644 235 592 646 579 0 133 323 215 530 319 539 567 202 205 99 361 392 189 589 147 16 339 55 80 105 588 257 157 248 550 314 547 451 412 509 436
201 530 617 208 565 619 552 133 0 296 188 503 292 512 540 175 178 122 334 365 162 562 120 117 312 78 53 78 561 230 130 221 523 287 520 424 385 482 409
391 384 471 244 419 473 406 323 296 0 224 357 146 366 394 315 318 312 170 201 198 416 260 307 148 268 243 218 415 66 166 75 377 141 374 278 239 336 263
283 458 545 72 493 547 480 215 188 224 0 431 220 440 468 207 210 204 262 293 26 490 152 199 240 160 135 110 489 158 58 149 451 215 448 352 313 410 337
598 185 272 451 220 274 285 530 503 357 431 0 221 245 195 522 525 519 395 426 405 217 467 514 373 475 450 425 216 291 373 282 178 216 175 79 118 215 142
387 248 335 240 283 337 270 319 292 146 220 221 0 230 258 311 314 308 184 215 194 280 256 303 162 264 239 214 279 80 162 71 241 5 238 142 103 200 127
607 272 359 460 307 361 100 539 512 366 440 245 230 0 282 531 534 528 404 435 414 304 476 523 382 484 459 434 303 300 382 291 265 225 262 166 127 30 103
635 24 117 488 65 119 322 567 540 394 468 195 258 282 0 559 562 556 432 463 442 62 504 551 410 512 487 462 61 328 410 319 17 253 20 116 155 252 179
270 549 636 227 584 638 571 202 175 315 207 522 311 531 559 0 113 191 353 384 181 581 55 186 331 147 122 97 580 249 149 240 542 306 539 443 404 501 428
273 552 639 230 587 641 574 205 178 318 210 525 314 534 562 113 0 194 356 387 184 584 58 189 334 150 125 100 583 252 152 243 545 309 542 446 407 504 431
167 546 633 224 581 635 568 99 122 312 204 519 308 528 556 191 194 0 350 381 178 578 136 83 328 44 69 94 577 246 146 237 539 303 536 440 401 498 425
429 422 509 282 457 511 444 361 334 170 262 395 184 404 432 353 356 350 0 75 236 454 298 345 22 306 281 256 453 104 204 113 415 179 412 316 277 374 301
460 453 540 313 488 542 475 392 365 201 293 426 215 435 463 384 387 381 75 0 267 485 329 376 53 337 312 287 484 135 235 144 446 210 443 347 308 405 332
257 432 519 46 467 521 454 189 162 198 26 405 194 414 442 181 184 178 236 267 0 464 126 173 214 134 109 84 463 132 32 123 425 189 422 326 287 384 311
657 52 57 510 3 57 344 589 562 416 490 217 280 304 62 581 584 578 454 485 464 0 526 573 432 534 509 484 1 350 432 341 45 275 42 138 177 274 201
215 494 581 172 529 583 516 147 120 260 152 467 256 476 504 55 58 136 298 329 126 526 0 131 276 92 67 42 525 194 94 185 487 251 484 388 349 446 373
84 541 628 219 576 630 563 16 117 307 199 514 303 523 551 186 189 83 345 376 173 573 131 0 323 39 64 89 572 241 141 232 534 298 531 435 396 493 420
407 400 487 260 435 489 422 339 312 148 240 373 162 382 410 331 334 328 22 53 214 432 276 323 0 284 259 234 431 82 182 91 393 157 390 294 255 352 279
123 502 589 180 537 591 524 55 78 268 160 475 264 484 512 147 150 44 306 337 134 534 92 39 284 0 25 50 533 202 102 193 495 259 492 396 357 454 381
148 477 564 155 512 566 499 80 53 243 135 450 239 459 487 122 125 69 281 312 109 509 67 64 259 25 0 25 508 177 77 168 470 234 467 371 332 429 356
173 452 539 130 487 541 474 105 78 218 110 425 214 434 462 97 100 94 256 287 84 484 42 89 234 50 25 0 483 152 52 143 445 209 442 346 307 404 331
656 51 56 509 4 58 343 588 561 415 489 216 279 303 61 580 583 577 453 484 463 1 525 572 431 533 508 483 0 349 431 340 44 274 41 137 176 273 200
325 318 405 178 353 407 340 257 230 66 158 291 80 300 328 249 252 246 104 135 132 350 194 241 82 202 177 152 349 0 100 9 311 75 308 212 173 270 197
225 400 487 78 435 489 422 157 130 166 58 373 162 382 410 149 152 146 204 235 32 432 94 141 182 102 77 52 431 100 0 91 393 157 390 294 255 352 279
316 309 396 169 344 398 331 248 221 75 149 282 71 291 319 240 243 237 113 144 123 341 185 232 91 193 168 143 340 9 91 0 302 66 299 203 164 261 188
618 7 100 471 48 102 305 550 523 377 451 178 241 265 17 542 545 539 415 446 425 45 487 534 393 495 470 445 44 311 393 302 0 236 3 99 138 235 162
382 243 330 235 278 332 265 314 287 141 215 216 5 225 253 306 309 303 179 210 189 275 251 298 157 259 234 209 274 75 157 66 236 0 233 137 98 195 122
615 10 97 468 45 99 302 547 520 374 448 175 238 262 20 539 542 536 412 443 422 42 484 531 390 492 467 442 41 308 390 299 3 233 0 96 135 232 159
519 106 193 372 141 195 206 451 424 278 352 79 142 166 116 443 446 440 316 347 326 138 388 435 294 396 371 346 137 212 294 203 99 137 96 0 39 136 63
480 145 232 333 180 234 167 412 385 239 313 118 103 127 155 404 407 401 277 308 287 177 349 396 255 357 332 307 176 173 255 164 138 98 135 39 0 97 24
577 242 329 430 277 331 70 509 482 336 410 215 200 30 252 501 504 498 374 405 384 274 446 493 352 454 429 404 273 270 352 261 235 195 232 136 97 0 73
504 169 256 357 204 258 143 436 409 263 337 142 127 103 179 428 431 425 301 332 311 201 373 420 279 381 356 331 200 197 279 188 162 122 159 63 24 73 0
