0 616 716 298 653 727 637 73 202 391 278 599 388 621 628 241 278 167 423 456 250 662 218 92 401 108 145 171 671 319 198 303 605 394 614 513 471 574 500
616 0 100 480 70 108 308 578 521 385 465 190 269 284 31 538 541 548 424 455 429 30 478 540 403 490 476 485 45 319 400 307 12 243 3 111 148 247 171
716 100 0 544 70 110 409 634 611 472 541 272 325 353 113 634 644 641 512 548 524 46 579 631 491 594 577 529 58 410 491 404 111 323 94 193 238 321 265
298 480 544 0 514 566 496 225 201 244 94 451 238 457 476 228 209 224 292 311 36 518 179 226 251 192 141 129 509 177 81 163 459 241 469 371 327 426 355
653 70 70 514 0 71 350 578 565 440 494 232 287 323 69 572 585 583 456 500 457 -16 541 554 437 521 515 488 -14 346 427 346 41 274 37 131 186 284 185
727 108 110 566 71 0 407 666 619 479 543 273 353 353 136 644 659 628 517 538 509 54 587 625 498 569 576 541 54 413 504 384 92 327 98 208 230 347 247
637 308 409 496 350 407 0 576 551 415 488 292 270 110 337 556 586 567 454 477 452 356 512 565 422 506 487 480 340 329 416 330 299 268 294 207 174 64 143
73 578 634 225 578 666 576 0 100 343 225 539 325 562 564 202 211 86 379 385 169 586 144 9 347 54 82 107 583 249 150 245 543 303 552 441 433 511 446
202 521 611 201 565 619 551 100 0 303 180 494 285 513 511 150 182 117 340 385 149 565 113 102 296 97 30 77 563 225 119 239 515 266 512 413 388 465 395
391 385 472 244 440 479 415 343 303 0 216 350 141 358 408 307 310 315 177 211 195 412 257 298 140 286 235 205 425 72 154 82 386 140 400 264 245 326 252
278 465 541 94 494 543 488 225 180 216 0 450 219 446 468 214 205 199 252 308 44 487 162 193 240 167 138 107 477 170 51 149 471 215 454 346 315 415 337
599 190 272 451 232 273 292 539 494 350 450 0 206 249 179 542 520 529 392 419 422 218 466 519 350 466 460 439 231 305 360 285 181 214 171 70 130 206 143
388 269 325 238 287 353 270 325 285 141 219 206 0 227 264 297 310 311 181 200 183 294 245 310 162 258 236 218 277 102 158 72 239 0 231 128 116 208 119
621 284 353 457 323 353 110 562 513 358 446 249 227 0 270 517 525 531 391 425 399 311 482 536 379 492 460 450 321 302 380 292 266 224 250 173 139 23 98
628 31 113 476 69 136 337 564 511 408 468 179 264 270 0 534 567 557 402 438 453 63 497 555 407 521 488 455 66 306 415 338 16 242 20 107 159 266 199
241 538 634 228 572 644 556 202 150 307 214 542 297 517 534 0 119 198 361 395 168 587 57 195 307 140 127 103 582 237 150 234 546 313 534 439 404 491 416
278 541 644 209 585 659 586 211 182 310 205 520 310 525 567 119 0 206 349 392 190 589 57 198 333 141 131 81 584 238 151 236 542 323 553 454 415 487 450
167 548 641 224 583 628 567 86 117 315 199 529 311 531 557 198 206 0 341 384 175 565 150 93 315 56 84 85 572 251 151 241 540 297 522 452 405 511 425
423 424 512 292 456 517 454 379 340 177 252 392 181 391 402 361 349 341 0 60 221 450 304 352 16 304 290 257 461 103 194 123 417 167 412 320 278 365 290
456 455 548 311 500 538 477 385 385 211 308 419 200 425 438 395 392 384 60 0 268 485 320 353 49 331 321 293 487 132 232 155 436 217 430 347 320 405 329
250 429 524 36 457 509 452 169 149 195 44 422 183 399 453 168 190 175 221 268 0 470 124 181 212 144 108 81 464 136 32 134 408 182 425 325 278 392 302
662 30 46 518 -16 54 356 586 565 412 487 218 294 311 63 587 589 565 450 485 470 0 535 570 421 546 511 478 2 344 441 334 43 273 30 145 182 271 200
218 478 579 179 541 587 512 144 113 257 162 466 245 482 497 57 57 150 304 320 124 535 0 103 270 80 53 64 537 195 98 192 499 239 473 394 343 438 370
92 540 631 226 554 625 565 9 102 298 193 519 310 536 555 195 198 93 352 353 181 570 103 0 343 40 64 88 572 234 128 231 522 295 535 444 403 489 418
401 403 491 251 437 498 422 347 296 140 240 350 162 379 407 307 333 315 16 49 212 421 270 343 0 299 234 234 436 70 181 102 388 158 380 282 256 360 289
108 490 594 192 521 569 506 54 97 286 167 466 258 492 521 140 141 56 304 331 144 546 80 40 299 0 26 37 519 211 104 211 491 259 482 404 360 457 374
145 476 577 141 515 576 487 82 30 235 138 460 236 460 488 127 131 84 290 321 108 511 53 64 234 26 0 13 511 171 75 154 470 244 464 384 309 415 351
171 485 529 129 488 541 480 107 77 205 107 439 218 450 455 103 81 85 257 293 81 478 64 88 234 37 13 0 497 168 52 123 448 182 434 354 338 413 330
671 45 58 509 -14 54 340 583 563 425 477 231 277 321 66 582 584 572 461 487 464 2 537 572 436 519 511 497 0 358 435 336 51 273 50 133 178 268 200
319 319 410 177 346 413 329 249 225 72 170 305 102 302 306 237 238 251 103 132 136 344 195 234 70 211 171 168 358 0 109 1 309 65 315 199 159 282 193
198 400 491 81 427 504 416 150 119 154 51 360 158 380 415 150 151 151 194 232 32 441 98 128 181 104 75 52 435 109 0 97 370 155 388 290 255 358 271
303 307 404 163 346 384 330 245 239 82 149 285 72 292 338 234 236 241 123 155 134 334 192 231 102 211 154 123 336 1 97 0 321 76 304 209 174 261 186
605 12 111 459 41 92 299 543 515 386 471 181 239 266 16 546 542 540 417 436 408 43 499 522 388 491 470 448 51 309 370 321 0 221 -11 103 134 239 173
394 243 323 241 274 327 268 303 266 140 215 214 0 224 242 313 323 297 167 217 182 273 239 295 158 259 244 182 273 65 155 76 221 0 237 155 113 188 141
614 3 94 469 37 98 294 552 512 400 454 171 231 250 20 534 553 522 412 430 425 30 473 535 380 482 464 434 50 315 388 304 -11 237 0 90 113 211 164
513 111 193 371 131 208 207 441 413 264 346 70 128 173 107 439 454 452 320 347 325 145 394 444 282 404 384 354 133 199 290 209 103 155 90 0 47 133 63
471 148 238 327 186 230 174 433 388 245 315 130 116 139 159 404 415 405 278 320 278 182 343 403 256 360 309 338 178 159 255 174 134 113 113 47 0 98 28
574 247 321 426 284 347 64 511 465 326 415 206 208 23 266 491 487 511 365 405 392 271 438 489 360 457 415 413 268 282 358 261 239 188 211 133 98 0 50
500 171 265 355 185 247 143 446 395 252 337 143 119 98 199 416 450 425 290 329 302 200 370 418 289 374 351 330 200 193 271 186 173 141 164 63 28 50 0
