0 338 335 439 361 292 314 444 393 408 127 376 388 376 270 333 346 491 475 428 341 377 428 412 307 283 361 354 312 349 252 50 291 252 223 130 230 212 214
338 0 277 228 146 377 405 228 309 188 344 295 172 161 346 247 276 277 264 229 96 143 178 203 210 46 135 158 251 96 196 277 54 312 296 202 161 151 151
335 277 0 383 293 379 393 383 211 325 345 110 307 292 349 202 187 398 397 375 246 305 352 335 35 203 282 271 172 270 123 268 203 311 294 220 106 133 90
439 228 383 0 240 479 487 253 423 190 433 379 144 265 460 360 367 183 249 157 214 161 171 120 322 161 129 73 355 97 298 394 138 431 402 308 265 239 249
361 146 293 240 0 405 424 266 349 240 377 320 197 102 388 289 309 301 291 242 41 187 222 211 246 87 158 168 291 156 195 324 98 352 325 238 176 167 189
292 377 379 479 405 0 169 483 402 438 287 412 417 441 134 375 373 515 515 465 373 402 461 444 337 314 371 385 339 372 278 236 305 96 77 175 284 236 257
314 405 393 487 424 169 0 505 436 460 322 410 447 427 103 372 364 541 519 494 369 432 462 466 352 331 406 420 358 395 305 250 328 76 114 165 310 254 267
444 228 383 253 266 483 505 0 440 152 451 419 139 283 491 385 390 281 107 233 241 131 50 214 349 195 113 169 373 119 308 423 211 456 414 316 290 261 279
393 309 211 423 349 402 436 440 0 376 386 265 350 338 387 206 89 450 434 385 301 349 381 371 186 264 330 320 77 298 147 336 247 355 337 238 153 165 146
408 188 325 190 240 438 460 152 376 0 416 371 45 229 426 315 318 213 174 171 174 19 113 166 288 121 67 86 314 56 244 354 123 382 377 288 227 180 232
127 344 345 433 377 287 322 451 386 416 0 364 381 387 296 334 336 481 483 445 315 395 421 428 310 296 345 377 312 354 244 61 302 239 218 131 236 212 234
376 295 110 379 320 412 410 419 265 371 364 0 342 341 375 223 212 415 423 403 268 320 367 373 76 249 306 307 192 279 134 306 230 343 329 251 101 152 151
388 172 307 144 197 417 447 139 350 45 381 342 0 195 390 312 312 192 162 164 152 11 89 125 244 98 42 73 287 53 219 322 109 372 343 255 212 176 199
376 161 292 265 102 441 427 283 338 229 387 341 195 0 391 317 321 300 320 245 37 191 236 238 266 115 163 182 291 154 206 333 87 363 333 246 233 183 191
270 346 349 460 388 134 103 491 387 426 296 375 390 391 0 366 359 494 503 446 354 410 418 436 299 310 358 378 332 351 272 214 286 21 55 127 255 229 235
333 247 202 360 289 375 372 385 206 315 334 223 312 317 366 0 181 416 394 362 252 312 325 339 163 209 284 281 143 258 83 291 191 319 282 206 106 127 91
346 276 187 367 309 373 364 390 89 318 336 212 312 321 359 181 0 411 417 358 263 301 342 354 144 232 296 295 33 263 91 273 193 331 279 214 93 127 111
491 277 398 183 301 515 541 281 450 213 481 415 192 300 494 416 411 0 290 75 249 180 232 62 370 214 163 119 390 136 314 429 206 457 453 345 300 274 285
475 264 397 249 291 515 519 107 434 174 483 423 162 320 503 394 417 290 0 253 247 151 61 211 368 185 121 164 396 158 300 414 209 455 446 353 296 276 291
428 229 375 157 242 465 494 233 385 171 445 403 164 245 446 362 358 75 253 0 206 145 180 22 320 154 116 70 338 90 274 391 142 410 384 294 267 244 251
341 96 246 214 41 373 369 241 301 174 315 268 152 37 354 252 263 249 247 206 0 156 200 187 193 55 128 135 230 105 177 279 44 321 301 197 154 125 136
377 143 305 161 187 402 432 131 349 19 395 320 11 191 410 312 301 180 151 145 156 0 85 93 267 105 21 81 285 44 232 307 105 357 343 235 215 166 184
428 178 352 171 222 461 462 50 381 113 421 367 89 236 418 325 342 232 61 180 200 85 0 169 311 148 51 105 316 78 266 355 128 423 372 267 241 216 210
412 203 335 120 211 444 466 214 371 166 428 373 125 238 436 339 354 62 211 22 187 93 169 0 302 142 106 44 314 72 255 355 143 388 373 273 250 203 231
307 210 35 322 246 337 352 349 186 288 310 76 244 266 299 163 144 370 368 320 193 267 311 302 0 171 256 247 144 212 74 255 153 251 246 152 31 89 60
283 46 203 161 87 314 331 195 264 121 296 249 98 115 310 209 232 214 185 154 55 105 148 142 171 0 65 88 185 48 110 238 -7 255 244 166 129 63 113
361 135 282 129 158 371 406 113 330 67 345 306 42 163 358 284 296 163 121 116 128 21 51 106 256 65 0 56 261 17 187 305 62 336 294 221 174 135 181
354 158 271 73 168 385 420 169 320 86 377 307 73 182 378 281 295 119 164 70 135 81 105 44 247 88 56 0 270 18 204 325 83 349 332 221 198 144 163
312 251 172 355 291 339 358 373 77 314 312 192 287 291 332 143 33 390 396 338 230 285 316 314 144 185 261 270 0 237 62 268 191 290 263 201 87 116 104
349 96 270 97 156 372 395 119 298 56 354 279 53 154 351 258 263 136 158 90 105 44 78 72 212 48 17 18 237 0 147 270 47 318 287 198 170 136 125
252 196 123 298 195 278 305 308 147 244 244 134 219 206 272 83 91 314 300 274 177 232 266 255 74 110 187 204 62 147 0 191 125 233 208 118 23 34 24
50 277 268 394 324 236 250 423 336 354 61 306 322 333 214 291 273 429 414 391 279 307 355 355 255 238 305 325 268 270 191 0 225 175 158 76 201 158 171
291 54 203 138 98 305 328 211 247 123 302 230 109 87 286 191 193 206 209 142 44 105 128 143 153 -7 62 83 191 47 125 225 0 259 255 171 109 69 95
252 312 311 431 352 96 76 456 355 382 239 343 372 363 21 319 331 457 455 410 321 357 423 388 251 255 336 349 290 318 233 175 259 0 14 121 209 187 206
223 296 294 402 325 77 114 414 337 377 218 329 343 333 55 282 279 453 446 384 301 343 372 373 246 244 294 332 263 287 208 158 255 14 0 95 192 168 170
130 202 220 308 238 175 165 316 238 288 131 251 255 246 127 206 214 345 353 294 197 235 267 273 152 166 221 221 201 198 118 76 171 121 95 0 111 84 92
230 161 106 265 176 284 310 290 153 227 236 101 212 233 255 106 93 300 296 267 154 215 241 250 31 129 174 198 87 170 23 201 109 209 192 111 0 36 32
212 151 133 239 167 236 254 261 165 180 212 152 176 183 229 127 127 274 276 244 125 166 216 203 89 63 135 144 116 136 34 158 69 187 168 84 36 0 28
214 151 90 249 189 257 267 279 146 232 234 151 199 191 235 91 111 285 291 251 136 184 210 231 60 113 181 163 104 125 24 171 95 206 170 92 32 28 0
