0 318 292 296 189 285 296 484 188 227 339 299 393 202 392 310 288 123 301 397 224 280 385 273 291 194 184 116 164 63 351 118 235 24 99 300 208 134 197
318 0 28 416 459 215 416 604 270 217 459 419 513 472 512 430 558 393 571 517 494 400 505 393 27 124 454 386 154 333 471 200 355 294 219 420 328 254 317
292 28 0 390 433 189 390 578 244 191 433 393 487 446 486 404 532 367 545 491 468 374 479 367 1 98 428 360 128 307 445 174 329 268 193 394 302 228 291
296 416 390 0 437 383 324 512 286 325 367 327 421 450 420 338 536 371 549 425 472 308 413 301 389 292 432 364 262 311 379 216 263 272 197 328 236 162 99
189 459 433 437 0 426 437 625 329 368 480 440 534 159 533 451 245 186 258 538 181 421 526 414 432 335 141 73 305 126 492 259 376 165 240 441 349 275 338
285 215 189 383 426 0 383 571 237 184 426 386 480 439 479 397 525 360 538 484 461 367 472 360 188 91 421 353 121 300 438 167 322 261 186 387 295 221 284
296 416 390 324 437 383 0 364 286 325 89 125 273 450 272 136 536 371 549 277 472 106 265 23 389 292 432 364 262 311 231 216 61 272 197 180 88 162 225
484 604 578 512 625 571 364 0 474 513 407 367 107 638 276 378 724 559 737 281 660 348 99 341 577 480 620 552 450 499 235 404 303 460 385 184 276 350 413
188 270 244 286 329 237 286 474 0 179 329 289 383 342 382 300 428 263 441 387 364 270 375 263 243 146 324 256 116 203 341 70 225 164 89 290 198 124 187
227 217 191 325 368 184 325 513 179 0 368 328 422 381 421 339 467 302 480 426 403 309 414 302 190 93 363 295 63 242 380 109 264 203 128 329 237 163 226
339 459 433 367 480 426 89 407 329 368 0 168 316 493 315 179 579 414 592 320 515 149 308 66 432 335 475 407 305 354 274 259 104 315 240 223 131 205 268
299 419 393 327 440 386 125 367 289 328 168 0 276 453 275 49 539 374 552 280 475 19 268 102 392 295 435 367 265 314 234 219 64 275 200 183 91 165 228
393 513 487 421 534 480 273 107 383 422 316 276 0 547 185 287 633 468 646 190 569 257 8 250 486 389 529 461 359 408 144 313 212 369 294 93 185 259 322
202 472 446 450 159 439 450 638 342 381 493 453 547 0 546 464 122 199 135 551 58 434 539 427 445 348 18 86 318 139 505 272 389 178 253 454 362 288 351
392 512 486 420 533 479 272 276 382 421 315 275 185 546 0 286 632 467 645 87 568 256 177 249 485 388 528 460 358 407 41 312 211 368 293 92 184 258 321
310 430 404 338 451 397 136 378 300 339 179 49 287 464 286 0 550 385 563 291 486 30 279 113 403 306 446 378 276 325 245 230 75 286 211 194 102 176 239
288 558 532 536 245 525 536 724 428 467 579 539 633 122 632 550 0 285 141 637 64 520 625 513 531 434 104 172 404 225 591 358 475 264 339 540 448 374 437
123 393 367 371 186 360 371 559 263 302 414 374 468 199 467 385 285 0 298 472 221 355 460 348 366 269 181 113 239 60 426 193 310 99 174 375 283 209 272
301 571 545 549 258 538 549 737 441 480 592 552 646 135 645 563 141 298 0 650 77 533 638 526 544 447 117 185 417 238 604 371 488 277 352 553 461 387 450
397 517 491 425 538 484 277 281 387 426 320 280 190 551 87 291 637 472 650 0 573 261 182 254 490 393 533 465 363 412 46 317 216 373 298 97 189 263 326
224 494 468 472 181 461 472 660 364 403 515 475 569 58 568 486 64 221 77 573 0 456 561 449 467 370 40 108 340 161 527 294 411 200 275 476 384 310 373
280 400 374 308 421 367 106 348 270 309 149 19 257 434 256 30 520 355 533 261 456 0 249 83 373 276 416 348 246 295 215 200 45 256 181 164 72 146 209
385 505 479 413 526 472 265 99 375 414 308 268 8 539 177 279 625 460 638 182 561 249 0 242 478 381 521 453 351 400 136 305 204 361 286 85 177 251 314
273 393 367 301 414 360 23 341 263 302 66 102 250 427 249 113 513 348 526 254 449 83 242 0 366 269 409 341 239 288 208 193 38 249 174 157 65 139 202
291 27 1 389 432 188 389 577 243 190 432 392 486 445 485 403 531 366 544 490 467 373 478 366 0 97 427 359 127 306 444 173 328 267 192 393 301 227 290
194 124 98 292 335 91 292 480 146 93 335 295 389 348 388 306 434 269 447 393 370 276 381 269 97 0 330 262 30 209 347 76 231 170 95 296 204 130 193
184 454 428 432 141 421 432 620 324 363 475 435 529 18 528 446 104 181 117 533 40 416 521 409 427 330 0 68 300 121 487 254 371 160 235 436 344 270 333
116 386 360 364 73 353 364 552 256 295 407 367 461 86 460 378 172 113 185 465 108 348 453 341 359 262 68 0 232 53 419 186 303 92 167 368 276 202 265
164 154 128 262 305 121 262 450 116 63 305 265 359 318 358 276 404 239 417 363 340 246 351 239 127 30 300 232 0 179 317 46 201 140 65 266 174 100 163
63 333 307 311 126 300 311 499 203 242 354 314 408 139 407 325 225 60 238 412 161 295 400 288 306 209 121 53 179 0 366 133 250 39 114 315 223 149 212
351 471 445 379 492 438 231 235 341 380 274 234 144 505 41 245 591 426 604 46 527 215 136 208 444 347 487 419 317 366 0 271 170 327 252 51 143 217 280
118 200 174 216 259 167 216 404 70 109 259 219 313 272 312 230 358 193 371 317 294 200 305 193 173 76 254 186 46 133 271 0 155 94 19 220 128 54 117
235 355 329 263 376 322 61 303 225 264 104 64 212 389 211 75 475 310 488 216 411 45 204 38 328 231 371 303 201 250 170 155 0 211 136 119 27 101 164
24 294 268 272 165 261 272 460 164 203 315 275 369 178 368 286 264 99 277 373 200 256 361 249 267 170 160 92 140 39 327 94 211 0 75 276 184 110 173
99 219 193 197 240 186 197 385 89 128 240 200 294 253 293 211 339 174 352 298 275 181 286 174 192 95 235 167 65 114 252 19 136 75 0 201 109 35 98
300 420 394 328 441 387 180 184 290 329 223 183 93 454 92 194 540 375 553 97 476 164 85 157 393 296 436 368 266 315 51 220 119 276 201 0 92 166 229
208 328 302 236 349 295 88 276 198 237 131 91 185 362 184 102 448 283 461 189 384 72 177 65 301 204 344 276 174 223 143 128 27 184 109 92 0 74 137
134 254 228 162 275 221 162 350 124 163 205 165 259 288 258 176 374 209 387 263 310 146 251 139 227 130 270 202 100 149 217 54 101 110 35 166 74 0 63
197 317 291 99 338 284 225 413 187 226 268 228 322 351 321 239 437 272 450 326 373 209 314 202 290 193 333 265 163 212 280 117 164 173 98 229 137 63 0
