0 269 294 275 361 285 424 294 394 343 380 335 268 448 239
269 0 369 350 436 208 499 87 317 418 303 128 343 523 314
294 369 0 199 339 385 402 394 494 321 480 435 88 426 163
275 350 199 0 320 366 383 375 475 302 461 416 173 407 44
361 436 339 320 0 452 263 461 561 206 547 502 313 243 284
285 208 385 366 452 0 515 233 263 434 133 274 359 539 330
424 499 402 383 263 515 0 524 624 269 610 565 376 350 347
294 87 394 375 461 233 524 0 342 443 328 85 368 548 339
394 317 494 475 561 263 624 342 0 543 358 383 468 648 439
343 418 321 302 206 434 269 443 543 0 529 484 295 293 266
380 303 480 461 547 133 610 328 358 529 0 369 454 634 425
335 128 435 416 502 274 565 85 383 484 369 0 409 589 380
268 343 88 173 313 359 376 368 468 295 454 409 0 400 137
448 523 426 407 243 539 350 548 648 293 634 589 400 0 371
239 314 163 44 284 330 347 339 439 266 425 380 137 371 0
