     15
object000 0 166 280 300 309 260 329 216 255 295 284 263 317 307 316
object001 166 0 246 288 310 104 276 22 94 294 185 282 258 366 252
object002 280 246 0 200 306 285 350 265 370 316 360 135 497 327 155
object003 300 288 200 0 323 366 296 285 407 335 416 165 489 390 109
object004 309 310 306 323 0 382 208 307 397 249 423 293 455 191 310
object005 260 104 285 366 382 0 401 220 239 408 185 352 360 433 353
object006 329 276 350 296 208 401 0 327 419 260 450 344 475 255 302
object007 216 22 265 285 307 220 327 0 114 330 243 319 300 388 290
object008 255 94 370 407 397 239 419 114 0 402 327 397 362 453 345
object009 295 294 316 335 249 408 260 330 402 0 445 319 497 295 316
object010 284 185 360 416 423 185 450 243 327 445 0 347 365 463 372
object011 263 282 135 165 293 352 344 319 397 319 347 0 434 327 159
object012 317 258 497 489 455 360 475 300 362 497 365 434 0 520 436
object013 307 366 327 390 191 433 255 388 453 295 463 327 520 0 329
object014 316 252 155 109 310 353 302 290 345 316 372 159 436 329 0
