0 194 186 430 224 131 323 402 328 174 195 288 280 462 389
194 0 279 372 335 441 118 251 227 375 426 382 150 291 284
186 279 0 482 95 341 376 465 418 318 416 246 433 511 426
430 372 482 0 533 563 218 430 406 583 607 661 365 202 205
224 335 95 533 0 372 411 493 410 363 372 256 405 511 430
131 441 341 563 372 0 491 490 441 195 289 409 405 599 547
323 118 376 218 411 491 0 346 296 412 507 485 260 157 73
402 251 465 430 493 490 346 0 77 507 583 547 235 479 375
328 227 418 406 410 441 296 77 0 475 551 473 215 370 347
174 375 318 583 363 195 412 507 475 0 138 430 379 529 436
195 426 416 607 372 289 507 583 551 138 0 456 450 634 519
288 382 246 661 256 409 485 547 473 430 456 0 424 625 512
280 150 433 365 405 405 260 235 215 379 450 424 0 398 280
462 291 511 202 511 599 157 479 370 529 634 625 398 0 253
389 284 426 205 430 547 73 375 347 436 519 512 280 253 0
