0 225 153 273 263 320 343 239 272 478 485 309 443 374 317
225 0 214 229 166 358 380 364 117 305 340 396 307 220 123
153 214 0 346 316 173 151 324 255 486 497 152 415 367 341
273 229 346 0 129 479 466 512 124 347 355 451 326 80 154
263 166 316 129 0 428 409 423 78 330 299 412 305 208 38
320 358 173 479 428 0 340 422 433 589 601 140 579 538 442
343 380 151 466 409 340 0 391 396 588 616 292 542 537 412
239 364 324 512 423 422 391 0 450 582 631 416 569 490 439
272 117 255 124 78 433 396 450 0 290 280 435 296 217 85
478 305 486 347 330 589 588 582 290 0 109 579 277 441 362
485 340 497 355 299 601 616 631 280 109 0 575 232 375 371
309 396 152 451 412 140 292 416 435 579 575 0 587 513 413
443 307 415 326 305 579 542 569 296 277 232 587 0 385 309
374 220 367 80 208 538 537 490 217 441 375 513 385 0 233
317 123 341 154 38 442 412 439 85 362 371 413 309 233 0
