0 352 246 339 377 369 393 384 426 345 329 362 341 459 265
352 0 423 577 531 283 579 161 385 495 328 262 480 629 389
246 423 0 167 220 408 227 525 590 173 475 476 112 323 15
339 577 167 0 359 585 357 643 657 346 604 643 322 374 141
377 531 220 359 0 542 126 604 679 275 614 682 375 200 239
369 283 408 585 542 0 564 399 312 491 150 413 466 644 395
393 579 227 357 126 564 0 662 659 249 625 676 320 191 236
384 161 525 643 604 399 662 0 500 587 402 23 581 673 470
426 385 590 657 679 312 659 500 0 606 341 534 643 710 470
345 495 173 346 275 491 249 587 606 0 519 633 299 328 236
329 328 475 604 614 150 625 402 341 519 0 434 544 688 476
362 262 476 643 682 413 676 23 534 633 434 0 612 737 555
341 480 112 322 375 466 320 581 643 299 544 612 0 433 122
459 629 323 374 200 644 191 673 710 328 688 737 433 0 307
265 389 15 141 239 395 236 470 470 236 476 555 122 307 0
