0 259 207 472 221 134 341 393 346 120 182 283 304 453 374
259 0 318 341 332 387 210 262 215 373 435 394 173 322 243
207 318 0 531 104 335 400 452 405 321 383 240 363 512 433
472 341 531 0 545 600 219 461 414 586 648 607 372 155 252
221 332 104 545 0 349 414 466 419 335 397 254 377 526 447
134 387 335 600 349 0 469 521 474 190 252 411 432 581 502
341 210 400 219 414 469 0 330 283 455 517 476 241 200 53
393 262 452 461 466 521 330 0 89 507 569 528 265 442 363
346 215 405 414 419 474 283 89 0 460 522 481 218 395 316
120 373 321 586 335 190 455 507 460 0 118 397 418 567 488
182 435 383 648 397 252 517 569 522 118 0 459 480 629 550
283 394 240 607 254 411 476 528 481 397 459 0 439 588 509
304 173 363 372 377 432 241 265 218 418 480 439 0 353 274
453 322 512 155 526 581 200 442 395 567 629 588 353 0 233
374 243 433 252 447 502 53 363 316 488 550 509 274 233 0
