     15
object000 0 327 290 248 278 293 263 279 372 293 340 308 304 521 484
object001 327 0 460 402 443 448 502 441 179 214 487 415 493 176 164
object002 290 460 0 211 264 144 462 367 496 408 282 244 298 597 616
object003 248 402 211 0 292 209 400 348 444 332 247 221 314 537 557
object004 278 443 264 292 0 288 483 386 491 412 257 218 280 616 568
object005 293 448 144 209 288 0 460 405 543 467 335 269 310 609 579
object006 263 502 462 400 483 460 0 285 507 446 477 426 503 654 633
object007 279 441 367 348 386 405 285 0 489 398 469 396 466 647 562
object008 372 179 496 444 491 543 507 489 0 225 542 491 489 315 340
object009 293 214 408 332 412 467 446 398 225 0 478 405 456 365 378
object010 340 487 282 247 257 335 477 469 542 478 0 141 312 678 625
object011 308 415 244 221 218 269 426 396 491 405 141 0 308 564 601
object012 304 493 298 314 280 310 503 466 489 456 312 308 0 664 607
object013 521 176 597 537 616 609 654 647 315 365 678 564 664 0 56
object014 484 164 616 557 568 579 633 562 340 378 625 601 607 56 0
