     15
object000 0 404 219 284 337 171 358 282 384 411 346 399 376 506 549
object001 404 0 345 470 447 435 563 537 197 416 505 548 579 206 240
object002 219 345 0 115 196 6 386 273 380 402 251 309 235 495 504
object003 284 470 115 0 262 143 387 360 409 455 306 349 416 571 602
object004 337 447 196 262 0 222 517 397 466 506 245 323 249 565 619
object005 171 435 6 143 222 0 393 304 365 406 282 271 259 447 502
object006 358 563 386 387 517 393 0 259 542 577 518 562 559 633 722
object007 282 537 273 360 397 304 259 0 478 524 440 496 466 551 634
object008 384 197 380 409 466 365 542 478 0 379 515 520 538 264 303
object009 411 416 402 455 506 406 577 524 379 0 530 587 575 472 481
object010 346 505 251 306 245 282 518 440 515 530 0 98 86 624 677
object011 399 548 309 349 323 271 562 496 520 587 98 0 155 632 687
object012 376 579 235 416 249 259 559 466 538 575 86 155 0 619 716
object013 506 206 495 571 565 447 633 551 264 472 624 632 619 0 53
object014 549 240 504 602 619 502 722 634 303 481 677 687 716 53 0
