0 307 179 411 425 162 61 468 441 444 198 197 452 390 479
307 0 292 216 230 275 336 273 246 249 473 310 257 195 284
179 292 0 396 410 143 208 453 426 429 345 178 437 375 464
411 216 396 0 218 379 440 261 292 295 577 414 303 99 272
425 230 410 218 0 393 454 113 306 309 591 428 317 197 124
162 275 143 379 393 0 191 436 409 412 328 81 420 358 447
61 336 208 440 454 191 0 497 470 473 195 226 481 419 508
468 273 453 261 113 436 497 0 349 352 634 471 360 240 49
441 246 426 292 306 409 470 349 0 33 607 444 307 271 360
444 249 429 295 309 412 473 352 33 0 610 447 310 274 363
198 473 345 577 591 328 195 634 607 610 0 363 618 556 645
197 310 178 414 428 81 226 471 444 447 363 0 455 393 482
452 257 437 303 317 420 481 360 307 310 618 455 0 282 371
390 195 375 99 197 358 419 240 271 274 556 393 282 0 251
479 284 464 272 124 447 508 49 360 363 645 482 371 251 0
