     15
object000 0 204 215 262 184 374 202 538 289 261 339 370 166 352 329
object001 204 0 313 143 151 426 279 627 272 253 423 275 182 453 393
object002 215 313 0 347 276 379 52 407 416 378 361 488 284 403 368
object003 262 143 347 0 191 486 318 649 328 293 466 279 202 515 434
object004 184 151 276 191 0 408 236 582 154 116 379 336 105 399 360
object005 374 426 379 486 408 0 361 695 523 496 172 598 415 175 113
object006 202 279 52 318 236 361 0 353 351 333 327 440 236 376 308
object007 538 627 407 649 582 695 353 0 698 676 677 780 567 692 645
object008 289 272 416 328 154 523 351 698 0 159 515 453 228 532 488
object009 261 253 378 293 116 496 333 676 159 0 489 432 198 498 469
object010 339 423 361 466 379 172 327 677 515 489 0 603 372 88 64
object011 370 275 488 279 336 598 440 780 453 432 603 0 347 614 563
object012 166 182 284 202 105 415 236 567 228 198 372 347 0 403 362
object013 352 453 403 515 399 175 376 692 532 498 88 614 403 0 81
object014 329 393 368 434 360 113 308 645 488 469 64 563 362 81 0
