0 250 353 368 489 338 450 524 582 569 389 417 375 488 493
250 0 279 162 285 264 376 450 508 365 315 211 171 414 419
353 279 0 397 518 169 167 241 299 598 220 446 404 319 324
368 162 397 0 403 382 494 568 626 483 433 157 289 532 537
489 285 518 403 0 503 615 689 747 254 554 452 242 653 658
338 264 169 382 503 0 266 340 398 583 127 431 389 226 231
450 376 167 494 615 266 0 258 316 695 317 543 501 416 421
524 450 241 568 689 340 258 0 60 769 391 617 575 490 495
582 508 299 626 747 398 316 60 0 827 449 675 633 548 553
569 365 598 483 254 583 695 769 827 0 634 532 322 733 738
389 315 220 433 554 127 317 391 449 634 0 482 440 205 210
417 211 446 157 452 431 543 617 675 532 482 0 338 581 586
375 171 404 289 242 389 501 575 633 322 440 338 0 539 544
488 414 319 532 653 226 416 490 548 733 205 581 539 0 133
493 419 324 537 658 231 421 495 553 738 210 586 544 133 0
