0 433 472 155 559 230 369 543 525 462 174 627 393 249 565
433 0 224 422 227 494 511 218 320 144 434 328 138 418 318
472 224 0 452 377 528 583 354 215 268 482 434 165 462 266
155 422 452 0 515 183 360 496 506 435 133 617 375 249 558
559 227 377 515 0 618 660 253 417 211 572 256 270 541 451
230 494 528 183 618 0 424 601 581 507 107 688 436 322 639
369 511 583 360 660 424 0 648 619 567 382 706 464 211 653
543 218 354 496 253 601 648 0 417 93 551 339 270 511 433
525 320 215 506 417 581 619 417 0 353 523 515 223 514 99
462 144 268 435 211 507 567 93 353 0 472 274 188 451 366
174 434 482 133 572 107 382 551 523 472 0 634 381 279 582
627 328 434 617 256 688 706 339 515 274 634 0 361 606 517
393 138 165 375 270 436 464 270 223 188 381 361 0 382 233
249 418 462 249 541 322 211 511 514 451 279 606 382 0 524
565 318 266 558 451 639 653 433 99 366 582 517 233 524 0
