0 319 424 414 183 272 481 316 374 452 549 537 346 565 549
319 0 157 149 324 287 214 457 389 187 282 272 81 298 284
424 157 0 254 429 392 171 562 494 292 239 377 186 255 389
414 149 254 0 419 382 311 552 484 138 379 223 160 395 235
183 324 429 419 0 277 486 227 379 457 554 542 351 570 554
272 287 392 382 277 0 449 410 190 420 517 505 314 533 517
481 214 171 311 486 449 0 619 551 349 196 434 243 212 446
316 457 562 552 227 410 619 0 512 590 687 675 484 703 687
374 389 494 484 379 190 551 512 0 522 619 607 416 635 619
452 187 292 138 457 420 349 590 522 0 417 107 198 433 125
549 282 239 379 554 517 196 687 619 417 0 502 311 136 514
537 272 377 223 542 505 434 675 607 107 502 0 283 518 210
346 81 186 160 351 314 243 484 416 198 311 283 0 327 295
565 298 255 395 570 533 212 703 635 433 136 518 327 0 530
549 284 389 235 554 517 446 687 619 125 514 210 295 530 0
