     15
object000 0 255 393 351 194 244 394 263 293 417 328 565 314 425 430
object001 255 0 211 193 272 234 227 344 286 266 379 392 186 281 293
object002 393 211 0 350 399 376 165 478 419 401 525 315 360 433 455
object003 351 193 350 0 365 316 373 430 390 128 472 511 164 145 141
object004 194 272 399 365 0 256 405 159 311 410 223 570 341 451 429
object005 244 234 376 316 256 0 381 312 167 389 379 550 306 418 409
object006 394 227 165 373 405 381 0 468 449 438 524 161 346 462 446
object007 263 344 478 430 159 312 468 0 380 480 230 642 400 513 524
object008 293 286 419 390 311 167 449 380 0 445 414 611 379 456 465
object009 417 266 401 128 410 389 438 480 445 0 572 576 237 77 197
object010 328 379 525 472 223 379 524 230 414 572 0 710 462 576 575
object011 565 392 315 511 570 550 161 642 611 576 710 0 522 632 610
object012 314 186 360 164 341 306 346 400 379 237 462 522 0 273 260
object013 425 281 433 145 451 418 462 513 456 77 576 632 273 0 218
object014 430 293 455 141 429 409 446 524 465 197 575 610 260 218 0
