0 393 241 368 434 384 354 347 472 493 479 478 406 501 474
393 0 330 135 397 271 265 438 455 470 437 435 387 456 194
241 330 0 319 348 307 264 208 404 415 392 416 349 402 365
368 135 319 0 395 281 237 436 426 451 426 436 364 437 77
434 397 348 395 0 397 348 459 366 414 376 401 330 400 429
384 271 307 281 397 0 127 409 415 441 413 414 345 421 305
354 265 264 237 348 127 0 398 408 438 396 411 338 416 299
347 438 208 436 459 409 398 0 498 533 492 506 457 515 488
472 455 404 426 366 415 408 498 0 198 171 186 201 185 481
493 470 415 451 414 441 438 533 198 0 125 147 235 170 524
479 437 392 426 376 413 396 492 171 125 0 114 206 131 476
478 435 416 436 401 414 411 506 186 147 114 0 208 6 491
406 387 349 364 330 345 338 457 201 235 206 208 0 227 420
501 456 402 437 400 421 416 515 185 170 131 6 227 0 502
474 194 365 77 429 305 299 488 481 524 476 491 420 502 0
