0 202 230 250 173 362 193 534 287 263 342 376 175 363 320
202 0 306 150 167 438 269 610 281 257 418 276 169 439 396
230 306 0 354 277 386 67 408 391 367 366 480 279 387 344
250 150 354 0 215 486 317 658 329 305 466 284 217 487 444
173 167 277 215 0 409 240 581 140 116 389 341 108 410 367
362 438 386 486 409 0 349 690 523 499 148 612 411 169 126
193 269 67 317 240 349 0 357 354 330 329 443 242 350 307
534 610 408 658 581 690 357 0 695 671 670 784 583 691 648
287 281 391 329 140 523 354 695 0 166 503 455 222 524 481
263 257 367 305 116 499 330 671 166 0 479 431 198 500 457
342 418 366 466 389 148 329 670 503 479 0 592 391 111 68
376 276 480 284 341 612 443 784 455 431 592 0 343 613 570
175 169 279 217 108 411 242 583 222 198 391 343 0 412 369
363 439 387 487 410 169 350 691 524 500 111 613 412 0 81
320 396 344 444 367 126 307 648 481 457 68 570 369 81 0
