0 354 228 212 341 56 407 238 260 334 240 359 309 275 355
354 0 373 360 159 369 238 442 485 485 461 507 132 489 479
228 373 0 155 344 221 432 322 347 294 322 138 325 347 306
212 360 155 0 350 222 419 289 314 256 313 313 309 349 252
341 159 344 350 0 344 164 443 480 469 432 507 118 493 476
56 369 221 222 344 0 435 246 278 343 258 355 328 296 359
407 238 432 419 164 435 0 513 556 553 510 567 168 569 546
238 442 322 289 443 246 513 0 208 431 146 439 396 154 448
260 485 347 314 480 278 556 208 0 448 83 500 427 218 469
334 485 294 256 469 343 553 431 448 0 445 429 437 470 196
240 461 322 313 432 258 510 146 83 445 0 452 382 212 424
359 507 138 313 507 355 567 439 500 429 452 0 454 474 426
309 132 325 309 118 328 168 396 427 437 382 454 0 438 439
275 489 347 349 493 296 569 154 218 470 212 474 438 0 469
355 479 306 252 476 359 546 448 469 196 424 426 439 469 0
