     15
object000 0 242 205 186 88 176 253 100 182 257 153 343 174 480 317
object001 242 0 125 164 275 277 178 309 276 258 369 279 173 427 287
object002 205 125 0 150 261 227 48 273 273 210 319 153 156 260 280
object003 186 164 150 0 266 235 211 232 259 95 327 301 21 418 132
object004 88 275 261 266 0 222 305 64 275 311 169 412 248 534 372
object005 176 277 227 235 222 0 299 219 43 297 302 390 242 521 347
object006 253 178 48 211 305 299 0 329 310 288 373 125 203 276 336
object007 100 309 273 232 64 219 329 0 258 329 120 413 276 548 378
object008 182 276 273 259 275 43 310 258 0 323 316 416 244 551 402
object009 257 258 210 95 311 297 288 329 323 0 409 383 103 487 78
object010 153 369 319 327 169 302 373 120 316 409 0 500 352 608 459
object011 343 279 153 301 412 390 125 413 416 383 500 0 307 166 434
object012 174 173 156 21 248 242 203 276 244 103 352 307 0 419 138
object013 480 427 260 418 534 521 276 548 551 487 608 166 419 0 540
object014 317 287 280 132 372 347 336 378 402 78 459 434 138 540 0
