0 410 324 641 598 231 635 683 457 465 371 578 754 574 361 441 579 645 165 611 304 546 224 676 89 589 552 531 347 417 505 518 487 410 391 361 137 312 218
410 0 460 427 384 367 421 469 243 251 87 364 540 360 497 227 365 431 397 397 440 332 360 462 321 375 338 317 63 203 291 304 273 196 177 147 273 98 192
324 460 0 691 648 107 685 733 507 515 421 628 804 624 77 491 629 695 311 661 20 596 100 726 235 639 602 581 397 467 555 568 537 460 441 411 187 362 268
641 427 691 0 265 598 494 542 316 384 388 245 613 433 728 360 246 194 628 470 671 95 591 535 552 448 411 198 364 336 364 185 154 269 250 280 504 329 423
598 384 648 265 0 555 451 499 273 341 345 114 570 390 685 317 141 269 585 427 628 170 548 492 509 405 368 67 321 293 321 80 111 226 207 237 461 286 380
231 367 107 598 555 0 592 640 414 422 328 535 711 531 144 398 536 602 218 568 87 503 7 633 142 546 509 488 304 374 462 475 444 367 348 318 94 269 175
635 421 685 494 451 592 0 140 272 378 382 431 211 199 722 354 432 498 622 142 665 399 585 133 546 46 83 384 358 330 130 371 340 225 244 274 498 323 417
683 469 733 542 499 640 140 0 320 426 430 479 85 247 770 402 480 546 670 190 713 447 633 7 594 94 131 432 406 378 178 419 388 273 292 322 546 371 465
457 243 507 316 273 414 272 320 0 200 204 253 391 211 544 176 254 320 444 248 487 221 407 313 368 226 189 206 180 152 142 193 162 47 66 96 320 145 239
465 251 515 384 341 422 378 426 200 0 212 321 497 317 552 72 322 388 452 354 495 289 415 419 376 332 295 274 188 48 248 261 230 153 134 104 328 153 247
371 87 421 388 345 328 382 430 204 212 0 325 501 321 458 188 326 392 358 358 401 293 321 423 282 336 299 278 24 164 252 265 234 157 138 108 234 59 153
578 364 628 245 114 535 431 479 253 321 325 0 550 370 665 297 121 249 565 407 608 150 528 472 489 385 348 47 301 273 301 60 91 206 187 217 441 266 360
754 540 804 613 570 711 211 85 391 497 501 550 0 318 841 473 551 617 741 261 784 518 704 78 665 165 202 503 477 449 249 490 459 344 363 393 617 442 536
574 360 624 433 390 531 199 247 211 317 321 370 318 0 661 293 371 437 561 175 604 338 524 240 485 153 116 323 297 269 69 310 279 164 183 213 437 262 356
361 497 77 728 685 144 722 770 544 552 458 665 841 661 0 528 666 732 348 698 57 633 137 763 272 676 639 618 434 504 592 605 574 497 478 448 224 399 305
441 227 491 360 317 398 354 402 176 72 188 297 473 293 528 0 298 364 428 330 471 265 391 395 352 308 271 250 164 24 224 237 206 129 110 80 304 129 223
579 365 629 246 141 536 432 480 254 322 326 121 551 371 666 298 0 250 566 408 609 151 529 473 490 386 349 74 302 274 302 61 92 207 188 218 442 267 361
645 431 695 194 269 602 498 546 320 388 392 249 617 437 732 364 250 0 632 474 675 99 595 539 556 452 415 202 368 340 368 189 158 273 254 284 508 333 427
165 397 311 628 585 218 622 670 444 452 358 565 741 561 348 428 566 632 0 598 291 533 211 663 76 576 539 518 334 404 492 505 474 397 378 348 124 299 205
611 397 661 470 427 568 142 190 248 354 358 407 261 175 698 330 408 474 598 0 641 375 561 183 522 96 59 360 334 306 106 347 316 201 220 250 474 299 393
304 440 20 671 628 87 665 713 487 495 401 608 784 604 57 471 609 675 291 641 0 576 80 706 215 619 582 561 377 447 535 548 517 440 421 391 167 342 248
546 332 596 95 170 503 399 447 221 289 293 150 518 338 633 265 151 99 533 375 576 0 496 440 457 353 316 103 269 241 269 90 59 174 155 185 409 234 328
224 360 100 591 548 7 585 633 407 415 321 528 704 524 137 391 529 595 211 561 80 496 0 626 135 539 502 481 297 367 455 468 437 360 341 311 87 262 168
676 462 726 535 492 633 133 7 313 419 423 472 78 240 763 395 473 539 663 183 706 440 626 0 587 87 124 425 399 371 171 412 381 266 285 315 539 364 458
89 321 235 552 509 142 546 594 368 376 282 489 665 485 272 352 490 556 76 522 215 457 135 587 0 500 463 442 258 328 416 429 398 321 302 272 48 223 129
589 375 639 448 405 546 46 94 226 332 336 385 165 153 676 308 386 452 576 96 619 353 539 87 500 0 37 338 312 284 84 325 294 179 198 228 452 277 371
552 338 602 411 368 509 83 131 189 295 299 348 202 116 639 271 349 415 539 59 582 316 502 124 463 37 0 301 275 247 47 288 257 142 161 191 415 240 334
531 317 581 198 67 488 384 432 206 274 278 47 503 323 618 250 74 202 518 360 561 103 481 425 442 338 301 0 254 226 254 13 44 159 140 170 394 219 313
347 63 397 364 321 304 358 406 180 188 24 301 477 297 434 164 302 368 334 334 377 269 297 399 258 312 275 254 0 140 228 241 210 133 114 84 210 35 129
417 203 467 336 293 374 330 378 152 48 164 273 449 269 504 24 274 340 404 306 447 241 367 371 328 284 247 226 140 0 200 213 182 105 86 56 280 105 199
505 291 555 364 321 462 130 178 142 248 252 301 249 69 592 224 302 368 492 106 535 269 455 171 416 84 47 254 228 200 0 241 210 95 114 144 368 193 287
518 304 568 185 80 475 371 419 193 261 265 60 490 310 605 237 61 189 505 347 548 90 468 412 429 325 288 13 241 213 241 0 31 146 127 157 381 206 300
487 273 537 154 111 444 340 388 162 230 234 91 459 279 574 206 92 158 474 316 517 59 437 381 398 294 257 44 210 182 210 31 0 115 96 126 350 175 269
410 196 460 269 226 367 225 273 47 153 157 206 344 164 497 129 207 273 397 201 440 174 360 266 321 179 142 159 133 105 95 146 115 0 19 49 273 98 192
391 177 441 250 207 348 244 292 66 134 138 187 363 183 478 110 188 254 378 220 421 155 341 285 302 198 161 140 114 86 114 127 96 19 0 30 254 79 173
361 147 411 280 237 318 274 322 96 104 108 217 393 213 448 80 218 284 348 250 391 185 311 315 272 228 191 170 84 56 144 157 126 49 30 0 224 49 143
137 273 187 504 461 94 498 546 320 328 234 441 617 437 224 304 442 508 124 474 167 409 87 539 48 452 415 394 210 280 368 381 350 273 254 224 0 175 81
312 98 362 329 286 269 323 371 145 153 59 266 442 262 399 129 267 333 299 299 342 234 262 364 223 277 240 219 35 105 193 206 175 98 79 49 175 0 94
218 192 268 423 380 175 417 465 239 247 153 360 536 356 305 223 361 427 205 393 248 328 168 458 129 371 334 313 129 199 287 300 269 192 173 143 81 94 0
