0 431 204 412 419 410 667 639 63 237 188 171 560 417 554 586 429 324 261 116 324 582 579 174 523 342 17 103 274 21 480 382 346 159 109 280 165 229 233
431 0 417 385 158 281 334 306 460 450 289 560 227 288 221 253 402 297 362 505 195 249 246 275 190 315 414 492 247 410 147 49 85 372 322 151 266 202 198
204 417 0 398 405 396 653 625 233 123 174 333 546 403 540 572 415 310 247 278 310 568 565 160 509 328 187 265 260 183 466 368 332 45 95 266 151 215 219
412 385 398 0 373 364 621 593 441 431 270 541 514 371 508 540 157 188 343 486 278 536 533 256 477 70 395 473 138 391 434 336 300 353 303 234 247 183 187
419 158 405 373 0 269 394 366 448 438 277 548 287 276 281 313 390 285 350 493 183 309 306 263 250 303 402 480 235 398 207 109 73 360 310 139 254 190 186
410 281 396 364 269 0 517 489 439 429 268 539 410 179 404 436 381 276 341 484 86 432 429 254 373 294 393 471 226 389 330 232 196 351 301 130 245 181 177
667 334 653 621 394 517 0 142 696 686 525 796 267 524 261 95 638 533 598 741 431 85 88 511 230 551 650 728 483 646 187 285 321 608 558 387 502 438 434
639 306 625 593 366 489 142 0 668 658 497 768 239 496 233 67 610 505 570 713 403 57 60 483 202 523 622 700 455 618 159 257 293 580 530 359 474 410 406
63 460 233 441 448 439 696 668 0 266 217 200 589 446 583 615 458 353 290 145 353 611 608 203 552 371 46 132 303 50 509 411 375 188 138 309 194 258 262
237 450 123 431 438 429 686 658 266 0 207 366 579 436 573 605 448 343 280 311 343 601 598 193 542 361 220 298 293 216 499 401 365 78 128 299 184 248 252
188 289 174 270 277 268 525 497 217 207 0 317 418 275 412 444 287 182 101 262 182 440 437 14 381 200 171 249 132 167 338 240 204 129 79 138 23 87 91
171 560 333 541 548 539 796 768 200 366 317 0 689 546 683 715 558 453 390 81 453 711 708 303 652 471 154 68 403 150 609 511 475 288 238 409 294 358 362
560 227 546 514 287 410 267 239 589 579 418 689 0 417 68 186 531 426 491 634 324 182 179 404 37 444 543 621 376 539 80 178 214 501 451 280 395 331 327
417 288 403 371 276 179 524 496 446 436 275 546 417 0 411 443 388 283 348 491 93 439 436 261 380 301 400 478 233 396 337 239 203 358 308 137 252 188 184
554 221 540 508 281 404 261 233 583 573 412 683 68 411 0 180 525 420 485 628 318 176 173 398 31 438 537 615 370 533 74 172 208 495 445 274 389 325 321
586 253 572 540 313 436 95 67 615 605 444 715 186 443 180 0 557 452 517 660 350 10 7 430 149 470 569 647 402 565 106 204 240 527 477 306 421 357 353
429 402 415 157 390 381 638 610 458 448 287 558 531 388 525 557 0 205 360 503 295 553 550 273 494 87 412 490 155 408 451 353 317 370 320 251 264 200 204
324 297 310 188 285 276 533 505 353 343 182 453 426 283 420 452 205 0 255 398 190 448 445 168 389 118 307 385 50 303 346 248 212 265 215 146 159 95 99
261 362 247 343 350 341 598 570 290 280 101 390 491 348 485 517 360 255 0 335 255 513 510 87 454 273 244 322 205 240 411 313 277 202 152 211 96 160 164
116 505 278 486 493 484 741 713 145 311 262 81 634 491 628 660 503 398 335 0 398 656 653 248 597 416 99 13 348 95 554 456 420 233 183 354 239 303 307
324 195 310 278 183 86 431 403 353 343 182 453 324 93 318 350 295 190 255 398 0 346 343 168 287 208 307 385 140 303 244 146 110 265 215 44 159 95 91
582 249 568 536 309 432 85 57 611 601 440 711 182 439 176 10 553 448 513 656 346 0 3 426 145 466 565 643 398 561 102 200 236 523 473 302 417 353 349
579 246 565 533 306 429 88 60 608 598 437 708 179 436 173 7 550 445 510 653 343 3 0 423 142 463 562 640 395 558 99 197 233 520 470 299 414 350 346
174 275 160 256 263 254 511 483 203 193 14 303 404 261 398 430 273 168 87 248 168 426 423 0 367 186 157 235 118 153 324 226 190 115 65 124 9 73 77
523 190 509 477 250 373 230 202 552 542 381 652 37 380 31 149 494 389 454 597 287 145 142 367 0 407 506 584 339 502 43 141 177 464 414 243 358 294 290
342 315 328 70 303 294 551 523 371 361 200 471 444 301 438 470 87 118 273 416 208 466 463 186 407 0 325 403 68 321 364 266 230 283 233 164 177 113 117
17 414 187 395 402 393 650 622 46 220 171 154 543 400 537 569 412 307 244 99 307 565 562 157 506 325 0 86 257 4 463 365 329 142 92 263 148 212 216
103 492 265 473 480 471 728 700 132 298 249 68 621 478 615 647 490 385 322 13 385 643 640 235 584 403 86 0 335 82 541 443 407 220 170 341 226 290 294
274 247 260 138 235 226 483 455 303 293 132 403 376 233 370 402 155 50 205 348 140 398 395 118 339 68 257 335 0 253 296 198 162 215 165 96 109 45 49
21 410 183 391 398 389 646 618 50 216 167 150 539 396 533 565 408 303 240 95 303 561 558 153 502 321 4 82 253 0 459 361 325 138 88 259 144 208 212
480 147 466 434 207 330 187 159 509 499 338 609 80 337 74 106 451 346 411 554 244 102 99 324 43 364 463 541 296 459 0 98 134 421 371 200 315 251 247
382 49 368 336 109 232 285 257 411 401 240 511 178 239 172 204 353 248 313 456 146 200 197 226 141 266 365 443 198 361 98 0 36 323 273 102 217 153 149
346 85 332 300 73 196 321 293 375 365 204 475 214 203 208 240 317 212 277 420 110 236 233 190 177 230 329 407 162 325 134 36 0 287 237 66 181 117 113
159 372 45 353 360 351 608 580 188 78 129 288 501 358 495 527 370 265 202 233 265 523 520 115 464 283 142 220 215 138 421 323 287 0 50 221 106 170 174
109 322 95 303 310 301 558 530 138 128 79 238 451 308 445 477 320 215 152 183 215 473 470 65 414 233 92 170 165 88 371 273 237 50 0 171 56 120 124
280 151 266 234 139 130 387 359 309 299 138 409 280 137 274 306 251 146 211 354 44 302 299 124 243 164 263 341 96 259 200 102 66 221 171 0 115 51 47
165 266 151 247 254 245 502 474 194 184 23 294 395 252 389 421 264 159 96 239 159 417 414 9 358 177 148 226 109 144 315 217 181 106 56 115 0 64 68
229 202 215 183 190 181 438 410 258 248 87 358 331 188 325 357 200 95 160 303 95 353 350 73 294 113 212 290 45 208 251 153 117 170 120 51 64 0 4
233 198 219 187 186 177 434 406 262 252 91 362 327 184 321 353 204 99 164 307 91 349 346 77 290 117 216 294 49 212 247 149 113 174 124 47 68 4 0
