0 106 311 530 493 587 597 531 444 463 330 605 612 631 506 450 546 127 37 720 620 439 574 544 38 497 465 264 101 413 447 467 417 398 372 358 76 251 185
106 0 288 466 436 520 536 470 362 396 265 530 561 580 456 410 481 40 100 668 576 372 505 486 73 445 435 214 26 359 414 395 358 328 313 299 25 179 121
311 288 0 353 312 409 394 352 261 297 100 414 440 445 343 267 363 249 306 540 456 250 382 354 299 322 284 40 241 224 293 308 250 203 181 167 238 64 140
530 466 353 0 277 278 394 333 243 280 350 284 423 306 166 303 207 463 508 386 319 91 225 347 494 183 271 293 453 263 256 147 90 199 149 195 456 279 323
493 436 312 277 0 351 142 109 108 269 295 332 198 414 256 250 273 429 466 472 393 188 332 110 441 267 36 254 396 213 27 214 191 86 125 146 380 234 298
587 520 409 278 351 0 468 372 281 340 416 184 497 96 258 373 165 532 584 189 91 189 18 406 568 92 330 363 519 311 334 113 178 280 231 239 510 335 397
597 536 394 394 142 468 0 161 225 356 410 447 109 483 379 350 373 525 580 584 480 289 441 38 558 355 116 352 481 303 108 326 282 184 222 254 492 337 390
531 470 352 333 109 372 161 0 183 294 352 396 191 430 326 296 336 494 503 513 422 241 367 114 493 316 53 307 443 261 60 265 224 129 157 173 451 287 357
444 362 261 243 108 281 225 183 0 206 251 307 267 339 213 224 240 374 420 433 338 141 261 182 422 189 117 202 364 159 100 179 98 60 78 88 342 190 233
463 396 297 280 269 340 356 294 206 0 283 377 374 407 280 78 311 417 455 466 389 196 333 318 427 270 221 229 391 55 231 236 189 144 138 111 371 215 276
330 265 100 350 295 416 410 352 251 283 0 408 439 456 330 271 361 274 294 529 451 280 372 358 288 315 292 53 238 230 278 287 255 213 193 170 245 70 142
605 530 414 284 332 184 447 396 307 377 408 0 470 221 269 351 176 543 596 288 222 171 123 400 557 75 339 373 512 312 325 127 170 265 231 225 512 339 404
612 561 440 423 198 497 109 191 267 374 439 470 0 531 408 390 435 561 615 612 516 341 446 86 593 393 173 380 538 354 166 385 330 222 265 274 535 365 438
631 580 445 306 414 96 483 430 339 407 456 221 531 0 301 394 226 576 613 71 2 222 76 443 595 118 381 401 551 347 366 172 212 316 266 299 545 404 438
506 456 343 166 256 258 379 326 213 280 330 269 408 301 0 300 183 479 496 375 306 61 228 324 467 187 243 293 439 227 255 135 98 199 169 175 443 255 329
450 410 267 303 250 373 350 296 224 78 271 351 390 394 300 0 313 419 445 463 384 203 321 307 421 295 230 228 378 44 229 261 205 174 146 93 371 206 277
546 481 363 207 273 165 373 336 240 311 361 176 435 226 183 313 0 481 503 309 225 116 154 352 489 94 280 305 462 259 285 79 108 193 162 177 456 288 359
127 40 249 463 429 532 525 494 374 417 274 543 561 576 479 419 481 0 96 658 573 400 509 490 93 456 418 201 26 348 405 429 367 359 323 277 29 184 123
37 100 306 508 466 584 580 503 420 455 294 596 615 613 496 445 503 96 0 693 627 412 551 512 12 476 442 255 74 406 456 453 393 382 364 333 64 227 162
720 668 540 386 472 189 584 513 433 466 529 288 612 71 375 463 309 658 693 0 66 297 149 512 666 176 451 470 610 424 413 230 266 383 342 344 615 461 515
620 576 456 319 393 91 480 422 338 389 451 222 516 2 306 384 225 573 627 66 0 228 57 445 586 127 350 381 550 362 372 166 199 298 264 280 541 375 438
439 372 250 91 188 189 289 241 141 196 280 171 341 222 61 203 116 400 412 297 228 0 150 249 402 95 166 220 372 155 183 62 8 112 81 84 369 197 241
574 505 382 225 332 18 441 367 261 333 372 123 446 76 228 321 154 509 551 149 57 150 0 371 541 52 290 314 483 280 304 100 146 234 206 185 484 325 378
544 486 354 347 110 406 38 114 182 318 358 400 86 443 324 307 352 490 512 512 445 249 371 0 510 297 85 303 459 262 95 276 229 153 170 208 448 277 362
38 73 299 494 441 568 558 493 422 427 288 557 593 595 467 421 489 93 12 666 586 402 541 510 0 467 443 228 59 353 427 433 402 370 351 292 45 214 156
497 445 322 183 267 92 355 316 189 270 315 75 393 118 187 295 94 456 476 176 127 95 52 297 467 0 248 269 437 230 227 26 92 176 137 160 431 244 333
465 435 284 271 36 330 116 53 117 221 292 339 173 381 243 230 280 418 442 451 350 166 290 85 443 248 0 242 389 187 6 196 155 92 114 115 389 204 264
264 214 40 293 254 363 352 307 202 229 53 373 380 401 293 228 305 201 255 470 381 220 314 303 228 269 242 0 190 202 226 236 188 147 127 118 183 13 89
101 26 241 453 396 519 481 443 364 391 238 512 538 551 439 378 462 26 74 610 550 372 483 459 59 437 389 190 0 337 395 395 346 312 300 268 10 167 110
413 359 224 263 213 311 303 261 159 55 230 312 354 347 227 44 259 348 406 424 362 155 280 262 353 230 187 202 337 0 174 206 144 106 84 53 331 172 246
447 414 293 256 27 334 108 60 100 231 278 325 166 366 255 229 285 405 456 413 372 183 304 95 427 227 6 226 395 174 0 207 157 71 100 125 383 202 288
467 395 308 147 214 113 326 265 179 236 287 127 385 172 135 261 79 429 453 230 166 62 100 276 433 26 196 236 395 206 207 0 57 144 95 129 382 227 305
417 358 250 90 191 178 282 224 98 189 255 170 330 212 98 205 108 367 393 266 199 8 146 229 402 92 155 188 346 144 157 57 0 82 74 100 324 183 234
398 328 203 199 86 280 184 129 60 144 213 265 222 316 199 174 193 359 382 383 298 112 234 153 370 176 92 147 312 106 71 144 82 0 35 46 298 148 209
372 313 181 149 125 231 222 157 78 138 193 231 265 266 169 146 162 323 364 342 264 81 206 170 351 137 114 127 300 84 100 95 74 35 0 27 287 131 195
358 299 167 195 146 239 254 173 88 111 170 225 274 299 175 93 177 277 333 344 280 84 185 208 292 160 115 118 268 53 125 129 100 46 27 0 262 102 160
76 25 238 456 380 510 492 451 342 371 245 512 535 545 443 371 456 29 64 615 541 369 484 448 45 431 389 183 10 331 383 382 324 298 287 262 0 178 98
251 179 64 279 234 335 337 287 190 215 70 339 365 404 255 206 288 184 227 461 375 197 325 277 214 244 204 13 167 172 202 227 183 148 131 102 178 0 39
185 121 140 323 298 397 390 357 233 276 142 404 438 438 329 277 359 123 162 515 438 241 378 362 156 333 264 89 110 246 288 305 234 209 195 160 98 39 0
