0 474 335 304 463 436 362 341 155 377 345 479 467 415 622 506 290 250 329 561 394 473 521 442 285 348 273 93 230 324 456 361 337 148 292 258 249 175 264
474 0 439 517 262 360 479 471 458 499 467 410 97 370 385 114 481 460 458 349 343 79 311 211 391 281 449 409 406 441 73 140 473 350 414 202 344 308 231
335 439 0 338 401 376 106 36 309 123 201 421 401 373 566 441 310 267 152 515 367 418 489 406 107 294 302 255 260 -7 371 305 92 188 30 241 63 131 227
304 517 338 0 511 470 395 368 281 420 382 505 480 460 633 532 64 120 348 588 444 472 549 481 288 377 54 225 75 355 478 377 376 178 334 310 260 235 294
463 262 401 511 0 371 469 450 464 473 475 390 225 329 176 268 490 415 410 130 340 218 90 25 382 279 435 377 415 417 185 91 464 318 391 209 351 303 214
436 360 376 470 371 0 430 407 425 468 446 227 356 147 504 383 445 400 423 469 171 372 411 349 333 103 411 346 368 390 314 234 419 298 356 177 322 244 163
362 479 106 395 469 430 0 119 350 51 238 450 464 411 596 493 381 333 195 541 431 444 524 455 152 336 350 280 311 87 433 353 11 194 80 271 93 196 268
341 471 36 368 450 407 119 0 333 143 226 431 428 388 573 482 331 313 161 535 379 424 512 412 142 329 322 263 292 32 413 338 112 193 56 237 96 153 255
155 458 309 281 464 425 350 333 0 385 357 464 438 411 581 479 281 213 309 556 429 433 522 439 251 349 258 76 233 306 418 339 344 136 260 255 242 175 266
377 499 123 420 473 468 51 143 385 0 247 510 488 438 608 506 418 353 224 596 417 455 541 462 175 354 365 295 310 132 433 375 31 245 102 291 139 190 289
345 467 201 382 475 446 238 226 357 247 0 468 463 420 614 497 365 315 141 569 438 461 524 440 90 339 350 275 283 191 432 359 224 221 153 274 108 188 274
479 410 421 505 390 227 450 431 464 510 468 0 378 66 529 421 464 453 429 496 56 379 462 379 363 131 465 400 413 431 329 297 464 329 396 206 352 286 207
467 97 401 480 225 356 464 428 438 488 463 378 0 339 363 40 457 425 404 312 325 10 267 190 365 249 426 378 395 400 25 110 431 327 372 182 334 256 197
415 370 373 460 329 147 411 388 411 438 420 66 339 0 473 355 432 394 365 443 0 332 396 324 332 65 407 338 357 369 324 240 432 269 321 148 294 246 155
622 385 566 633 176 504 596 573 581 608 614 529 363 473 0 400 630 573 551 123 459 334 67 132 519 404 581 514 553 575 327 245 609 461 524 318 490 419 349
506 114 441 532 268 383 493 482 479 506 497 421 40 355 400 0 480 468 438 354 357 44 309 230 401 294 478 423 427 439 69 135 496 375 390 215 381 309 221
290 481 310 64 490 445 381 331 281 418 365 464 457 432 630 480 0 80 321 561 423 462 545 452 275 342 9 191 72 318 424 350 349 137 291 278 240 179 270
250 460 267 120 415 400 333 313 213 353 315 453 425 394 573 468 80 0 294 536 379 414 504 404 240 297 74 160 28 286 392 321 333 80 254 243 195 155 233
329 458 152 348 410 423 195 161 309 224 141 429 404 365 551 438 321 294 0 509 361 408 482 401 28 272 321 238 266 142 353 300 198 185 116 235 74 139 208
561 349 515 588 130 469 541 535 556 596 569 496 312 443 123 354 561 536 509 0 431 299 40 118 473 336 544 504 502 521 302 234 546 428 490 280 446 390 294
394 343 367 444 340 171 431 379 429 417 438 56 325 0 459 357 423 379 361 431 0 312 394 313 332 77 393 329 351 359 301 232 415 266 329 130 284 238 151
473 79 418 472 218 372 444 424 433 455 461 379 10 332 334 44 462 414 408 299 312 0 283 186 371 244 434 370 395 414 31 94 427 327 374 196 332 275 183
521 311 489 549 90 411 524 512 522 541 524 462 267 396 67 309 545 504 482 40 394 283 0 85 453 319 520 432 460 480 245 180 505 392 455 249 416 348 273
442 211 406 481 25 349 455 412 439 462 440 379 190 324 132 230 452 404 401 118 313 186 85 0 358 270 436 358 376 405 157 101 435 331 378 183 324 261 168
285 391 107 288 382 333 152 142 251 175 90 363 365 332 519 401 275 240 28 473 332 371 453 358 0 266 250 198 221 83 324 259 139 132 76 166 39 95 172
348 281 294 377 279 103 336 329 349 354 339 131 249 65 404 294 342 297 272 336 77 244 319 270 266 0 301 255 293 302 203 142 343 205 248 81 221 136 85
273 449 302 54 435 411 350 322 258 365 350 465 426 407 581 478 9 74 321 544 393 434 520 436 250 301 0 169 13 297 402 345 321 129 262 255 214 155 229
93 409 255 225 377 346 280 263 76 295 275 400 378 338 514 423 191 160 238 504 329 370 432 358 198 255 169 0 148 220 350 269 295 66 200 185 142 97 201
230 406 260 75 415 368 311 292 233 310 283 413 395 357 553 427 72 28 266 502 351 395 460 376 221 293 13 148 0 253 362 297 293 83 223 208 192 130 207
324 441 -7 355 417 390 87 32 306 132 191 431 400 369 575 439 318 286 142 521 359 414 480 405 83 302 297 220 253 0 388 307 103 164 20 231 76 136 213
456 73 371 478 185 314 433 413 418 433 432 329 25 324 327 69 424 392 353 302 301 31 245 157 324 203 402 350 362 388 0 59 413 284 368 151 324 241 155
361 140 305 377 91 234 353 338 339 375 359 297 110 240 245 135 350 321 300 234 232 94 180 101 259 142 345 269 297 307 59 0 340 228 279 72 226 171 80
337 473 92 376 464 419 11 112 344 31 224 464 431 432 609 496 349 333 198 546 415 427 505 435 139 343 321 295 293 103 413 340 0 207 70 283 118 162 258
148 350 188 178 318 298 194 193 136 245 221 329 327 269 461 375 137 80 185 428 266 327 392 331 132 205 129 66 83 164 284 228 207 0 145 138 102 34 139
292 414 30 334 391 356 80 56 260 102 153 396 372 321 524 390 291 254 116 490 329 374 455 378 76 248 262 200 223 20 368 279 70 145 0 194 31 127 183
258 202 241 310 209 177 271 237 255 291 274 206 182 148 318 215 278 243 235 280 130 196 249 183 166 81 255 185 208 231 151 72 283 138 194 0 139 87 -5
249 344 63 260 351 322 93 96 242 139 108 352 334 294 490 381 240 195 74 446 284 332 416 324 39 221 214 142 192 76 324 226 118 102 31 139 0 54 129
175 308 131 235 303 244 196 153 175 190 188 286 256 246 419 309 179 155 139 390 238 275 348 261 95 136 155 97 130 136 241 171 162 34 127 87 54 0 70
264 231 227 294 214 163 268 255 266 289 274 207 197 155 349 221 270 233 208 294 151 183 273 168 172 85 229 201 207 213 155 80 258 139 183 -5 129 70 0
