0 489 319 312 471 438 364 345 157 384 364 476 462 421 604 496 284 248 321 565 415 458 528 451 276 342 261 85 222 317 431 358 357 142 289 275 246 185 267
489 0 438 517 244 377 483 464 476 503 483 415 89 360 377 123 489 453 440 338 354 85 301 224 395 281 466 404 427 436 58 131 476 347 408 214 365 304 222
319 438 0 347 420 387 105 30 306 125 191 425 411 370 553 445 319 283 148 514 364 407 477 400 103 291 296 234 257 2 380 307 98 177 30 224 73 134 216
312 517 347 0 499 466 392 373 299 412 392 504 490 449 632 524 74 116 349 593 443 486 556 479 304 370 51 227 90 345 459 386 385 170 317 303 274 213 295
471 244 420 499 0 359 465 446 458 485 465 397 217 342 173 251 471 435 422 134 336 213 97 20 377 263 448 386 409 418 186 113 458 329 390 196 347 286 204
438 377 387 466 359 0 432 413 425 452 432 230 350 175 492 384 438 402 389 453 169 346 416 339 344 96 415 353 376 385 319 246 425 296 357 163 314 253 171
364 483 105 392 465 432 0 131 351 34 236 470 456 415 598 490 364 328 193 559 409 452 522 445 148 336 341 279 302 103 425 352 7 222 75 269 118 179 261
345 464 30 373 446 413 131 0 332 151 217 451 437 396 579 471 345 309 174 540 390 433 503 426 129 317 322 260 283 28 406 333 124 203 56 250 99 160 242
157 476 306 299 458 425 351 332 0 371 351 463 449 408 591 483 271 235 308 552 402 445 515 438 263 329 248 72 209 304 418 345 344 129 276 262 233 172 254
384 503 125 412 485 452 34 151 371 0 256 490 476 435 618 510 384 348 213 579 429 472 542 465 168 356 361 299 322 123 445 372 27 242 95 289 138 199 281
364 483 191 392 465 432 236 217 351 256 0 470 456 415 598 490 364 328 133 559 409 452 522 445 88 336 341 279 302 189 425 352 229 222 161 269 118 179 261
476 415 425 504 397 230 470 451 463 490 470 0 388 67 530 422 476 440 427 491 61 384 454 377 382 134 453 391 414 423 357 284 463 334 395 201 352 291 209
462 89 411 490 217 350 456 437 449 476 456 388 0 333 350 42 462 426 413 311 327 4 274 197 368 254 439 377 400 409 31 104 449 320 381 187 338 277 195
421 360 370 449 342 175 415 396 408 435 415 67 333 0 475 367 421 385 372 436 6 329 399 322 327 79 398 336 359 368 302 229 408 279 340 146 297 236 154
604 377 553 632 173 492 598 579 591 618 598 530 350 475 0 384 604 568 555 113 469 346 76 153 510 396 581 519 542 551 319 246 591 462 523 329 480 419 337
496 123 445 524 251 384 490 471 483 510 490 422 42 367 384 0 496 460 447 345 361 38 308 231 402 288 473 411 434 443 65 138 483 354 415 221 372 311 229
284 489 319 74 471 438 364 345 271 384 364 476 462 421 604 496 0 88 321 565 415 458 528 451 276 342 23 199 62 317 431 358 357 142 289 275 246 185 267
248 453 283 116 435 402 328 309 235 348 328 440 426 385 568 460 88 0 285 529 379 422 492 415 240 306 65 163 26 281 395 322 321 106 253 239 210 149 231
321 440 148 349 422 389 193 174 308 213 133 427 413 372 555 447 321 285 0 516 366 409 479 402 45 293 298 236 259 146 382 309 186 179 118 226 75 136 218
565 338 514 593 134 453 559 540 552 579 559 491 311 436 113 345 565 529 516 0 430 307 37 114 471 357 542 480 503 512 280 207 552 423 484 290 441 380 298
415 354 364 443 336 169 409 390 402 429 409 61 327 6 469 361 415 379 366 430 0 323 393 316 321 73 392 330 353 362 296 223 402 273 334 140 291 230 148
458 85 407 486 213 346 452 433 445 472 452 384 4 329 346 38 458 422 409 307 323 0 270 193 364 250 435 373 396 405 27 100 445 316 377 183 334 273 191
528 301 477 556 97 416 522 503 515 542 522 454 274 399 76 308 528 492 479 37 393 270 0 77 434 320 505 443 466 475 243 170 515 386 447 253 404 343 261
451 224 400 479 20 339 445 426 438 465 445 377 197 322 153 231 451 415 402 114 316 193 77 0 357 243 428 366 389 398 166 93 438 309 370 176 327 266 184
276 395 103 304 377 344 148 129 263 168 88 382 368 327 510 402 276 240 45 471 321 364 434 357 0 248 253 191 214 101 337 264 141 134 73 181 30 91 173
342 281 291 370 263 96 336 317 329 356 336 134 254 79 396 288 342 306 293 357 73 250 320 243 248 0 319 257 280 289 223 150 329 200 261 67 218 157 75
261 466 296 51 448 415 341 322 248 361 341 453 439 398 581 473 23 65 298 542 392 435 505 428 253 319 0 176 39 294 408 335 334 119 266 252 223 162 244
85 404 234 227 386 353 279 260 72 299 279 391 377 336 519 411 199 163 236 480 330 373 443 366 191 257 176 0 137 232 346 273 272 57 204 190 161 100 182
222 427 257 90 409 376 302 283 209 322 302 414 400 359 542 434 62 26 259 503 353 396 466 389 214 280 39 137 0 255 369 296 295 80 227 213 184 123 205
317 436 2 345 418 385 103 28 304 123 189 423 409 368 551 443 317 281 146 512 362 405 475 398 101 289 294 232 255 0 378 305 96 175 28 222 71 132 214
431 58 380 459 186 319 425 406 418 445 425 357 31 302 319 65 431 395 382 280 296 27 243 166 337 223 408 346 369 378 0 73 418 289 350 156 307 246 164
358 131 307 386 113 246 352 333 345 372 352 284 104 229 246 138 358 322 309 207 223 100 170 93 264 150 335 273 296 305 73 0 345 216 277 83 234 173 91
357 476 98 385 458 425 7 124 344 27 229 463 449 408 591 483 357 321 186 552 402 445 515 438 141 329 334 272 295 96 418 345 0 215 68 262 111 172 254
142 347 177 170 329 296 222 203 129 242 222 334 320 279 462 354 142 106 179 423 273 316 386 309 134 200 119 57 80 175 289 216 215 0 147 133 104 43 125
289 408 30 317 390 357 75 56 276 95 161 395 381 340 523 415 289 253 118 484 334 377 447 370 73 261 266 204 227 28 350 277 68 147 0 194 43 104 186
275 214 224 303 196 163 269 250 262 289 269 201 187 146 329 221 275 239 226 290 140 183 253 176 181 67 252 190 213 222 156 83 262 133 194 0 151 90 8
246 365 73 274 347 314 118 99 233 138 118 352 338 297 480 372 246 210 75 441 291 334 404 327 30 218 223 161 184 71 307 234 111 104 43 151 0 61 143
185 304 134 213 286 253 179 160 172 199 179 291 277 236 419 311 185 149 136 380 230 273 343 266 91 157 162 100 123 132 246 173 172 43 104 90 61 0 82
267 222 216 295 204 171 261 242 254 281 261 209 195 154 337 229 267 231 218 298 148 191 261 184 173 75 244 182 205 214 164 91 254 125 186 8 143 82 0
