0 341 55 409 440 368 444 214 486 450 137 322 469 496 339 383 418 451 537 540 380 478 387 299 445 298 50 387 103 122 352 319 427 225 216 331 124 259 183
341 0 296 502 533 277 335 311 229 193 272 231 562 589 432 274 309 544 630 633 271 571 130 42 538 207 291 480 238 219 445 210 520 116 125 424 217 352 276
55 296 0 364 395 323 399 169 441 405 92 277 424 451 294 338 373 406 492 495 335 433 342 254 400 253 5 342 58 77 307 274 382 180 171 286 79 214 138
409 502 364 0 145 529 605 379 647 611 340 483 174 243 230 544 579 156 284 287 541 225 548 460 150 459 359 92 306 287 57 480 174 386 377 78 285 150 226
440 533 395 145 0 560 636 410 678 642 371 514 135 274 261 575 610 117 315 318 572 256 579 491 111 490 390 53 337 318 88 511 205 417 408 109 316 181 257
368 277 323 529 560 0 380 338 422 386 299 94 589 616 459 319 354 571 657 660 316 598 323 235 565 70 318 507 265 246 472 255 547 161 152 451 244 379 303
444 335 399 605 636 380 0 414 480 444 375 334 665 692 535 189 102 647 733 736 64 674 381 293 641 310 394 583 341 322 548 125 623 219 228 527 320 455 379
214 311 169 379 410 338 414 0 456 420 145 292 439 466 309 353 388 421 507 510 350 448 357 269 415 268 164 357 111 92 322 289 397 195 186 301 94 229 153
486 229 441 647 678 422 480 456 0 162 417 376 707 734 577 419 454 689 775 778 416 716 99 187 683 352 436 625 383 364 590 355 665 261 270 569 362 497 421
450 193 405 611 642 386 444 420 162 0 381 340 671 698 541 383 418 653 739 742 380 680 63 151 647 316 400 589 347 328 554 319 629 225 234 533 326 461 385
137 272 92 340 371 299 375 145 417 381 0 253 400 427 270 314 349 382 468 471 311 409 318 230 376 229 87 318 34 53 283 250 358 156 147 262 55 190 114
322 231 277 483 514 94 334 292 376 340 253 0 543 570 413 273 308 525 611 614 270 552 277 189 519 24 272 461 219 200 426 209 501 115 106 405 198 333 257
469 562 424 174 135 589 665 439 707 671 400 543 0 303 290 604 639 30 344 347 601 285 608 520 24 519 419 82 366 347 117 540 234 446 437 138 345 210 286
496 589 451 243 274 616 692 466 734 698 427 570 303 0 317 631 666 285 179 182 628 120 635 547 279 546 446 221 393 374 186 567 69 473 464 165 372 237 313
339 432 294 230 261 459 535 309 577 541 270 413 290 317 0 474 509 272 358 361 471 299 478 390 266 389 289 208 236 217 173 410 248 316 307 152 215 80 156
383 274 338 544 575 319 189 353 419 383 314 273 604 631 474 0 163 586 672 675 125 613 320 232 580 249 333 522 280 261 487 64 562 158 167 466 259 394 318
418 309 373 579 610 354 102 388 454 418 349 308 639 666 509 163 0 621 707 710 38 648 355 267 615 284 368 557 315 296 522 99 597 193 202 501 294 429 353
451 544 406 156 117 571 647 421 689 653 382 525 30 285 272 586 621 0 326 329 583 267 590 502 6 501 401 64 348 329 99 522 216 428 419 120 327 192 268
537 630 492 284 315 657 733 507 775 739 468 611 344 179 358 672 707 326 0 121 669 59 676 588 320 587 487 262 434 415 227 608 110 514 505 206 413 278 354
540 633 495 287 318 660 736 510 778 742 471 614 347 182 361 675 710 329 121 0 672 62 679 591 323 590 490 265 437 418 230 611 113 517 508 209 416 281 357
380 271 335 541 572 316 64 350 416 380 311 270 601 628 471 125 38 583 669 672 0 610 317 229 577 246 330 519 277 258 484 61 559 155 164 463 256 391 315
478 571 433 225 256 598 674 448 716 680 409 552 285 120 299 613 648 267 59 62 610 0 617 529 261 528 428 203 375 356 168 549 51 455 446 147 354 219 295
387 130 342 548 579 323 381 357 99 63 318 277 608 635 478 320 355 590 676 679 317 617 0 88 584 253 337 526 284 265 491 256 566 162 171 470 263 398 322
299 42 254 460 491 235 293 269 187 151 230 189 520 547 390 232 267 502 588 591 229 529 88 0 496 165 249 438 196 177 403 168 478 74 83 382 175 310 234
445 538 400 150 111 565 641 415 683 647 376 519 24 279 266 580 615 6 320 323 577 261 584 496 0 495 395 58 342 323 93 516 210 422 413 114 321 186 262
298 207 253 459 490 70 310 268 352 316 229 24 519 546 389 249 284 501 587 590 246 528 253 165 495 0 248 437 195 176 402 185 477 91 82 381 174 309 233
50 291 5 359 390 318 394 164 436 400 87 272 419 446 289 333 368 401 487 490 330 428 337 249 395 248 0 337 53 72 302 269 377 175 166 281 74 209 133
387 480 342 92 53 507 583 357 625 589 318 461 82 221 208 522 557 64 262 265 519 203 526 438 58 437 337 0 284 265 35 458 152 364 355 56 263 128 204
103 238 58 306 337 265 341 111 383 347 34 219 366 393 236 280 315 348 434 437 277 375 284 196 342 195 53 284 0 19 249 216 324 122 113 228 21 156 80
122 219 77 287 318 246 322 92 364 328 53 200 347 374 217 261 296 329 415 418 258 356 265 177 323 176 72 265 19 0 230 197 305 103 94 209 2 137 61
352 445 307 57 88 472 548 322 590 554 283 426 117 186 173 487 522 99 227 230 484 168 491 403 93 402 302 35 249 230 0 423 117 329 320 21 228 93 169
319 210 274 480 511 255 125 289 355 319 250 209 540 567 410 64 99 522 608 611 61 549 256 168 516 185 269 458 216 197 423 0 498 94 103 402 195 330 254
427 520 382 174 205 547 623 397 665 629 358 501 234 69 248 562 597 216 110 113 559 51 566 478 210 477 377 152 324 305 117 498 0 404 395 96 303 168 244
225 116 180 386 417 161 219 195 261 225 156 115 446 473 316 158 193 428 514 517 155 455 162 74 422 91 175 364 122 103 329 94 404 0 9 308 101 236 160
216 125 171 377 408 152 228 186 270 234 147 106 437 464 307 167 202 419 505 508 164 446 171 83 413 82 166 355 113 94 320 103 395 9 0 299 92 227 151
331 424 286 78 109 451 527 301 569 533 262 405 138 165 152 466 501 120 206 209 463 147 470 382 114 381 281 56 228 209 21 402 96 308 299 0 207 72 148
124 217 79 285 316 244 320 94 362 326 55 198 345 372 215 259 294 327 413 416 256 354 263 175 321 174 74 263 21 2 228 195 303 101 92 207 0 135 59
259 352 214 150 181 379 455 229 497 461 190 333 210 237 80 394 429 192 278 281 391 219 398 310 186 309 209 128 156 137 93 330 168 236 227 72 135 0 76
183 276 138 226 257 303 379 153 421 385 114 257 286 313 156 318 353 268 354 357 315 295 322 234 262 233 133 204 80 61 169 254 244 160 151 148 59 76 0
