0 238 385 448 534 565 571 567 458 281 396 465 505 590 407 379 325 258 107 527 492 368 483 490 65 466 439 418 307 186 276 314 304 367 289 241 133 247 142
238 0 367 425 511 552 559 537 444 273 363 438 492 561 378 335 305 133 225 525 468 340 465 486 188 467 421 389 294 65 281 285 294 385 268 231 122 207 140
385 367 0 343 443 465 463 469 351 192 171 356 418 474 289 260 233 390 355 426 396 269 383 393 323 400 339 297 81 330 184 212 194 269 177 152 254 139 232
448 425 343 0 441 393 451 405 333 254 355 318 371 433 157 327 159 453 416 399 356 98 343 379 387 371 318 249 275 370 239 156 148 229 157 202 319 201 295
534 511 443 441 0 524 141 518 253 320 426 411 58 531 374 411 280 546 493 198 468 326 431 46 464 45 79 375 361 445 313 283 264 157 254 299 394 310 399
565 552 465 393 524 0 547 145 444 347 464 197 482 154 356 429 261 571 530 507 79 307 74 476 491 467 423 129 386 479 336 260 242 361 281 311 417 314 417
571 559 463 451 141 547 0 570 272 358 472 479 99 579 408 437 330 561 553 236 508 340 500 80 516 73 131 413 376 500 353 320 308 205 264 348 441 319 429
567 537 469 405 518 145 570 0 446 355 458 215 484 134 373 401 262 571 534 504 73 312 85 495 487 468 448 135 373 493 346 252 262 344 277 319 415 310 424
458 444 351 333 253 444 272 446 0 249 360 352 213 471 302 329 206 469 431 256 381 246 388 198 388 192 149 307 294 391 245 202 200 79 185 207 346 213 308
281 273 192 254 320 347 358 355 249 0 215 266 302 378 195 91 137 316 263 324 311 172 282 301 211 288 238 216 108 224 17 109 101 182 80 67 153 38 157
396 363 171 355 426 464 472 458 360 215 0 385 412 479 326 269 243 391 376 450 395 257 395 400 320 409 353 305 96 331 192 230 209 288 203 170 245 138 251
465 438 356 318 411 197 479 215 352 266 385 0 395 223 265 334 170 459 444 408 142 205 127 375 398 388 317 56 284 383 256 150 151 266 184 204 326 220 315
505 492 418 371 58 482 99 484 213 302 412 395 0 519 346 374 258 505 467 136 446 282 415 27 444 29 67 353 307 427 285 258 236 129 219 251 368 252 357
590 561 474 433 531 154 579 134 471 378 479 223 519 0 390 451 271 582 559 545 80 327 97 510 503 495 443 167 399 502 365 277 280 395 296 333 450 338 438
407 378 289 157 374 356 408 373 302 195 326 265 346 390 0 269 118 402 382 371 304 60 287 295 329 318 290 203 234 320 207 93 107 206 118 159 262 178 263
379 335 260 327 411 429 437 401 329 91 269 334 374 451 269 0 199 375 348 408 357 205 361 365 303 342 313 269 171 282 99 192 179 245 175 125 227 121 199
325 305 233 159 280 261 330 262 206 137 243 170 258 271 118 199 0 331 281 295 185 82 185 243 228 231 187 91 163 245 113 20 27 139 45 87 203 68 180
258 133 390 453 546 571 561 571 469 316 391 459 505 582 402 375 331 0 238 530 490 360 476 509 202 501 449 399 304 64 281 334 291 380 292 256 130 250 153
107 225 355 416 493 530 553 534 431 263 376 444 467 559 382 348 281 238 0 516 474 332 457 481 51 461 423 379 286 166 244 278 259 340 263 212 106 214 111
527 525 426 399 198 507 236 504 256 324 450 408 136 545 371 408 295 530 516 0 448 320 448 147 457 135 97 360 359 448 309 268 267 150 258 285 398 288 371
492 468 396 356 468 79 508 73 381 311 395 142 446 80 304 357 185 490 474 448 0 258 3 429 434 437 381 87 306 423 277 212 202 314 218 253 359 253 352
368 340 269 98 326 307 340 312 246 172 257 205 282 327 60 205 82 360 332 320 258 0 231 276 298 295 229 161 158 274 146 75 66 150 61 112 203 111 200
483 465 383 343 431 74 500 85 388 282 395 127 415 97 287 361 185 476 457 448 3 231 0 412 439 412 354 69 306 408 275 174 179 298 194 202 350 257 334
490 486 393 379 46 476 80 495 198 301 400 375 27 510 295 365 243 509 481 147 429 276 412 0 437 -4 54 335 300 426 279 241 224 92 214 244 353 235 348
65 188 323 387 464 491 516 487 388 211 320 398 444 503 329 303 228 202 51 457 434 298 439 437 0 402 377 326 224 128 200 230 239 313 222 174 54 169 81
466 467 400 371 45 467 73 468 192 288 409 388 29 495 318 342 231 501 461 135 437 295 412 -4 402 0 46 309 306 395 276 235 213 108 213 246 340 238 347
439 421 339 318 79 423 131 448 149 238 353 317 67 443 290 313 187 449 423 97 381 229 354 54 377 46 0 273 273 367 232 194 154 78 145 192 305 205 282
418 389 297 249 375 129 413 135 307 216 305 56 353 167 203 269 91 399 379 360 87 161 69 335 326 309 273 0 227 331 190 88 102 216 104 129 273 173 251
307 294 81 275 361 386 376 373 294 108 96 284 307 399 234 171 163 304 286 359 306 158 306 300 224 306 273 227 0 225 74 138 126 193 105 60 168 66 161
186 65 330 370 445 479 500 493 391 224 331 383 427 502 320 282 245 64 166 448 423 274 408 426 128 395 367 331 225 0 215 249 232 305 203 183 65 178 95
276 281 184 239 313 336 353 346 245 17 192 256 285 365 207 99 113 281 244 309 277 146 275 279 200 276 232 190 74 215 0 104 81 163 72 51 138 37 144
314 285 212 156 283 260 320 252 202 109 230 150 258 277 93 192 20 334 278 268 212 75 174 241 230 235 194 88 138 249 104 0 2 123 1 87 190 81 159
304 294 194 148 264 242 308 262 200 101 209 151 236 280 107 179 27 291 259 267 202 66 179 224 239 213 154 102 126 232 81 2 0 125 15 77 158 65 153
367 385 269 229 157 361 205 344 79 182 288 266 129 395 206 245 139 380 340 150 314 150 298 92 313 108 78 216 193 305 163 123 125 0 86 128 239 141 217
289 268 177 157 254 281 264 277 185 80 203 184 219 296 118 175 45 292 263 258 218 61 194 214 222 213 145 104 105 203 72 1 15 86 0 51 145 33 156
241 231 152 202 299 311 348 319 207 67 170 204 251 333 159 125 87 256 212 285 253 112 202 244 174 246 192 129 60 183 51 87 77 128 51 0 102 36 101
133 122 254 319 394 417 441 415 346 153 245 326 368 450 262 227 203 130 106 398 359 203 350 353 54 340 305 273 168 65 138 190 158 239 145 102 0 122 12
247 207 139 201 310 314 319 310 213 38 138 220 252 338 178 121 68 250 214 288 253 111 257 235 169 238 205 173 66 178 37 81 65 141 33 36 122 0 93
142 140 232 295 399 417 429 424 308 157 251 315 357 438 263 199 180 153 111 371 352 200 334 348 81 347 282 251 161 95 144 159 153 217 156 101 12 93 0
