0 316 223 195 359 276 262 282 74 327 211 310 392 428 464 374 261 127 220 310 254 350 387 291 194 223 174 9 112 202 287 204 247 87 199 150 105 102 128
316 0 335 337 267 292 374 394 372 439 323 326 300 170 372 116 403 269 332 326 270 92 295 199 306 239 316 307 254 314 29 112 359 229 311 166 217 214 188
223 335 0 244 378 295 87 101 279 152 224 329 411 447 483 393 310 176 233 329 273 369 406 310 207 242 223 214 161 21 306 223 72 136 24 169 118 121 147
195 337 244 0 380 297 283 303 251 348 232 331 413 449 485 395 108 98 241 331 275 371 408 312 215 244 21 186 83 223 308 225 268 108 220 171 126 123 149
359 267 378 380 0 335 417 437 415 482 366 369 169 379 241 325 446 312 375 369 313 301 164 68 349 282 359 350 297 357 238 155 402 272 354 209 260 257 231
276 292 295 297 335 0 334 354 332 399 283 140 368 404 440 350 363 229 292 140 84 326 363 267 266 53 276 267 214 274 263 180 319 189 271 126 177 174 148
262 374 87 283 417 334 0 146 318 95 263 368 450 486 522 432 349 215 272 368 312 408 445 349 246 281 262 253 200 66 345 262 15 175 63 208 157 160 186
282 394 101 303 437 354 146 0 338 211 283 388 470 506 542 452 369 235 292 388 332 428 465 369 266 301 282 273 220 80 365 282 131 195 83 228 177 180 206
74 372 279 251 415 332 318 338 0 383 267 366 448 484 520 430 317 183 276 366 310 406 443 347 250 279 230 65 168 258 343 260 303 143 255 206 161 158 184
327 439 152 348 482 399 95 211 383 0 328 433 515 551 587 497 414 280 337 433 377 473 510 414 311 346 327 318 265 131 410 327 80 240 128 273 222 225 251
211 323 224 232 366 283 263 283 267 328 0 317 399 435 471 381 298 164 43 317 261 357 394 298 17 230 211 202 149 203 294 211 248 124 200 157 106 109 135
310 326 329 331 369 140 368 388 366 433 317 0 402 438 474 384 397 263 326 112 56 360 397 301 300 87 310 301 248 308 297 214 353 223 305 160 211 208 182
392 300 411 413 169 368 450 470 448 515 399 402 0 412 82 358 479 345 408 402 346 334 5 101 382 315 392 383 330 390 271 188 435 305 387 242 293 290 264
428 170 447 449 379 404 486 506 484 551 435 438 412 0 484 102 515 381 444 438 382 78 407 311 418 351 428 419 366 426 141 224 471 341 423 278 329 326 300
464 372 483 485 241 440 522 542 520 587 471 474 82 484 0 430 551 417 480 474 418 406 77 173 454 387 464 455 402 462 343 260 507 377 459 314 365 362 336
374 116 393 395 325 350 432 452 430 497 381 384 358 102 430 0 461 327 390 384 328 24 353 257 364 297 374 365 312 372 87 170 417 287 369 224 275 272 246
261 403 310 108 446 363 349 369 317 414 298 397 479 515 551 461 0 164 307 397 341 437 474 378 281 310 87 252 149 289 374 291 334 174 286 237 192 189 215
127 269 176 98 312 229 215 235 183 280 164 263 345 381 417 327 164 0 173 263 207 303 340 244 147 176 77 118 15 155 240 157 200 40 152 103 58 55 81
220 332 233 241 375 292 272 292 276 337 43 326 408 444 480 390 307 173 0 326 270 366 403 307 26 239 220 211 158 212 303 220 257 133 209 166 115 118 144
310 326 329 331 369 140 368 388 366 433 317 112 402 438 474 384 397 263 326 0 56 360 397 301 300 87 310 301 248 308 297 214 353 223 305 160 211 208 182
254 270 273 275 313 84 312 332 310 377 261 56 346 382 418 328 341 207 270 56 0 304 341 245 244 31 254 245 192 252 241 158 297 167 249 104 155 152 126
350 92 369 371 301 326 408 428 406 473 357 360 334 78 406 24 437 303 366 360 304 0 329 233 340 273 350 341 288 348 63 146 393 263 345 200 251 248 222
387 295 406 408 164 363 445 465 443 510 394 397 5 407 77 353 474 340 403 397 341 329 0 96 377 310 387 378 325 385 266 183 430 300 382 237 288 285 259
291 199 310 312 68 267 349 369 347 414 298 301 101 311 173 257 378 244 307 301 245 233 96 0 281 214 291 282 229 289 170 87 334 204 286 141 192 189 163
194 306 207 215 349 266 246 266 250 311 17 300 382 418 454 364 281 147 26 300 244 340 377 281 0 213 194 185 132 186 277 194 231 107 183 140 89 92 118
223 239 242 244 282 53 281 301 279 346 230 87 315 351 387 297 310 176 239 87 31 273 310 214 213 0 223 214 161 221 210 127 266 136 218 73 124 121 95
174 316 223 21 359 276 262 282 230 327 211 310 392 428 464 374 87 77 220 310 254 350 387 291 194 223 0 165 62 202 287 204 247 87 199 150 105 102 128
9 307 214 186 350 267 253 273 65 318 202 301 383 419 455 365 252 118 211 301 245 341 378 282 185 214 165 0 103 193 278 195 238 78 190 141 96 93 119
112 254 161 83 297 214 200 220 168 265 149 248 330 366 402 312 149 15 158 248 192 288 325 229 132 161 62 103 0 140 225 142 185 25 137 88 43 40 66
202 314 21 223 357 274 66 80 258 131 203 308 390 426 462 372 289 155 212 308 252 348 385 289 186 221 202 193 140 0 285 202 51 115 3 148 97 100 126
287 29 306 308 238 263 345 365 343 410 294 297 271 141 343 87 374 240 303 297 241 63 266 170 277 210 287 278 225 285 0 83 330 200 282 137 188 185 159
204 112 223 225 155 180 262 282 260 327 211 214 188 224 260 170 291 157 220 214 158 146 183 87 194 127 204 195 142 202 83 0 247 117 199 54 105 102 76
247 359 72 268 402 319 15 131 303 80 248 353 435 471 507 417 334 200 257 353 297 393 430 334 231 266 247 238 185 51 330 247 0 160 48 193 142 145 171
87 229 136 108 272 189 175 195 143 240 124 223 305 341 377 287 174 40 133 223 167 263 300 204 107 136 87 78 25 115 200 117 160 0 112 63 18 15 41
199 311 24 220 354 271 63 83 255 128 200 305 387 423 459 369 286 152 209 305 249 345 382 286 183 218 199 190 137 3 282 199 48 112 0 145 94 97 123
150 166 169 171 209 126 208 228 206 273 157 160 242 278 314 224 237 103 166 160 104 200 237 141 140 73 150 141 88 148 137 54 193 63 145 0 51 48 22
105 217 118 126 260 177 157 177 161 222 106 211 293 329 365 275 192 58 115 211 155 251 288 192 89 124 105 96 43 97 188 105 142 18 94 51 0 3 29
102 214 121 123 257 174 160 180 158 225 109 208 290 326 362 272 189 55 118 208 152 248 285 189 92 121 102 93 40 100 185 102 145 15 97 48 3 0 26
128 188 147 149 231 148 186 206 184 251 135 182 264 300 336 246 215 81 144 182 126 222 259 163 118 95 128 119 66 126 159 76 171 41 123 22 29 26 0
