0 434 438 209 294 286 139 449 102 198 393 244 339 163 245 236 329 158 202 364
434 0 216 467 272 224 553 147 516 456 171 502 355 577 503 336 345 572 616 142
438 216 0 471 276 228 557 231 520 460 47 506 359 581 507 340 349 576 620 124
209 467 471 0 327 319 328 482 291 37 426 37 372 352 38 269 362 347 391 397
294 272 276 327 0 124 413 287 376 316 231 362 215 437 363 196 205 432 476 202
286 224 228 319 124 0 405 239 368 308 183 354 207 429 355 188 197 424 468 154
139 553 557 328 413 405 0 568 189 317 512 363 458 150 364 355 448 245 289 483
449 147 231 482 287 239 568 0 531 471 186 517 370 592 518 351 360 587 631 157
102 516 520 291 376 368 189 531 0 280 475 326 421 213 327 318 411 132 176 446
198 456 460 37 316 308 317 471 280 0 415 72 361 341 73 258 351 336 380 386
393 171 47 426 231 183 512 186 475 415 0 461 314 536 462 295 304 531 575 79
244 502 506 37 362 354 363 517 326 72 461 0 407 387 43 304 397 382 426 432
339 355 359 372 215 207 458 370 421 361 314 407 0 482 408 241 124 477 521 285
163 577 581 352 437 429 150 592 213 341 536 387 482 0 388 379 472 269 313 507
245 503 507 38 363 355 364 518 327 73 462 43 408 388 0 305 398 383 427 433
236 336 340 269 196 188 355 351 318 258 295 304 241 379 305 0 231 374 418 266
329 345 349 362 205 197 448 360 411 351 304 397 124 472 398 231 0 467 511 275
158 572 576 347 432 424 245 587 132 336 531 382 477 269 383 374 467 0 138 502
202 616 620 391 476 468 289 631 176 380 575 426 521 313 427 418 511 138 0 546
364 142 124 397 202 154 483 157 446 386 79 432 285 507 433 266 275 502 546 0
