0 402 362 177 263 275 77 475 115 118 217 201 264 127 262 132 251 200 370 379
402 0 106 461 237 151 467 107 505 402 501 485 290 517 652 330 277 590 114 123
362 106 0 421 197 111 427 179 465 362 461 445 250 477 612 290 237 550 16 73
177 461 421 0 322 334 242 534 280 129 82 66 323 292 427 191 310 365 429 438
263 237 197 322 0 110 328 310 366 263 362 346 151 378 513 191 138 451 205 214
275 151 111 334 110 0 340 224 378 275 374 358 163 390 525 203 150 463 119 128
77 467 427 242 328 340 0 540 118 183 282 266 329 66 265 197 316 203 435 444
475 107 179 534 310 224 540 0 578 475 574 558 363 590 725 403 350 663 187 196
115 505 465 280 366 378 118 578 0 221 320 304 367 168 169 235 354 107 473 482
118 402 362 129 263 275 183 475 221 0 169 153 264 233 368 132 251 306 370 379
217 501 461 82 362 374 282 574 320 169 0 44 363 332 467 231 350 405 469 478
201 485 445 66 346 358 266 558 304 153 44 0 347 316 451 215 334 389 453 462
264 290 250 323 151 163 329 363 367 264 363 347 0 379 514 192 43 452 258 267
127 517 477 292 378 390 66 590 168 233 332 316 379 0 315 247 366 253 485 494
262 652 612 427 513 525 265 725 169 368 467 451 514 315 0 382 501 128 620 629
132 330 290 191 191 203 197 403 235 132 231 215 192 247 382 0 179 320 298 307
251 277 237 310 138 150 316 350 354 251 350 334 43 366 501 179 0 439 245 254
200 590 550 365 451 463 203 663 107 306 405 389 452 253 128 320 439 0 558 567
370 114 16 429 205 119 435 187 473 370 469 453 258 485 620 298 245 558 0 81
379 123 73 438 214 128 444 196 482 379 478 462 267 494 629 307 254 567 81 0
