0 399 354 178 268 281 82 488 107 100 220 203 273 144 261 138 247 200 362 383
399 0 106 466 266 153 465 115 510 415 508 482 291 512 653 324 266 593 123 134
354 106 0 428 196 114 446 180 487 344 445 420 257 473 610 298 244 547 32 73
178 466 428 0 330 333 250 536 279 123 75 72 332 292 422 178 308 364 414 428
268 266 196 330 0 101 345 302 350 243 371 336 152 396 508 193 150 447 196 211
281 153 114 333 101 0 353 205 391 284 384 373 145 382 524 207 150 482 107 132
82 465 446 250 345 353 0 551 119 182 287 264 336 50 262 195 325 210 439 449
488 115 180 536 302 205 551 0 594 476 582 573 352 574 714 401 352 667 179 189
107 510 487 279 350 391 119 594 0 220 319 309 372 182 187 264 357 91 455 487
100 415 344 123 243 284 182 476 220 0 163 151 264 260 364 149 259 288 381 364
220 508 445 75 371 384 287 582 319 163 0 43 378 341 467 226 351 412 482 473
203 482 420 72 336 373 264 573 309 151 43 0 346 322 434 214 312 400 442 474
273 291 257 332 152 145 336 352 372 264 378 346 0 380 507 212 36 456 264 270
144 512 473 292 396 382 50 574 182 260 341 322 380 0 302 250 364 270 483 479
261 653 610 422 508 524 262 714 187 364 467 434 507 302 0 395 486 137 613 616
138 324 298 178 193 207 195 401 264 149 226 214 212 250 395 0 198 310 301 322
247 266 244 308 150 150 325 352 357 259 351 312 36 364 486 198 0 448 244 257
200 593 547 364 447 482 210 667 91 288 412 400 456 270 137 310 448 0 572 557
362 123 32 414 196 107 439 179 455 381 482 442 264 483 613 301 244 572 0 78
383 134 73 428 211 132 449 189 487 364 473 474 270 479 616 322 257 557 78 0
