0 216 425 238 416 305 302 386 329 325 389 280 310 155 63 65 417 503 417 491
216 0 383 196 374 263 260 344 287 149 347 104 268 159 209 211 375 461 375 449
425 383 0 385 109 452 449 333 276 492 336 447 257 368 418 420 296 382 296 370
238 196 385 0 376 125 122 346 289 305 349 260 270 181 231 233 377 463 377 451
416 374 109 376 0 443 440 324 267 483 327 438 248 359 409 411 287 373 287 361
305 263 452 125 443 0 111 413 356 372 416 327 337 248 298 300 444 530 444 518
302 260 449 122 440 111 0 410 353 369 413 324 334 245 295 297 441 527 441 515
386 344 333 346 324 413 410 0 233 453 119 408 214 329 379 381 325 411 325 399
329 287 276 289 267 356 353 233 0 396 236 351 151 272 322 324 268 354 268 342
325 149 492 305 483 372 369 453 396 0 456 81 377 268 318 320 484 570 484 558
389 347 336 349 327 416 413 119 236 456 0 411 217 332 382 384 328 414 328 402
280 104 447 260 438 327 324 408 351 81 411 0 332 223 273 275 439 525 439 513
310 268 257 270 248 337 334 214 151 377 217 332 0 253 303 305 249 335 249 323
155 159 368 181 359 248 245 329 272 268 332 223 253 0 148 150 360 446 360 434
63 209 418 231 409 298 295 379 322 318 382 273 303 148 0 12 410 496 410 484
65 211 420 233 411 300 297 381 324 320 384 275 305 150 12 0 412 498 412 486
417 375 296 377 287 444 441 325 268 484 328 439 249 360 410 412 0 168 182 156
503 461 382 463 373 530 527 411 354 570 414 525 335 446 496 498 168 0 268 184
417 375 296 377 287 444 441 325 268 484 328 439 249 360 410 412 182 268 0 256
491 449 370 451 361 518 515 399 342 558 402 513 323 434 484 486 156 184 256 0
