0 198 246 399 180 398 202 488 330 186 384 419 322 253 508 208 113 468 433 223
198 0 192 423 327 428 380 520 359 215 436 465 351 228 552 163 162 481 484 180
246 192 0 469 373 473 418 558 411 232 460 501 386 82 581 131 205 524 501 207
399 423 469 0 545 68 557 108 292 388 356 390 128 499 137 445 367 270 252 443
180 327 373 545 0 538 167 646 478 315 536 586 449 407 619 343 246 601 589 358
398 428 473 68 538 0 554 189 321 413 373 408 121 495 213 447 367 271 257 438
202 380 418 557 167 554 0 652 480 339 543 586 465 441 678 357 284 614 607 371
488 520 558 108 646 189 652 0 393 499 445 486 237 574 159 521 452 384 338 516
330 359 411 292 478 321 480 393 0 342 214 277 217 422 398 367 290 353 357 381
186 215 232 388 315 413 339 499 342 0 415 417 331 283 510 212 121 477 452 222
384 436 460 356 536 373 543 445 214 415 0 136 281 492 459 437 331 417 397 428
419 465 501 390 586 408 586 486 277 417 136 0 293 513 494 457 381 448 418 467
322 351 386 128 449 121 465 237 217 331 281 293 0 404 256 356 258 161 119 368
253 228 82 499 407 495 441 574 422 283 492 513 404 0 607 156 225 547 523 229
508 552 581 137 619 213 678 159 398 510 459 494 256 607 0 542 464 398 378 564
208 163 131 445 343 447 357 521 367 212 437 457 356 156 542 0 176 475 470 185
113 162 205 367 246 367 284 452 290 121 331 381 258 225 464 176 0 409 411 188
468 481 524 270 601 271 614 384 353 477 417 448 161 547 398 475 409 0 152 482
433 484 501 252 589 257 607 338 357 452 397 418 119 523 378 470 411 152 0 501
223 180 207 443 358 438 371 516 381 222 428 467 368 229 564 185 188 482 501 0
