0 241 444 466 455 391 436 482 323 299 440 400 525 158 550 107 391 586 562 312
241 0 415 437 426 362 407 453 294 270 411 371 496 273 521 204 362 557 533 89
444 415 0 130 565 501 546 250 193 409 310 270 293 476 318 407 501 354 330 486
466 437 130 0 587 523 568 272 215 431 332 292 315 498 340 429 523 376 352 508
455 426 565 587 0 178 61 603 444 326 561 521 646 487 671 418 250 707 683 497
391 362 501 523 178 0 159 539 380 262 497 457 582 423 607 354 186 643 619 433
436 407 546 568 61 159 0 584 425 307 542 502 627 468 652 399 231 688 664 478
482 453 250 272 603 539 584 0 231 447 348 308 145 514 158 445 539 194 170 524
323 294 193 215 444 380 425 231 0 288 137 97 274 355 299 286 380 335 311 365
299 270 409 431 326 262 307 447 288 0 405 365 490 331 515 262 262 551 527 341
440 411 310 332 561 497 542 348 137 405 0 68 391 472 416 403 497 452 428 482
400 371 270 292 521 457 502 308 97 365 68 0 351 432 376 363 457 412 388 442
525 496 293 315 646 582 627 145 274 490 391 351 0 557 213 488 582 249 225 567
158 273 476 498 487 423 468 514 355 331 472 432 557 0 582 139 423 618 594 344
550 521 318 340 671 607 652 158 299 515 416 376 213 582 0 513 607 194 170 592
107 204 407 429 418 354 399 445 286 262 403 363 488 139 513 0 354 549 525 275
391 362 501 523 250 186 231 539 380 262 497 457 582 423 607 354 0 643 619 433
586 557 354 376 707 643 688 194 335 551 452 412 249 618 194 549 643 0 62 628
562 533 330 352 683 619 664 170 311 527 428 388 225 594 170 525 619 62 0 604
312 89 486 508 497 433 478 524 365 341 482 442 567 344 592 275 433 628 604 0
