0 232 419 251 102 352 366 427 385 375 451 317 350 239 404 154 435 267 439 289 114 360 398 368 384 406 192 282 307 351 277 238 183 195 139 181 144 78 54
232 0 521 315 208 443 463 547 455 336 528 314 308 87 404 76 395 184 405 379 216 342 404 257 535 517 74 425 285 435 240 338 280 59 238 111 107 173 188
419 521 0 263 434 281 155 155 295 651 29 558 705 526 673 414 606 608 712 276 335 629 642 568 -5 19 537 168 536 169 517 178 199 463 288 449 448 329 354
251 315 263 0 166 258 262 401 272 473 279 407 518 317 538 245 474 353 508 153 199 485 475 404 303 322 266 198 403 184 343 177 105 301 134 282 270 158 211
102 208 434 166 0 358 322 403 354 376 412 315 331 234 416 125 345 225 423 318 65 307 390 322 355 331 201 246 272 274 241 229 175 157 107 105 89 40 91
352 443 281 258 358 0 144 261 122 622 233 454 526 430 660 300 566 510 656 191 289 552 595 479 203 179 416 77 444 38 462 105 150 377 223 296 285 211 249
366 463 155 262 322 144 0 201 201 585 183 553 555 386 661 385 580 435 652 187 303 536 626 515 174 113 412 45 466 106 423 69 99 354 189 346 317 242 267
427 547 155 401 403 261 201 0 326 669 72 616 694 528 756 449 694 567 735 276 355 676 723 582 39 20 510 128 557 218 549 126 260 515 296 431 449 384 363
385 455 295 272 354 122 201 326 0 608 236 535 584 445 667 411 615 503 690 184 287 542 645 554 204 228 412 153 509 78 484 125 197 404 258 365 403 316 287
375 336 651 473 376 622 585 669 608 0 598 146 182 329 333 222 250 389 359 502 314 238 299 178 647 583 291 518 62 510 120 484 411 288 398 205 247 324 304
451 528 29 279 412 233 183 72 236 598 0 564 642 523 753 454 688 572 699 289 396 592 676 557 46 21 436 135 515 160 507 140 185 462 246 447 385 338 343
317 314 558 407 315 454 553 616 535 146 564 0 149 269 230 176 196 330 264 455 256 145 209 176 598 538 212 475 14 438 36 410 417 180 321 205 182 212 275
350 308 705 518 331 526 555 694 584 182 642 149 0 269 184 214 60 407 203 521 287 -24 133 116 660 606 289 475 160 485 119 477 416 264 398 223 274 312 289
239 87 526 317 234 430 386 528 445 329 523 269 269 0 407 104 337 116 428 350 128 313 363 253 476 434 42 400 218 366 231 365 277 18 272 111 63 147 167
404 404 673 538 416 660 661 756 667 333 753 230 184 407 0 235 166 455 111 572 359 173 53 129 656 683 337 598 218 567 215 557 521 320 471 284 305 363 387
154 76 414 245 125 300 385 449 411 222 454 176 214 104 235 0 216 173 313 277 66 216 240 210 458 352 74 334 110 291 120 274 200 100 238 26 41 94 86
435 395 606 474 345 566 580 694 615 250 688 196 60 337 166 216 0 370 228 541 307 52 150 28 700 623 327 511 140 514 107 499 410 261 404 220 215 291 305
267 184 608 353 225 510 435 567 503 389 572 330 407 116 455 173 370 0 482 400 267 351 447 345 479 541 75 482 339 512 233 430 405 119 311 196 129 275 277
439 405 712 508 423 656 652 735 690 359 699 264 203 428 111 313 228 482 0 567 417 225 13 136 726 671 404 600 259 601 209 540 539 401 510 303 306 403 368
289 379 276 153 318 191 187 276 184 502 289 455 521 350 572 277 541 400 567 0 180 500 519 482 282 297 354 201 401 154 383 89 66 319 149 308 257 261 187
114 216 335 199 65 289 303 355 287 314 396 256 287 128 359 66 307 267 417 180 0 305 338 271 327 319 142 215 242 260 228 201 160 93 87 99 93 10 -26
360 342 629 485 307 552 536 676 542 238 592 145 -24 313 173 216 52 351 225 500 305 0 104 19 602 596 234 477 108 462 106 474 447 212 400 188 191 340 265
398 404 642 475 390 595 626 723 645 299 676 209 133 363 53 240 150 447 13 519 338 104 0 81 685 671 300 598 118 565 148 488 434 277 413 247 211 369 323
368 257 568 404 322 479 515 582 554 178 557 176 116 253 129 210 28 345 136 482 271 19 81 0 577 547 242 496 92 434 53 445 425 244 329 201 189 228 280
384 535 -5 303 355 203 174 39 204 647 46 598 660 476 656 458 700 479 726 282 327 602 685 577 0 29 491 138 533 171 517 126 165 451 253 385 378 334 326
406 517 19 322 331 179 113 20 228 583 21 538 606 434 683 352 623 541 671 297 319 596 671 547 29 0 393 102 536 128 482 131 143 436 221 359 403 318 323
192 74 537 266 201 416 412 510 412 291 436 212 289 42 337 74 327 75 404 354 142 234 300 242 491 393 0 373 203 356 173 269 282 24 219 109 54 119 144
282 425 168 198 246 77 45 128 153 518 135 475 475 400 598 334 511 482 600 201 215 477 598 496 138 102 373 0 437 65 409 55 119 325 114 311 264 178 222
307 285 536 403 272 444 466 557 509 62 515 14 160 218 218 110 140 339 259 401 242 108 118 92 533 536 203 437 0 412 35 378 337 205 265 122 114 233 238
351 435 169 184 274 38 106 218 78 510 160 438 485 366 567 291 514 512 601 154 260 462 565 434 171 128 356 65 412 0 420 73 58 298 122 292 304 213 186
277 240 517 343 241 462 423 549 484 120 507 36 119 231 215 120 107 233 209 383 228 106 148 53 517 482 173 409 35 420 0 353 322 171 314 126 149 183 206
238 338 178 177 229 105 69 126 125 484 140 410 477 365 557 274 499 430 540 89 201 474 488 445 126 131 269 55 378 73 353 0 38 304 71 230 243 184 183
183 280 199 105 175 150 99 260 197 411 185 417 416 277 521 200 410 405 539 66 160 447 434 425 165 143 282 119 337 58 322 38 0 252 56 217 207 117 94
195 59 463 301 157 377 354 515 404 288 462 180 264 18 320 100 261 119 401 319 93 212 277 244 451 436 24 325 205 298 171 304 252 0 206 26 9 72 119
139 238 288 134 107 223 189 296 258 398 246 321 398 272 471 238 404 311 510 149 87 400 413 329 253 221 219 114 265 122 314 71 56 206 0 185 201 102 108
181 111 449 282 105 296 346 431 365 205 447 205 223 111 284 26 220 196 303 308 99 188 247 201 385 359 109 311 122 292 126 230 217 26 185 0 45 115 129
144 107 448 270 89 285 317 449 403 247 385 182 274 63 305 41 215 129 306 257 93 191 211 189 378 403 54 264 114 304 149 243 207 9 201 45 0 92 78
78 173 329 158 40 211 242 384 316 324 338 212 312 147 363 94 291 275 403 261 10 340 369 228 334 318 119 178 233 213 183 184 117 72 102 115 92 0 -31
54 188 354 211 91 249 267 363 287 304 343 275 289 167 387 86 305 277 368 187 -26 265 323 280 326 323 144 222 238 186 206 183 94 119 108 129 78 -31 0
