0 400 374 352 188 123 301 411 418 376 384 491 499 395 356 403 582 173 552 261 158 328 63 314 380 513 349 459 397 301 240 320 143 169 298 297 280 273 178
400 0 436 206 302 397 155 473 272 216 238 553 561 139 210 257 644 287 614 323 272 72 337 376 234 575 203 521 459 363 302 174 257 231 152 151 120 127 222
374 436 0 388 276 371 337 157 454 412 420 263 271 431 392 439 354 261 324 155 246 364 311 60 416 285 385 231 169 73 134 356 231 205 334 333 316 309 214
352 206 388 0 254 349 57 425 176 182 142 505 513 201 114 115 596 239 566 275 224 134 289 328 138 527 107 473 411 315 254 32 209 183 54 55 86 79 174
188 302 276 254 0 185 203 313 320 278 286 393 401 297 258 305 484 45 454 163 30 230 125 216 282 415 251 361 299 203 142 222 45 71 200 199 182 175 80
123 397 371 349 185 0 298 408 415 373 381 488 496 392 353 400 579 170 549 258 155 325 60 311 377 510 346 456 394 298 237 317 140 166 295 294 277 270 175
301 155 337 57 203 298 0 374 125 131 91 454 462 150 63 108 545 188 515 224 173 83 238 277 87 476 56 422 360 264 203 25 158 132 3 4 35 28 123
411 473 157 425 313 408 374 0 491 449 457 300 308 468 429 476 391 298 361 192 283 401 348 97 453 322 422 268 206 110 171 393 268 242 371 370 353 346 251
418 272 454 176 320 415 125 491 0 248 42 571 579 267 76 227 662 305 632 341 290 200 355 394 38 593 69 539 477 381 320 144 275 249 122 121 152 145 240
376 216 412 182 278 373 131 449 248 0 214 529 537 211 186 233 620 263 590 299 248 144 313 352 210 551 179 497 435 339 278 150 233 207 128 127 96 103 198
384 238 420 142 286 381 91 457 42 214 0 537 545 233 42 193 628 271 598 307 256 166 321 360 4 559 35 505 443 347 286 110 241 215 88 87 118 111 206
491 553 263 505 393 488 454 300 571 529 537 0 196 548 509 556 279 378 249 272 363 481 428 203 533 210 502 156 94 190 251 473 348 322 451 450 433 426 331
499 561 271 513 401 496 462 308 579 537 545 196 0 556 517 564 163 386 133 280 371 489 436 211 541 94 510 40 102 198 259 481 356 330 459 458 441 434 339
395 139 431 201 297 392 150 468 267 211 233 548 556 0 205 252 639 282 609 318 267 67 332 371 229 570 198 516 454 358 297 169 252 226 147 146 115 122 217
356 210 392 114 258 353 63 429 76 186 42 509 517 205 0 165 600 243 570 279 228 138 293 332 38 531 7 477 415 319 258 82 213 187 60 59 90 83 178
403 257 439 115 305 400 108 476 227 233 193 556 564 252 165 0 647 290 617 326 275 185 340 379 189 578 158 524 462 366 305 83 260 234 105 106 137 130 225
582 644 354 596 484 579 545 391 662 620 628 279 163 639 600 647 0 469 108 363 454 572 519 294 624 69 593 123 185 281 342 564 439 413 542 541 524 517 422
173 287 261 239 45 170 188 298 305 263 271 378 386 282 243 290 469 0 439 148 15 215 110 201 267 400 236 346 284 188 127 207 30 56 185 184 167 160 65
552 614 324 566 454 549 515 361 632 590 598 249 133 609 570 617 108 439 0 333 424 542 489 264 594 39 563 93 155 251 312 534 409 383 512 511 494 487 392
261 323 155 275 163 258 224 192 341 299 307 272 280 318 279 326 363 148 333 0 133 251 198 95 303 294 272 240 178 82 21 243 118 92 221 220 203 196 101
158 272 246 224 30 155 173 283 290 248 256 363 371 267 228 275 454 15 424 133 0 200 95 186 252 385 221 331 269 173 112 192 15 41 170 169 152 145 50
328 72 364 134 230 325 83 401 200 144 166 481 489 67 138 185 572 215 542 251 200 0 265 304 162 503 131 449 387 291 230 102 185 159 80 79 48 55 150
63 337 311 289 125 60 238 348 355 313 321 428 436 332 293 340 519 110 489 198 95 265 0 251 317 450 286 396 334 238 177 257 80 106 235 234 217 210 115
314 376 60 328 216 311 277 97 394 352 360 203 211 371 332 379 294 201 264 95 186 304 251 0 356 225 325 171 109 13 74 296 171 145 274 273 256 249 154
380 234 416 138 282 377 87 453 38 210 4 533 541 229 38 189 624 267 594 303 252 162 317 356 0 555 31 501 439 343 282 106 237 211 84 83 114 107 202
513 575 285 527 415 510 476 322 593 551 559 210 94 570 531 578 69 400 39 294 385 503 450 225 555 0 524 54 116 212 273 495 370 344 473 472 455 448 353
349 203 385 107 251 346 56 422 69 179 35 502 510 198 7 158 593 236 563 272 221 131 286 325 31 524 0 470 408 312 251 75 206 180 53 52 83 76 171
459 521 231 473 361 456 422 268 539 497 505 156 40 516 477 524 123 346 93 240 331 449 396 171 501 54 470 0 62 158 219 441 316 290 419 418 401 394 299
397 459 169 411 299 394 360 206 477 435 443 94 102 454 415 462 185 284 155 178 269 387 334 109 439 116 408 62 0 96 157 379 254 228 357 356 339 332 237
301 363 73 315 203 298 264 110 381 339 347 190 198 358 319 366 281 188 251 82 173 291 238 13 343 212 312 158 96 0 61 283 158 132 261 260 243 236 141
240 302 134 254 142 237 203 171 320 278 286 251 259 297 258 305 342 127 312 21 112 230 177 74 282 273 251 219 157 61 0 222 97 71 200 199 182 175 80
320 174 356 32 222 317 25 393 144 150 110 473 481 169 82 83 564 207 534 243 192 102 257 296 106 495 75 441 379 283 222 0 177 151 22 23 54 47 142
143 257 231 209 45 140 158 268 275 233 241 348 356 252 213 260 439 30 409 118 15 185 80 171 237 370 206 316 254 158 97 177 0 26 155 154 137 130 35
169 231 205 183 71 166 132 242 249 207 215 322 330 226 187 234 413 56 383 92 41 159 106 145 211 344 180 290 228 132 71 151 26 0 129 128 111 104 9
298 152 334 54 200 295 3 371 122 128 88 451 459 147 60 105 542 185 512 221 170 80 235 274 84 473 53 419 357 261 200 22 155 129 0 1 32 25 120
297 151 333 55 199 294 4 370 121 127 87 450 458 146 59 106 541 184 511 220 169 79 234 273 83 472 52 418 356 260 199 23 154 128 1 0 31 24 119
280 120 316 86 182 277 35 353 152 96 118 433 441 115 90 137 524 167 494 203 152 48 217 256 114 455 83 401 339 243 182 54 137 111 32 31 0 7 102
273 127 309 79 175 270 28 346 145 103 111 426 434 122 83 130 517 160 487 196 145 55 210 249 107 448 76 394 332 236 175 47 130 104 25 24 7 0 95
178 222 214 174 80 175 123 251 240 198 206 331 339 217 178 225 422 65 392 101 50 150 115 154 202 353 171 299 237 141 80 142 35 9 120 119 102 95 0
