0 312 352 310 360 374 260 224 204 417 433 71 413 266 311 226 335 268 262 390 255 315 310 253 253 24 133 255 253 352 244 295 185 170 210 248 202 148 247
312 0 345 292 115 364 340 265 168 395 392 314 406 168 300 105 366 305 156 234 155 114 343 61 98 251 183 318 284 343 120 298 245 177 207 123 138 162 263
352 345 0 197 392 388 308 309 319 519 101 368 405 376 118 233 326 336 324 456 256 388 371 344 264 326 198 336 334 29 218 70 242 199 136 235 204 176 250
310 292 197 0 337 336 209 182 211 427 272 233 327 285 209 208 250 299 238 333 202 290 325 217 227 209 144 238 284 228 178 93 128 99 26 160 100 126 135
360 115 392 337 0 430 302 307 187 518 454 345 454 243 388 212 390 391 255 127 198 -4 398 82 211 305 210 341 302 406 208 355 264 217 261 160 222 203 325
374 364 388 336 430 0 91 282 298 354 489 282 345 392 380 272 386 305 328 485 324 375 293 339 321 270 228 271 55 418 286 315 171 212 232 234 219 252 291
260 340 308 209 302 91 0 231 260 304 402 285 252 294 266 249 304 244 310 415 238 346 226 275 190 228 152 204 -27 327 192 278 98 85 192 179 165 154 227
224 265 309 182 307 282 231 0 231 334 387 148 334 205 242 190 253 294 245 323 158 242 238 223 167 170 42 206 214 319 121 182 77 126 124 139 53 124 156
204 168 319 211 187 298 260 231 0 446 363 255 357 106 308 83 261 310 39 190 7 134 339 110 26 228 125 273 261 326 55 242 154 161 136 80 111 104 187
417 395 519 427 518 354 304 334 446 0 490 408 191 419 427 344 454 210 392 535 390 432 97 356 377 363 238 147 305 486 367 375 230 310 335 329 338 294 381
433 392 101 272 454 489 402 387 363 490 0 377 472 385 125 322 376 412 340 519 320 428 445 372 315 337 261 331 366 67 301 91 292 264 170 248 260 188 318
71 314 368 233 345 282 285 148 255 408 377 0 400 319 342 235 350 309 240 421 274 328 326 249 274 66 65 216 264 333 232 299 189 123 178 228 164 141 249
413 406 405 327 454 345 252 334 357 191 472 400 0 349 440 307 405 185 431 508 326 425 -10 359 358 311 253 139 320 435 292 387 217 241 328 240 262 283 343
266 168 376 285 243 392 294 205 106 419 385 319 349 0 354 123 345 317 71 279 87 202 325 144 13 298 143 280 288 314 56 271 192 168 172 130 151 202 266
311 300 118 209 388 380 266 242 308 427 125 342 440 354 0 231 336 323 281 447 274 390 326 334 249 315 197 305 327 125 227 58 245 193 113 222 162 156 220
226 105 233 208 212 272 249 190 83 344 322 235 307 123 231 0 272 216 112 190 106 139 249 108 95 185 102 150 174 269 32 155 113 77 134 -17 63 67 123
335 366 326 250 390 386 304 253 261 454 376 350 405 345 336 272 0 341 325 408 300 357 366 333 294 323 203 259 301 395 269 266 273 164 179 161 197 91 91
268 305 336 299 391 305 244 294 310 210 412 309 185 317 323 216 341 0 302 391 255 325 121 251 282 265 162 21 211 360 264 294 137 164 178 261 149 199 257
262 156 324 238 255 328 310 245 39 392 340 240 431 71 281 112 325 302 0 295 23 181 332 138 1 258 151 241 291 292 103 267 159 166 173 61 111 184 239
390 234 456 333 127 485 415 323 190 535 519 421 508 279 447 190 408 391 295 0 264 123 414 125 197 318 244 370 385 457 217 403 284 269 288 219 238 247 335
255 155 256 202 198 324 238 158 7 390 320 274 326 87 274 106 300 255 23 264 0 191 324 122 5 191 129 203 212 304 63 221 96 82 120 58 102 143 221
315 114 388 290 -4 375 346 242 134 432 428 328 425 202 390 139 357 325 181 123 191 0 362 73 148 294 162 295 295 384 126 262 218 165 194 133 147 259 251
310 343 371 325 398 293 226 238 339 97 445 326 -10 325 326 249 366 121 332 414 324 362 0 300 289 321 148 43 250 389 246 298 137 203 264 245 210 211 280
253 61 344 217 82 339 275 223 110 356 372 249 359 144 334 108 333 251 138 125 122 73 300 0 86 203 119 246 298 300 5 196 130 104 162 38 114 116 232
253 98 264 227 211 321 190 167 26 377 315 274 358 13 249 95 294 282 1 197 5 148 289 86 0 203 112 205 202 315 30 181 176 157 106 20 110 119 146
24 251 326 209 305 270 228 170 228 363 337 66 311 298 315 185 323 265 258 318 191 294 321 203 203 0 109 220 245 329 167 195 146 87 162 162 143 111 248
133 183 198 144 210 228 152 42 125 238 261 65 253 143 197 102 203 162 151 244 129 162 148 119 112 109 0 130 162 172 108 184 34 -11 109 80 22 51 84
255 318 336 238 341 271 204 206 273 147 331 216 139 280 305 150 259 21 241 370 203 295 43 246 205 220 130 0 162 302 204 194 47 110 138 181 138 122 149
253 284 334 284 302 55 -27 214 261 305 366 264 320 288 327 174 301 211 291 385 212 295 250 298 202 245 162 162 0 368 237 246 40 120 170 184 166 132 172
352 343 29 228 406 418 327 319 326 486 67 333 435 314 125 269 395 360 292 457 304 384 389 300 315 329 172 302 368 0 250 42 222 180 153 241 157 205 231
244 120 218 178 208 286 192 121 55 367 301 232 292 56 227 32 269 264 103 217 63 126 246 5 30 167 108 204 237 250 0 152 120 79 84 60 55 100 142
295 298 70 93 355 315 278 182 242 375 91 299 387 271 58 155 266 294 267 403 221 262 298 196 181 195 184 194 246 42 152 0 155 118 53 174 97 107 178
185 245 242 128 264 171 98 77 154 230 292 189 217 192 245 113 273 137 159 284 96 218 137 130 176 146 34 47 40 222 120 155 0 38 142 92 48 59 112
170 177 199 99 217 212 85 126 161 310 264 123 241 168 193 77 164 164 166 269 82 165 203 104 157 87 -11 110 120 180 79 118 38 0 54 31 -15 61 100
210 207 136 26 261 232 192 124 136 335 170 178 328 172 113 134 179 178 173 288 120 194 264 162 106 162 109 138 170 153 84 53 142 54 0 94 68 20 157
248 123 235 160 160 234 179 139 80 329 248 228 240 130 222 -17 161 261 61 219 58 133 245 38 20 162 80 181 184 241 60 174 92 31 94 0 49 66 63
202 138 204 100 222 219 165 53 111 338 260 164 262 151 162 63 197 149 111 238 102 147 210 114 110 143 22 138 166 157 55 97 48 -15 68 49 0 34 80
148 162 176 126 203 252 154 124 104 294 188 141 283 202 156 67 91 199 184 247 143 259 211 116 119 111 51 122 132 205 100 107 59 61 20 66 34 0 70
247 263 250 135 325 291 227 156 187 381 318 249 343 266 220 123 91 257 239 335 221 251 280 232 146 248 84 149 172 231 142 178 112 100 157 63 80 70 0
