0 295 459 481 382 303 334 365 385 242 576 414 566 668 625 654 380 71 434 543 296 283 565 581 387 360 546 284 379 64 482 451 207 326 365 159 205 309 211
295 0 344 366 267 280 311 250 362 219 461 299 451 553 510 539 109 238 411 428 273 12 450 466 272 337 431 261 264 231 367 336 184 211 250 136 90 194 96
459 344 0 166 223 444 475 172 526 383 417 255 407 509 466 495 429 402 575 384 437 332 406 422 72 501 387 425 220 395 323 292 348 133 206 300 254 150 248
481 366 166 0 245 466 497 194 548 405 439 277 429 531 488 517 451 424 597 406 459 354 428 444 94 523 409 447 242 417 345 314 370 155 228 322 276 172 270
382 267 223 245 0 367 398 129 449 306 228 38 218 320 277 306 352 325 498 195 360 255 217 233 151 424 198 348 3 318 134 103 271 90 17 223 177 73 171
303 280 444 466 367 0 45 350 120 131 561 399 551 653 610 639 365 246 169 528 7 268 550 566 372 95 531 19 364 239 467 436 96 311 350 144 190 294 196
334 311 475 497 398 45 0 381 151 162 592 430 582 684 641 670 396 277 200 559 38 299 581 597 403 126 562 50 395 270 498 467 127 342 381 175 221 325 227
365 250 172 194 129 350 381 0 432 289 323 161 313 415 372 401 335 308 481 290 343 238 312 328 100 407 293 331 126 301 229 198 254 39 112 206 160 56 154
385 362 526 548 449 120 151 432 0 213 643 481 633 735 692 721 447 328 99 610 113 350 632 648 454 25 613 101 446 321 549 518 178 393 432 226 272 376 278
242 219 383 405 306 131 162 289 213 0 500 338 490 592 549 578 304 185 262 467 124 207 489 505 311 188 470 112 303 178 406 375 35 250 289 83 129 233 135
576 461 417 439 228 561 592 323 643 500 0 260 178 152 237 138 546 519 692 217 554 449 177 65 345 618 30 542 225 512 94 125 465 284 211 417 371 267 365
414 299 255 277 38 399 430 161 481 338 260 0 250 352 309 338 384 357 530 227 392 287 249 265 183 456 230 380 35 350 166 135 303 122 49 255 209 105 203
566 451 407 429 218 551 582 313 633 490 178 250 0 270 61 256 536 509 682 207 544 439 1 183 335 608 148 532 215 502 84 115 455 274 201 407 361 257 355
668 553 509 531 320 653 684 415 735 592 152 352 270 0 329 160 638 611 784 309 646 541 269 87 437 710 122 634 317 604 186 217 557 376 303 509 463 359 457
625 510 466 488 277 610 641 372 692 549 237 309 61 329 0 315 595 568 741 266 603 498 60 242 394 667 207 591 274 561 143 174 514 333 260 466 420 316 414
654 539 495 517 306 639 670 401 721 578 138 338 256 160 315 0 624 597 770 295 632 527 255 73 423 696 108 620 303 590 172 203 543 362 289 495 449 345 443
380 109 429 451 352 365 396 335 447 304 546 384 536 638 595 624 0 323 496 513 358 97 535 551 357 422 516 346 349 316 452 421 269 296 335 221 175 279 181
71 238 402 424 325 246 277 308 328 185 519 357 509 611 568 597 323 0 377 486 239 226 508 524 330 303 489 227 322 7 425 394 150 269 308 102 148 252 154
434 411 575 597 498 169 200 481 99 262 692 530 682 784 741 770 496 377 0 659 162 399 681 697 503 74 662 150 495 370 598 567 227 442 481 275 321 425 327
543 428 384 406 195 528 559 290 610 467 217 227 207 309 266 295 513 486 659 0 521 416 206 222 312 585 187 509 192 479 123 92 432 251 178 384 338 234 332
296 273 437 459 360 7 38 343 113 124 554 392 544 646 603 632 358 239 162 521 0 261 543 559 365 88 524 12 357 232 460 429 89 304 343 137 183 287 189
283 12 332 354 255 268 299 238 350 207 449 287 439 541 498 527 97 226 399 416 261 0 438 454 260 325 419 249 252 219 355 324 172 199 238 124 78 182 84
565 450 406 428 217 550 581 312 632 489 177 249 1 269 60 255 535 508 681 206 543 438 0 182 334 607 147 531 214 501 83 114 454 273 200 406 360 256 354
581 466 422 444 233 566 597 328 648 505 65 265 183 87 242 73 551 524 697 222 559 454 182 0 350 623 35 547 230 517 99 130 470 289 216 422 376 272 370
387 272 72 94 151 372 403 100 454 311 345 183 335 437 394 423 357 330 503 312 365 260 334 350 0 429 315 353 148 323 251 220 276 61 134 228 182 78 176
360 337 501 523 424 95 126 407 25 188 618 456 608 710 667 696 422 303 74 585 88 325 607 623 429 0 588 76 421 296 524 493 153 368 407 201 247 351 253
546 431 387 409 198 531 562 293 613 470 30 230 148 122 207 108 516 489 662 187 524 419 147 35 315 588 0 512 195 482 64 95 435 254 181 387 341 237 335
284 261 425 447 348 19 50 331 101 112 542 380 532 634 591 620 346 227 150 509 12 249 531 547 353 76 512 0 345 220 448 417 77 292 331 125 171 275 177
379 264 220 242 3 364 395 126 446 303 225 35 215 317 274 303 349 322 495 192 357 252 214 230 148 421 195 345 0 315 131 100 268 87 14 220 174 70 168
64 231 395 417 318 239 270 301 321 178 512 350 502 604 561 590 316 7 370 479 232 219 501 517 323 296 482 220 315 0 418 387 143 262 301 95 141 245 147
482 367 323 345 134 467 498 229 549 406 94 166 84 186 143 172 452 425 598 123 460 355 83 99 251 524 64 448 131 418 0 31 371 190 117 323 277 173 271
451 336 292 314 103 436 467 198 518 375 125 135 115 217 174 203 421 394 567 92 429 324 114 130 220 493 95 417 100 387 31 0 340 159 86 292 246 142 240
207 184 348 370 271 96 127 254 178 35 465 303 455 557 514 543 269 150 227 432 89 172 454 470 276 153 435 77 268 143 371 340 0 215 254 48 94 198 100
326 211 133 155 90 311 342 39 393 250 284 122 274 376 333 362 296 269 442 251 304 199 273 289 61 368 254 292 87 262 190 159 215 0 73 167 121 17 115
365 250 206 228 17 350 381 112 432 289 211 49 201 303 260 289 335 308 481 178 343 238 200 216 134 407 181 331 14 301 117 86 254 73 0 206 160 56 154
159 136 300 322 223 144 175 206 226 83 417 255 407 509 466 495 221 102 275 384 137 124 406 422 228 201 387 125 220 95 323 292 48 167 206 0 46 150 52
205 90 254 276 177 190 221 160 272 129 371 209 361 463 420 449 175 148 321 338 183 78 360 376 182 247 341 171 174 141 277 246 94 121 160 46 0 104 6
309 194 150 172 73 294 325 56 376 233 267 105 257 359 316 345 279 252 425 234 287 182 256 272 78 351 237 275 70 245 173 142 198 17 56 150 104 0 98
211 96 248 270 171 196 227 154 278 135 365 203 355 457 414 443 181 154 327 332 189 84 354 370 176 253 335 177 168 147 271 240 100 115 154 52 6 98 0
