0 507 360 469 233 100 386 342 432 444 432 329 470 482 378 520 486 255 452 273 205 458 92 282 383 444 369 391 323 269 217 449 123 170 351 345 361 290 228
507 0 527 396 494 423 313 509 359 229 359 496 637 73 305 447 653 516 619 440 466 49 415 449 310 611 296 558 490 436 384 376 384 337 278 272 146 217 279
360 527 0 489 347 276 406 138 452 464 452 151 292 502 398 540 308 369 274 199 319 478 268 78 403 266 389 213 145 91 143 469 237 190 371 365 381 310 248
469 396 489 0 456 385 153 471 211 333 211 458 599 371 157 91 615 478 581 402 428 347 377 411 162 573 148 520 452 398 346 20 346 299 118 124 250 179 241
233 494 347 456 0 149 373 329 419 431 419 316 457 469 365 507 473 78 439 260 28 445 141 269 370 431 356 378 310 256 204 436 110 157 338 332 348 277 215
100 423 276 385 149 0 302 258 348 360 348 245 386 398 294 436 402 171 368 189 121 374 8 198 299 360 285 307 239 185 133 365 39 86 267 261 277 206 144
386 313 406 153 373 302 0 388 128 250 128 375 516 288 74 204 532 395 498 319 345 264 294 328 79 490 65 437 369 315 263 133 263 216 35 41 167 96 158
342 509 138 471 329 258 388 0 434 446 434 133 274 484 380 522 290 351 256 181 301 460 250 60 385 248 371 195 127 73 125 451 219 172 353 347 363 292 230
432 359 452 211 419 348 128 434 0 296 98 421 562 334 72 262 578 441 544 365 391 310 340 374 49 536 63 483 415 361 309 191 309 262 93 87 213 142 204
444 229 464 333 431 360 250 446 296 0 296 433 574 204 242 384 590 453 556 377 403 180 352 386 247 548 233 495 427 373 321 313 321 274 215 209 83 154 216
432 359 452 211 419 348 128 434 98 296 0 421 562 334 72 262 578 441 544 365 391 310 340 374 49 536 63 483 415 361 309 191 309 262 93 87 213 142 204
329 496 151 458 316 245 375 133 421 433 421 0 153 471 367 509 169 338 135 168 288 447 237 73 372 127 358 74 6 60 112 438 206 159 340 334 350 279 217
470 637 292 599 457 386 516 274 562 574 562 153 0 612 508 650 174 479 140 309 429 588 378 214 513 132 499 79 147 201 253 579 347 300 481 475 491 420 358
482 73 502 371 469 398 288 484 334 204 334 471 612 0 280 422 628 491 594 415 441 24 390 424 285 586 271 533 465 411 359 351 359 312 253 247 121 192 254
378 305 398 157 365 294 74 380 72 242 72 367 508 280 0 208 524 387 490 311 337 256 286 320 23 482 9 429 361 307 255 137 255 208 39 33 159 88 150
520 447 540 91 507 436 204 522 262 384 262 509 650 422 208 0 666 529 632 453 479 398 428 462 213 624 199 571 503 449 397 71 397 350 169 175 301 230 292
486 653 308 615 473 402 532 290 578 590 578 169 174 628 524 666 0 495 50 325 445 604 394 230 529 42 515 95 163 217 269 595 363 316 497 491 507 436 374
255 516 369 478 78 171 395 351 441 453 441 338 479 491 387 529 495 0 461 282 50 467 163 291 392 453 378 400 332 278 226 458 132 179 360 354 370 299 237
452 619 274 581 439 368 498 256 544 556 544 135 140 594 490 632 50 461 0 291 411 570 360 196 495 8 481 61 129 183 235 561 329 282 463 457 473 402 340
273 440 199 402 260 189 319 181 365 377 365 168 309 415 311 453 325 282 291 0 232 391 181 121 316 283 302 230 162 108 56 382 150 103 284 278 294 223 161
205 466 319 428 28 121 345 301 391 403 391 288 429 441 337 479 445 50 411 232 0 417 113 241 342 403 328 350 282 228 176 408 82 129 310 304 320 249 187
458 49 478 347 445 374 264 460 310 180 310 447 588 24 256 398 604 467 570 391 417 0 366 400 261 562 247 509 441 387 335 327 335 288 229 223 97 168 230
92 415 268 377 141 8 294 250 340 352 340 237 378 390 286 428 394 163 360 181 113 366 0 190 291 352 277 299 231 177 125 357 31 78 259 253 269 198 136
282 449 78 411 269 198 328 60 374 386 374 73 214 424 320 462 230 291 196 121 241 400 190 0 325 188 311 135 67 13 65 391 159 112 293 287 303 232 170
383 310 403 162 370 299 79 385 49 247 49 372 513 285 23 213 529 392 495 316 342 261 291 325 0 487 14 434 366 312 260 142 260 213 44 38 164 93 155
444 611 266 573 431 360 490 248 536 548 536 127 132 586 482 624 42 453 8 283 403 562 352 188 487 0 473 53 121 175 227 553 321 274 455 449 465 394 332
369 296 389 148 356 285 65 371 63 233 63 358 499 271 9 199 515 378 481 302 328 247 277 311 14 473 0 420 352 298 246 128 246 199 30 24 150 79 141
391 558 213 520 378 307 437 195 483 495 483 74 79 533 429 571 95 400 61 230 350 509 299 135 434 53 420 0 68 122 174 500 268 221 402 396 412 341 279
323 490 145 452 310 239 369 127 415 427 415 6 147 465 361 503 163 332 129 162 282 441 231 67 366 121 352 68 0 54 106 432 200 153 334 328 344 273 211
269 436 91 398 256 185 315 73 361 373 361 60 201 411 307 449 217 278 183 108 228 387 177 13 312 175 298 122 54 0 52 378 146 99 280 274 290 219 157
217 384 143 346 204 133 263 125 309 321 309 112 253 359 255 397 269 226 235 56 176 335 125 65 260 227 246 174 106 52 0 326 94 47 228 222 238 167 105
449 376 469 20 436 365 133 451 191 313 191 438 579 351 137 71 595 458 561 382 408 327 357 391 142 553 128 500 432 378 326 0 326 279 98 104 230 159 221
123 384 237 346 110 39 263 219 309 321 309 206 347 359 255 397 363 132 329 150 82 335 31 159 260 321 246 268 200 146 94 326 0 47 228 222 238 167 105
170 337 190 299 157 86 216 172 262 274 262 159 300 312 208 350 316 179 282 103 129 288 78 112 213 274 199 221 153 99 47 279 47 0 181 175 191 120 58
351 278 371 118 338 267 35 353 93 215 93 340 481 253 39 169 497 360 463 284 310 229 259 293 44 455 30 402 334 280 228 98 228 181 0 6 132 61 123
345 272 365 124 332 261 41 347 87 209 87 334 475 247 33 175 491 354 457 278 304 223 253 287 38 449 24 396 328 274 222 104 222 175 6 0 126 55 117
361 146 381 250 348 277 167 363 213 83 213 350 491 121 159 301 507 370 473 294 320 97 269 303 164 465 150 412 344 290 238 230 238 191 132 126 0 71 133
290 217 310 179 277 206 96 292 142 154 142 279 420 192 88 230 436 299 402 223 249 168 198 232 93 394 79 341 273 219 167 159 167 120 61 55 71 0 62
228 279 248 241 215 144 158 230 204 216 204 217 358 254 150 292 374 237 340 161 187 230 136 170 155 332 141 279 211 157 105 221 105 58 123 117 133 62 0
