0 424 445 321 321 262 65 397 519 516 479 540 446 532 415 184 357 577 643 173 525 333 443 474 408 27 380 352 105 409 79 280 416 258 364 90 149 236 295
424 0 468 364 230 564 431 164 292 269 529 282 211 321 437 330 413 383 371 495 288 76 230 222 272 395 159 114 432 504 344 150 426 170 330 277 260 301 350
445 468 0 151 395 617 447 475 601 581 90 639 507 622 101 402 370 633 705 544 625 387 560 493 521 432 481 432 509 61 449 410 114 353 206 405 246 245 298
321 364 151 0 204 416 329 310 421 476 233 407 430 438 142 261 165 515 519 380 446 290 404 351 406 262 344 271 364 142 238 211 109 210 46 228 86 102 86
321 230 395 204 0 377 326 250 256 276 394 299 180 330 332 236 210 345 403 378 321 176 239 183 268 310 143 185 340 314 250 115 306 23 243 205 93 155 182
262 564 617 416 377 0 255 491 629 652 607 635 544 652 582 225 480 688 719 118 675 446 508 601 566 256 471 485 106 507 180 463 469 359 409 218 343 330 381
65 431 447 329 326 255 0 381 476 499 531 493 443 484 423 154 357 564 696 239 485 342 487 404 486 56 360 367 167 472 69 335 410 241 300 126 261 276 301
397 164 475 310 250 491 381 0 272 204 496 265 201 254 440 336 385 334 369 437 291 92 161 142 162 379 125 82 424 488 354 64 372 100 252 323 201 208 285
519 292 601 421 256 629 476 272 0 120 607 301 236 321 543 463 454 369 481 556 376 194 93 286 311 456 238 152 515 554 466 133 438 226 396 428 303 407 370
516 269 581 476 276 652 499 204 120 0 629 302 265 333 531 471 454 405 446 601 342 201 53 245 248 471 197 181 501 549 474 159 451 289 359 414 287 367 400
479 529 90 233 394 607 531 496 607 629 0 574 537 607 148 428 392 658 685 531 640 459 502 514 565 475 477 507 523 84 459 420 138 345 242 409 288 253 260
540 282 639 407 299 635 493 265 301 302 574 0 116 263 529 474 462 270 388 544 257 172 273 96 165 507 70 154 582 546 456 145 499 270 456 416 332 384 379
446 211 507 430 180 544 443 201 236 265 537 116 0 194 411 401 390 250 299 453 254 131 174 4 134 411 52 60 434 438 348 109 348 158 248 315 261 298 291
532 321 622 438 330 652 484 254 321 333 607 263 194 0 539 442 447 210 260 564 135 234 231 130 95 483 142 194 514 545 466 201 501 228 433 395 298 351 396
415 437 101 142 332 582 423 440 543 531 148 529 411 539 0 387 287 539 582 433 550 391 427 444 450 402 409 374 475 137 301 335 47 287 125 326 259 181 208
184 330 402 261 236 225 154 336 463 471 428 474 401 442 387 0 315 530 579 218 476 301 386 356 354 123 320 273 155 363 106 269 313 177 235 44 136 195 204
357 413 370 165 210 480 357 385 454 454 392 462 390 447 287 315 0 486 576 445 488 320 402 345 463 309 411 298 372 314 267 255 276 166 120 233 135 129 79
577 383 633 515 345 688 564 334 369 405 658 270 250 210 539 530 486 0 122 623 27 293 322 216 198 528 146 214 638 647 473 285 518 320 480 473 372 429 458
643 371 705 519 403 719 696 369 481 446 685 388 299 260 582 579 576 122 0 627 104 304 336 250 185 583 206 303 677 644 558 267 570 358 490 485 447 417 493
173 495 544 380 378 118 239 437 556 601 531 544 453 564 433 218 445 623 627 0 613 375 504 461 466 169 439 429 60 514 120 383 399 295 361 200 207 299 312
525 288 625 446 321 675 485 291 376 342 640 257 254 135 550 476 488 27 104 613 0 141 246 189 98 492 151 170 605 565 440 139 503 258 414 417 378 391 423
333 76 387 290 176 446 342 92 194 201 459 172 131 234 391 301 320 293 304 375 141 0 179 83 131 302 62 20 341 404 273 17 289 87 241 195 90 142 208
443 230 560 404 239 508 487 161 93 53 502 273 174 231 427 386 402 322 336 504 246 179 0 142 248 397 117 103 442 440 367 140 406 206 352 304 262 286 350
474 222 493 351 183 601 404 142 286 245 514 96 4 130 444 356 345 216 250 461 189 83 142 0 113 395 -1 51 427 450 397 112 361 166 295 321 183 227 320
408 272 521 406 268 566 486 162 311 248 565 165 134 95 450 354 463 198 185 466 98 131 248 113 0 404 73 113 454 482 384 106 386 191 345 344 234 275 325
27 395 432 262 310 256 56 379 456 471 475 507 411 483 402 123 309 528 583 169 492 302 397 395 404 0 328 332 153 390 52 322 359 255 275 58 177 166 206
380 159 481 344 143 471 360 125 238 197 477 70 52 142 409 320 411 146 206 439 151 62 117 -1 73 328 0 75 372 415 357 65 378 155 257 261 193 213 291
352 114 432 271 185 485 367 82 152 181 507 154 60 194 374 273 298 214 303 429 170 20 103 51 113 332 75 0 423 426 280 32 289 126 260 251 160 198 230
105 432 509 364 340 106 167 424 515 501 523 582 434 514 475 155 372 638 677 60 605 341 442 427 454 153 372 423 0 469 49 361 372 300 332 135 244 233 343
409 504 61 142 314 507 472 488 554 549 84 546 438 545 137 363 314 647 644 514 565 404 440 450 482 390 415 426 469 0 398 327 36 288 147 345 217 165 224
79 344 449 238 250 180 69 354 466 474 459 456 348 466 301 106 267 473 558 120 440 273 367 397 384 52 357 280 49 398 0 276 308 225 233 66 139 216 222
280 150 410 211 115 463 335 64 133 159 420 145 109 201 335 269 255 285 267 383 139 17 140 112 106 322 65 32 361 327 276 0 314 61 172 226 105 142 169
416 426 114 109 306 469 410 372 438 451 138 499 348 501 47 313 276 518 570 399 503 289 406 361 386 359 378 289 372 36 308 314 0 221 108 234 187 148 182
258 170 353 210 23 359 241 100 226 289 345 270 158 228 287 177 166 320 358 295 258 87 206 166 191 255 155 126 300 288 225 61 221 0 148 153 68 125 153
364 330 206 46 243 409 300 252 396 359 242 456 248 433 125 235 120 480 490 361 414 241 352 295 345 275 257 260 332 147 233 172 108 148 0 181 113 16 128
90 277 405 228 205 218 126 323 428 414 409 416 315 395 326 44 233 473 485 200 417 195 304 321 344 58 261 251 135 345 66 226 234 153 181 0 125 94 124
149 260 246 86 93 343 261 201 303 287 288 332 261 298 259 136 135 372 447 207 378 90 262 183 234 177 193 160 244 217 139 105 187 68 113 125 0 75 56
236 301 245 102 155 330 276 208 407 367 253 384 298 351 181 195 129 429 417 299 391 142 286 227 275 166 213 198 233 165 216 142 148 125 16 94 75 0 81
295 350 298 86 182 381 301 285 370 400 260 379 291 396 208 204 79 458 493 312 423 208 350 320 325 206 291 230 343 224 222 169 182 153 128 124 56 81 0
