0 303 444 319 244 193 156 245 271 235 455 393 369 340 395 113 260 395 386 189 361 227 251 313 288 23 279 236 131 353 41 246 322 194 354 99 189 256 268
303 0 391 288 187 402 411 160 156 171 423 319 263 306 408 242 221 297 324 525 311 139 150 235 222 341 261 107 337 378 267 131 319 144 308 260 133 238 235
444 391 0 212 395 635 550 420 388 381 204 528 512 540 249 374 344 538 528 555 515 392 383 476 427 449 394 340 490 115 466 305 153 321 185 402 326 268 252
319 288 212 0 210 409 416 201 240 251 131 372 327 370 126 186 106 334 402 410 302 184 245 353 247 304 273 204 362 123 265 168 43 149 82 194 162 34 64
244 187 395 210 0 348 340 71 93 132 377 266 237 277 300 178 189 263 226 322 220 80 82 226 120 239 149 109 243 304 212 38 262 28 173 124 28 123 157
193 402 635 409 348 0 270 304 354 359 558 492 415 460 481 176 373 509 501 153 481 297 359 438 343 191 379 306 74 504 142 321 415 270 417 189 287 382 400
156 411 550 416 340 270 0 372 370 351 492 475 380 495 547 163 415 435 450 304 428 329 375 511 396 81 425 281 168 473 160 339 412 301 383 171 285 318 349
245 160 420 201 71 304 372 0 52 129 375 295 157 247 316 172 179 215 160 357 217 64 130 215 89 232 133 38 276 316 209 1 211 20 183 171 25 134 145
271 156 388 240 93 354 370 52 0 24 352 207 169 197 361 164 188 205 238 372 203 47 46 157 166 265 127 69 237 316 201 78 226 21 235 189 61 139 136
235 171 381 251 132 359 351 129 24 0 335 211 156 222 340 220 251 189 197 361 181 63 49 175 103 254 159 46 268 276 232 55 245 62 229 230 50 204 241
455 423 204 131 377 558 492 375 352 335 0 497 406 496 225 333 297 477 467 591 474 356 326 410 414 429 415 296 469 43 375 256 129 318 127 356 237 245 244
393 319 528 372 266 492 475 295 207 211 497 0 51 188 446 332 370 206 190 525 190 206 196 7 105 390 29 188 387 439 329 216 367 199 351 356 162 307 328
369 263 512 327 237 415 380 157 169 156 406 51 0 104 430 272 245 163 104 411 145 167 156 -25 71 329 77 111 354 387 332 187 360 163 297 289 131 245 231
340 306 540 370 277 460 495 247 197 222 496 188 104 0 414 304 346 185 200 473 165 230 212 165 75 355 94 198 409 380 312 185 388 175 372 303 178 261 284
395 408 249 126 300 481 547 316 361 340 225 446 430 414 0 337 282 461 425 496 477 305 319 424 381 370 371 308 352 125 408 305 99 279 143 385 188 166 245
113 242 374 186 178 176 163 172 164 220 333 332 272 304 337 0 287 286 360 140 271 133 179 294 281 49 218 138 107 310 37 144 212 109 260 31 92 186 121
260 221 344 106 189 373 415 179 188 251 297 370 245 346 282 287 0 356 367 361 292 215 229 248 249 327 279 196 330 203 259 139 181 156 134 277 154 57 13
395 297 538 334 263 509 435 215 205 189 477 206 163 185 461 286 356 0 -10 475 -11 187 168 161 62 386 93 174 410 437 360 178 433 215 400 268 185 299 249
386 324 528 402 226 501 450 160 238 197 467 190 104 200 425 360 367 -10 0 477 21 203 248 173 110 402 100 158 380 407 390 163 368 185 369 318 216 322 325
189 525 555 410 322 153 304 357 372 361 591 525 411 473 496 140 361 475 477 0 490 336 357 431 378 180 394 322 116 514 148 313 435 301 407 168 236 386 354
361 311 515 302 220 481 428 217 203 181 474 190 145 165 477 271 292 -11 21 490 0 216 207 143 52 380 75 104 407 422 372 198 383 179 323 298 208 270 264
227 139 392 184 80 297 329 64 47 63 356 206 167 230 305 133 215 187 203 336 216 0 30 196 119 152 143 51 252 250 145 61 231 49 174 187 87 133 128
251 150 383 245 82 359 375 130 46 49 326 196 156 212 319 179 229 168 248 357 207 30 0 174 109 255 94 34 246 298 198 51 198 47 188 165 68 150 170
313 235 476 353 226 438 511 215 157 175 410 7 -25 165 424 294 248 161 173 431 143 196 174 0 16 338 54 116 370 420 319 127 334 142 318 258 134 242 246
288 222 427 247 120 343 396 89 166 103 414 105 71 75 381 281 249 62 110 378 52 119 109 16 0 286 -26 82 317 318 256 121 306 164 231 233 150 158 177
23 341 449 304 239 191 81 232 265 254 429 390 329 355 370 49 327 386 402 180 380 152 255 338 286 0 267 241 107 357 26 206 347 145 361 70 172 232 175
279 261 394 273 149 379 425 133 127 159 415 29 77 94 371 218 279 93 100 394 75 143 94 54 -26 267 0 101 288 332 280 95 305 89 229 200 98 199 162
236 107 340 204 109 306 281 38 69 46 296 188 111 198 308 138 196 174 158 322 104 51 34 116 82 241 101 0 216 306 181 40 203 -9 196 147 90 101 139
131 337 490 362 243 74 168 276 237 268 469 387 354 409 352 107 330 410 380 116 407 252 246 370 317 107 288 216 0 360 92 210 346 194 310 36 177 242 274
353 378 115 123 304 504 473 316 316 276 43 439 387 380 125 310 203 437 407 514 422 250 298 420 318 357 332 306 360 0 316 250 66 196 112 295 233 144 183
41 267 466 265 212 142 160 209 201 232 375 329 332 312 408 37 259 360 390 148 372 145 198 319 256 26 280 181 92 316 0 138 301 119 267 28 140 163 213
246 131 305 168 38 321 339 1 78 55 256 216 187 185 305 144 139 178 163 313 198 61 51 127 121 206 95 40 210 250 138 0 223 12 153 128 73 77 122
322 319 153 43 262 415 412 211 226 245 129 367 360 388 99 212 181 433 368 435 383 231 198 334 306 347 305 203 346 66 301 223 0 178 25 290 116 111 119
194 144 321 149 28 270 301 20 21 62 318 199 163 175 279 109 156 215 185 301 179 49 47 142 164 145 89 -9 194 196 119 12 178 0 124 92 23 93 91
354 308 185 82 173 417 383 183 235 229 127 351 297 372 143 260 134 400 369 407 323 174 188 318 231 361 229 196 310 112 267 153 25 124 0 226 78 70 71
99 260 402 194 124 189 171 171 189 230 356 356 289 303 385 31 277 268 318 168 298 187 165 258 233 70 200 147 36 295 28 128 290 92 226 0 92 177 199
189 133 326 162 28 287 285 25 61 50 237 162 131 178 188 92 154 185 216 236 208 87 68 134 150 172 98 90 177 233 140 73 116 23 78 92 0 45 85
256 238 268 34 123 382 318 134 139 204 245 307 245 261 166 186 57 299 322 386 270 133 150 242 158 232 199 101 242 144 163 77 111 93 70 177 45 0 25
268 235 252 64 157 400 349 145 136 241 244 328 231 284 245 121 13 249 325 354 264 128 170 246 177 175 162 139 274 183 213 122 119 91 71 199 85 25 0
