     25
object000 0 186 506 413 424 329 133 534 392 466 358 629 728 485 508 301 542 500 485 286 457 341 601 257 205
object001 186 0 518 458 445 375 207 502 332 431 405 542 604 359 503 455 517 548 573 376 469 339 564 320 403
object002 506 518 0 207 471 336 493 435 425 481 306 465 459 432 80 678 169 200 387 587 408 610 357 700 605
object003 413 458 207 0 335 381 522 189 320 427 118 441 399 357 -22 675 86 102 364 645 405 549 380 620 592
object004 424 445 471 335 0 240 602 456 136 235 462 472 606 328 401 624 486 433 505 671 183 572 488 561 624
object005 329 375 336 381 240 0 319 270 246 278 293 425 395 62 346 546 253 373 391 487 223 585 506 542 542
object006 133 207 493 522 602 319 0 478 487 562 451 624 656 419 548 136 610 509 580 103 514 222 625 281 153
object007 534 502 435 189 456 270 478 0 474 493 101 138 283 418 221 704 318 369 130 589 382 684 253 516 684
object008 392 332 425 320 136 246 487 474 0 53 326 502 547 199 451 626 524 539 497 623 116 660 492 474 624
object009 466 431 481 427 235 278 562 493 53 0 397 572 571 376 524 634 518 563 476 665 212 558 568 618 720
object010 358 405 306 118 462 293 451 101 326 397 0 197 295 307 249 584 300 392 141 571 278 570 255 557 675
object011 629 542 465 441 472 425 624 138 502 572 197 0 79 593 361 715 469 469 272 809 501 753 263 741 759
object012 728 604 459 399 606 395 656 283 547 571 295 79 0 464 415 701 418 353 317 751 537 789 166 730 784
object013 485 359 432 357 328 62 419 418 199 376 307 593 464 0 399 544 469 490 420 679 327 620 457 530 560
object014 508 503 80 -22 401 346 548 221 451 524 249 361 415 399 0 589 139 138 479 530 348 617 397 560 679
object015 301 455 678 675 624 546 136 704 626 634 584 715 701 544 589 0 621 698 774 288 527 291 720 305 314
object016 542 517 169 86 486 253 610 318 524 518 300 469 418 469 139 621 0 40 333 787 540 653 330 702 684
object017 500 548 200 102 433 373 509 369 539 563 392 469 353 490 138 698 40 0 493 690 414 696 439 701 685
object018 485 573 387 364 505 391 580 130 497 476 141 272 317 420 479 774 333 493 0 857 549 833 268 727 799
object019 286 376 587 645 671 487 103 589 623 665 571 809 751 679 530 288 787 690 857 0 597 387 681 248 352
object020 457 469 408 405 183 223 514 382 116 212 278 501 537 327 348 527 540 414 549 597 0 651 517 541 630
object021 341 339 610 549 572 585 222 684 660 558 570 753 789 620 617 291 653 696 833 387 651 0 756 286 282
object022 601 564 357 380 488 506 625 253 492 568 255 263 166 457 397 720 330 439 268 681 517 756 0 652 811
object023 257 320 700 620 561 542 281 516 474 618 557 741 730 530 560 305 702 701 727 248 541 286 652 0 84
object024 205 403 605 592 624 542 153 684 624 720 675 759 784 560 679 314 684 685 799 352 630 282 811 84 0
