0 195 260 336 293 285 250 482 339 346 406 358 430 253 417 550 432 500 494 450 285 451 178 248 284
195 0 201 277 234 226 333 423 280 287 347 299 371 194 358 491 373 441 435 391 226 392 261 331 367
260 201 0 98 263 255 398 272 309 316 196 328 192 223 179 340 194 290 284 420 255 421 326 396 432
336 277 98 0 339 331 474 348 385 392 272 404 104 299 91 416 106 366 360 496 331 497 402 472 508
293 234 263 339 0 202 431 485 164 171 409 261 433 170 420 553 435 503 497 353 188 354 359 429 465
285 226 255 331 202 0 423 477 248 255 401 267 425 92 412 545 427 495 489 359 194 360 351 421 457
250 333 398 474 431 423 0 620 477 484 544 496 568 391 555 688 570 638 632 588 423 589 186 256 116
482 423 272 348 485 477 620 0 531 538 228 550 442 445 429 234 444 120 114 642 477 643 548 618 654
339 280 309 385 164 248 477 531 0 79 455 307 479 216 466 599 481 549 543 399 234 400 405 475 511
346 287 316 392 171 255 484 538 79 0 462 314 486 223 473 606 488 556 550 406 241 407 412 482 518
406 347 196 272 409 401 544 228 455 462 0 474 366 369 353 296 368 246 240 566 401 567 472 542 578
358 299 328 404 261 267 496 550 307 314 474 0 498 235 485 618 500 568 562 200 137 201 424 494 530
430 371 192 104 433 425 568 442 479 486 366 498 0 393 127 510 20 460 454 590 425 591 496 566 602
253 194 223 299 170 92 391 445 216 223 369 235 393 0 380 513 395 463 457 327 162 328 319 389 425
417 358 179 91 420 412 555 429 466 473 353 485 127 380 0 497 129 447 441 577 412 578 483 553 589
550 491 340 416 553 545 688 234 599 606 296 618 510 513 497 0 512 252 246 710 545 711 616 686 722
432 373 194 106 435 427 570 444 481 488 368 500 20 395 129 512 0 462 456 592 427 593 498 568 604
500 441 290 366 503 495 638 120 549 556 246 568 460 463 447 252 462 0 66 660 495 661 566 636 672
494 435 284 360 497 489 632 114 543 550 240 562 454 457 441 246 456 66 0 654 489 655 560 630 666
450 391 420 496 353 359 588 642 399 406 566 200 590 327 577 710 592 660 654 0 229 107 516 586 622
285 226 255 331 188 194 423 477 234 241 401 137 425 162 412 545 427 495 489 229 0 230 351 421 457
451 392 421 497 354 360 589 643 400 407 567 201 591 328 578 711 593 661 655 107 230 0 517 587 623
178 261 326 402 359 351 186 548 405 412 472 424 496 319 483 616 498 566 560 516 351 517 0 122 220
248 331 396 472 429 421 256 618 475 482 542 494 566 389 553 686 568 636 630 586 421 587 122 0 290
284 367 432 508 465 457 116 654 511 518 578 530 602 425 589 722 604 672 666 622 457 623 220 290 0
