0 182 194 313 105 332 219 295 145 307 293 335 363 181 177 249 289 301 351 225 267 419 262 332 183
182 0 190 303 101 322 329 143 255 297 283 325 353 177 287 239 279 291 341 73 115 409 258 322 179
194 190 0 321 105 340 341 303 267 315 301 343 371 181 299 257 297 309 359 233 275 427 262 340 183
313 303 321 0 232 275 460 416 386 226 114 278 282 308 418 192 232 244 270 346 388 240 389 153 310
105 101 105 232 0 251 252 214 178 226 212 254 282 86 210 168 208 220 270 144 186 338 167 251 88
332 322 340 275 251 0 479 435 405 269 255 201 325 327 437 115 155 107 313 365 407 381 408 294 329
219 329 341 460 252 479 0 442 138 454 440 482 510 328 82 396 436 448 498 372 414 566 409 479 330
295 143 303 416 214 435 442 0 368 410 396 438 466 290 400 352 392 404 454 92 182 522 371 435 292
145 255 267 386 178 405 138 368 0 380 366 408 436 254 96 322 362 374 424 298 340 492 335 405 256
307 297 315 226 226 269 454 410 380 0 206 272 198 302 412 186 226 238 186 340 382 332 383 245 304
293 283 301 114 212 255 440 396 366 206 0 258 262 288 398 172 212 224 250 326 368 164 369 77 290
335 325 343 278 254 201 482 438 408 272 258 0 328 330 440 110 122 170 316 368 410 384 411 297 332
363 353 371 282 282 325 510 466 436 198 262 328 0 358 468 242 282 294 162 396 438 388 439 301 360
181 177 181 308 86 327 328 290 254 302 288 330 358 0 286 244 284 296 346 220 262 414 129 327 44
177 287 299 418 210 437 82 400 96 412 398 440 468 286 0 354 394 406 456 330 372 524 367 437 288
249 239 257 192 168 115 396 352 322 186 172 110 242 244 354 0 64 84 230 282 324 298 325 211 246
289 279 297 232 208 155 436 392 362 226 212 122 282 284 394 64 0 124 270 322 364 338 365 251 286
301 291 309 244 220 107 448 404 374 238 224 170 294 296 406 84 124 0 282 334 376 350 377 263 298
351 341 359 270 270 313 498 454 424 186 250 316 162 346 456 230 270 282 0 384 426 376 427 289 348
225 73 233 346 144 365 372 92 298 340 326 368 396 220 330 282 322 334 384 0 112 452 301 365 222
267 115 275 388 186 407 414 182 340 382 368 410 438 262 372 324 364 376 426 112 0 494 343 407 264
419 409 427 240 338 381 566 522 492 332 164 384 388 414 524 298 338 350 376 452 494 0 495 101 416
262 258 262 389 167 408 409 371 335 383 369 411 439 129 367 325 365 377 427 301 343 495 0 408 131
332 322 340 153 251 294 479 435 405 245 77 297 301 327 437 211 251 263 289 365 407 101 408 0 329
183 179 183 310 88 329 330 292 256 304 290 332 360 44 288 246 286 298 348 222 264 416 131 329 0
