0 225 371 399 509 458 144 389 579 550 350 256 556 500 472 414 492 527 502 244 474 574 548 507 143
225 0 246 274 384 333 177 264 454 425 225 289 431 375 347 289 367 402 377 277 349 449 423 382 176
371 246 0 66 310 259 323 106 380 351 67 435 223 301 139 131 159 244 219 423 275 375 349 308 322
399 274 66 0 338 287 351 134 408 379 95 463 235 329 151 159 171 272 247 451 303 403 377 336 350
509 384 310 338 0 229 461 328 130 189 289 573 495 271 411 353 431 466 441 561 113 213 99 146 460
458 333 259 287 229 0 410 277 299 270 238 522 444 88 360 302 380 415 390 510 194 294 268 227 409
144 177 323 351 461 410 0 341 531 502 302 140 508 452 424 366 444 479 454 128 426 526 500 459 83
389 264 106 134 328 277 341 0 398 369 83 453 291 319 207 127 227 144 119 441 293 393 367 326 340
579 454 380 408 130 299 531 398 0 259 359 643 565 341 481 423 501 536 511 631 183 283 121 216 530
550 425 351 379 189 270 502 369 259 0 330 614 536 312 452 394 472 507 482 602 142 154 228 87 501
350 225 67 95 289 238 302 83 359 330 0 414 252 280 168 108 188 221 196 402 254 354 328 287 301
256 289 435 463 573 522 140 453 643 614 414 0 620 564 536 478 556 591 566 48 538 638 612 571 195
556 431 223 235 495 444 508 291 565 536 252 620 0 486 168 316 94 429 404 608 460 560 534 493 507
500 375 301 329 271 88 452 319 341 312 280 564 486 0 402 344 422 457 432 552 236 336 310 269 451
472 347 139 151 411 360 424 207 481 452 168 536 168 402 0 232 104 345 320 524 376 476 450 409 423
414 289 131 159 353 302 366 127 423 394 108 478 316 344 232 0 252 265 240 466 318 418 392 351 365
492 367 159 171 431 380 444 227 501 472 188 556 94 422 104 252 0 365 340 544 396 496 470 429 443
527 402 244 272 466 415 479 144 536 507 221 591 429 457 345 265 365 0 145 579 431 531 505 464 478
502 377 219 247 441 390 454 119 511 482 196 566 404 432 320 240 340 145 0 554 406 506 480 439 453
244 277 423 451 561 510 128 441 631 602 402 48 608 552 524 466 544 579 554 0 526 626 600 559 183
474 349 275 303 113 194 426 293 183 142 254 538 460 236 376 318 396 431 406 526 0 166 152 99 425
574 449 375 403 213 294 526 393 283 154 354 638 560 336 476 418 496 531 506 626 166 0 252 97 525
548 423 349 377 99 268 500 367 121 228 328 612 534 310 450 392 470 505 480 600 152 252 0 185 499
507 382 308 336 146 227 459 326 216 87 287 571 493 269 409 351 429 464 439 559 99 97 185 0 458
143 176 322 350 460 409 83 340 530 501 301 195 507 451 423 365 443 478 453 183 425 525 499 458 0
