     25
object000 0 287 271 254 138 321 123 270 168 370 298 422 377 186 142 289 260 325 341 168 276 452 222 311 160
object001 287 0 217 352 122 344 371 253 250 291 263 297 372 199 184 235 340 237 401 106 91 440 251 329 219
object002 271 217 0 394 134 434 405 298 266 333 383 313 413 210 246 306 196 307 312 256 252 410 286 370 212
object003 254 352 394 0 280 258 504 413 439 163 110 261 294 270 347 122 203 174 268 246 377 238 363 115 222
object004 138 122 134 280 0 196 272 167 84 97 178 271 248 69 243 275 216 160 308 179 188 334 134 247 109
object005 321 344 434 258 196 0 455 417 426 268 275 259 314 308 416 149 236 65 234 380 413 399 429 221 350
object006 123 371 405 504 272 455 0 408 172 470 482 436 472 254 -5 449 438 448 495 359 470 662 396 442 286
object007 270 253 298 413 167 417 408 0 367 403 417 445 377 207 467 339 388 211 509 61 176 649 383 459 312
object008 168 250 266 439 84 426 172 367 0 414 448 434 447 257 104 397 472 386 385 358 308 403 318 388 325
object009 370 291 333 163 97 268 470 403 414 0 247 327 309 235 392 211 193 244 222 253 371 310 426 219 261
object010 298 263 383 110 178 275 482 417 448 247 0 229 268 268 465 211 273 233 191 366 352 157 371 74 377
object011 422 297 313 261 271 259 436 445 434 327 229 0 379 362 433 131 88 171 279 312 381 462 431 270 341
object012 377 372 413 294 248 314 472 377 447 309 268 379 0 395 499 252 257 259 203 388 441 332 478 370 410
object013 186 199 210 270 69 308 254 207 257 235 268 362 395 0 319 243 287 300 304 222 305 440 147 328 81
object014 142 184 246 347 243 416 -5 467 104 392 465 433 499 319 0 380 351 357 451 357 361 556 395 466 181
object015 289 235 306 122 275 149 449 339 397 211 211 131 252 243 380 0 99 26 203 373 349 318 360 128 295
object016 260 340 196 203 216 236 438 388 472 193 273 88 257 287 351 99 0 80 277 338 387 331 405 252 315
object017 325 237 307 174 160 65 448 211 386 244 233 171 259 300 357 26 80 0 307 336 362 351 408 392 232
object018 341 401 312 268 308 234 495 509 385 222 191 279 203 304 451 203 277 307 0 385 430 425 494 364 354
object019 168 106 256 246 179 380 359 61 358 253 366 312 388 222 357 373 338 336 385 0 136 554 340 370 309
object020 276 91 252 377 188 413 470 176 308 371 352 381 441 305 361 349 387 362 430 136 0 411 373 377 174
object021 452 440 410 238 334 399 662 649 403 310 157 462 332 440 556 318 331 351 425 554 411 0 452 116 468
object022 222 251 286 363 134 429 396 383 318 426 371 431 478 147 395 360 405 408 494 340 373 452 0 387 224
object023 311 329 370 115 247 221 442 459 388 219 74 270 370 328 466 128 252 392 364 370 377 116 387 0 402
object024 160 219 212 222 109 350 286 312 325 261 377 341 410 81 181 295 315 232 354 309 174 468 224 402 0
