     25
object000 0 187 199 299 316 300 368 353 387 478 158 297 441 304 331 262 367 305 180 384 290 466 603 244 201
object001 187 0 243 177 246 190 236 319 276 375 148 313 303 138 207 202 326 306 211 349 286 396 485 110 165
object002 199 243 0 104 190 192 238 259 333 491 183 352 229 197 188 220 216 322 353 429 379 484 543 427 340
object003 299 177 104 0 290 287 263 397 328 427 230 433 103 257 100 237 143 369 447 392 313 437 521 391 387
object004 316 246 190 290 0 171 281 98 68 231 253 433 390 219 288 200 392 366 387 417 210 292 400 348 316
object005 300 190 192 287 171 0 367 302 273 361 132 453 452 54 351 233 335 303 355 337 241 418 445 354 381
object006 368 236 238 263 281 367 0 339 338 492 181 359 309 226 368 90 307 257 355 185 312 462 466 374 303
object007 353 319 259 397 98 302 339 0 95 279 216 566 428 201 454 303 447 437 413 414 114 310 490 412 477
object008 387 276 333 328 68 273 338 95 0 341 325 566 423 297 426 322 377 497 380 394 215 376 481 407 329
object009 478 375 491 427 231 361 492 279 341 0 405 604 573 323 575 440 469 529 591 593 239 87 184 463 545
object010 158 148 183 230 253 132 181 216 325 405 0 280 332 225 301 162 313 199 272 295 298 364 504 222 262
object011 297 313 352 433 433 453 359 566 566 604 280 0 542 408 650 468 451 496 46 520 541 636 747 334 230
object012 441 303 229 103 390 452 309 428 423 573 332 542 0 430 243 338 117 482 526 501 577 635 689 612 485
object013 304 138 197 257 219 54 226 201 297 323 225 408 430 0 324 238 266 362 351 332 335 460 377 277 194
object014 331 207 188 100 288 351 368 454 426 575 301 650 243 324 0 302 130 357 468 474 503 555 623 483 407
object015 262 202 220 237 200 233 90 303 322 440 162 468 338 238 302 0 342 138 409 170 278 357 538 312 317
object016 367 326 216 143 392 335 307 447 377 469 313 451 117 266 130 342 0 429 435 465 467 584 562 509 548
object017 305 306 322 369 366 303 257 437 497 529 199 496 482 362 357 138 429 0 459 5 466 488 650 475 345
object018 180 211 353 447 387 355 355 413 380 591 272 46 526 351 468 409 435 459 0 445 570 567 575 276 139
object019 384 349 429 392 417 337 185 414 394 593 295 520 501 332 474 170 465 5 445 0 535 610 719 509 398
object020 290 286 379 313 210 241 312 114 215 239 298 541 577 335 503 278 467 466 570 535 0 260 366 418 409
object021 466 396 484 437 292 418 462 310 376 87 364 636 635 460 555 357 584 488 567 610 260 0 245 616 530
object022 603 485 543 521 400 445 466 490 481 184 504 747 689 377 623 538 562 650 575 719 366 245 0 770 660
object023 244 110 427 391 348 354 374 412 407 463 222 334 612 277 483 312 509 475 276 509 418 616 770 0 212
object024 201 165 340 387 316 381 303 477 329 545 262 230 485 194 407 317 548 345 139 398 409 530 660 212 0
