0 282 254 353 298 373 212 528 349 348 484 332 480 152 378 498 354 559 502 396 314 538 234 292 257
282 0 270 299 256 146 327 406 213 252 320 338 260 175 352 545 377 381 430 363 200 444 275 310 392
254 270 0 42 289 300 365 367 246 275 203 259 217 223 180 321 170 347 325 409 264 440 319 334 386
353 299 42 0 293 285 468 368 316 319 269 302 57 256 65 451 63 411 382 395 304 408 453 503 527
298 256 289 293 0 187 366 428 97 127 364 225 399 243 463 596 456 449 485 415 130 345 341 451 481
373 146 300 285 187 0 480 441 187 325 381 228 360 46 261 608 452 481 441 376 150 356 336 464 380
212 327 365 468 366 480 0 583 445 388 559 622 538 406 545 629 569 591 519 613 456 628 223 250 121
528 406 367 368 428 441 583 0 573 581 263 525 482 520 490 259 431 152 307 634 505 707 484 531 612
349 213 246 316 97 187 445 573 0 91 498 282 480 210 474 672 547 587 586 423 233 450 384 446 490
348 252 275 319 127 325 388 581 91 0 439 309 528 225 449 653 525 644 501 346 243 407 394 573 533
484 320 203 269 364 381 559 263 498 439 0 527 358 270 292 280 368 209 314 551 485 497 461 512 593
332 338 259 302 225 228 622 525 282 309 527 0 421 228 482 670 558 531 520 211 157 145 477 512 582
480 260 217 57 399 360 538 482 480 528 358 421 0 367 122 418 88 460 406 655 398 558 531 565 614
152 175 223 256 243 46 406 520 210 225 270 228 367 0 326 566 398 454 494 281 185 341 317 457 389
378 352 180 65 463 261 545 490 474 449 292 482 122 326 0 450 215 432 433 572 384 480 464 506 589
498 545 321 451 596 608 629 259 672 653 280 670 418 566 450 0 538 314 335 710 571 698 645 672 750
354 377 170 63 456 452 569 431 547 525 368 558 88 398 215 538 0 457 485 591 421 580 449 603 492
559 381 347 411 449 481 591 152 587 644 209 531 460 454 432 314 457 0 98 676 458 664 463 661 693
502 430 325 382 485 441 519 307 586 501 314 520 406 494 433 335 485 98 0 576 418 693 519 646 637
396 363 409 395 415 376 613 634 423 346 551 211 655 281 572 710 591 676 576 0 215 30 540 664 552
314 200 264 304 130 150 456 505 233 243 485 157 398 185 384 571 421 458 418 215 0 339 323 445 402
538 444 440 408 345 356 628 707 450 407 497 145 558 341 480 698 580 664 693 30 339 0 578 604 655
234 275 319 453 341 336 223 484 384 394 461 477 531 317 464 645 449 463 519 540 323 578 0 46 205
292 310 334 503 451 464 250 531 446 573 512 512 565 457 506 672 603 661 646 664 445 604 46 0 366
257 392 386 527 481 380 121 612 490 533 593 582 614 389 589 750 492 693 637 552 402 655 205 366 0
